5.301318764686584473e-01
5.375069975852966309e-01
5.403611660003662109e-01
5.419234633445739746e-01
5.446111559867858887e-01
5.467848181724548340e-01
5.468888282775878906e-01
5.488403439521789551e-01
5.513680577278137207e-01
5.542222261428833008e-01
5.547988414764404297e-01
5.531665682792663574e-01
5.523470640182495117e-01
5.534029006958007812e-01
5.566736459732055664e-01
5.547847151756286621e-01
5.507363080978393555e-01
5.523961186408996582e-01
5.556734800338745117e-01
5.547294020652770996e-01
5.552639365196228027e-01
5.556110143661499023e-01
5.548333525657653809e-01
5.557988286018371582e-01
5.562500357627868652e-01
5.559027791023254395e-01
5.553405284881591797e-01
5.579512119293212891e-01
5.559861063957214355e-01
5.571804642677307129e-01
5.567778348922729492e-01
5.644792914390563965e-01
5.859652161598205566e-01
5.902985930442810059e-01
5.968540906906127930e-01
6.021044254302978516e-01
5.966041684150695801e-01
6.034029126167297363e-01
6.012499332427978516e-01
6.044099330902099609e-01
6.025761365890502930e-01
6.031803488731384277e-01
6.062848567962646484e-01
6.019167900085449219e-01
6.077848076820373535e-01
6.051111221313476562e-01
6.066180467605590820e-01
6.096943616867065430e-01
6.083264946937561035e-01
6.073473691940307617e-01
5.988681912422180176e-01
5.916040539741516113e-01
6.137499809265136719e-01
6.207779049873352051e-01
6.288402676582336426e-01
6.342639327049255371e-01
6.386113166809082031e-01
6.407778859138488770e-01
6.427362561225891113e-01
6.438748836517333984e-01
6.447084546089172363e-01
6.457223296165466309e-01
6.507637500762939453e-01
6.483403444290161133e-01
6.554931402206420898e-01
6.524233818054199219e-01
6.513540744781494141e-01
6.537498831748962402e-01
6.573820114135742188e-01
6.635903120040893555e-01
6.794304251670837402e-01
6.812083721160888672e-01
6.823542714118957520e-01
6.814929842948913574e-01
6.798818111419677734e-01
6.781038641929626465e-01
6.674858927726745605e-01
6.616735458374023438e-01
6.572569012641906738e-01
6.545972228050231934e-01
6.604376435279846191e-01
6.591389775276184082e-01
6.558609008789062500e-01
6.600278615951538086e-01
6.605275869369506836e-01
6.594235897064208984e-01
6.586735844612121582e-01
6.599305272102355957e-01
6.608403921127319336e-01
6.599724292755126953e-01
6.571666598320007324e-01
6.626735329627990723e-01
6.594234108924865723e-01
6.629028320312500000e-01
6.609513759613037109e-01
6.600345969200134277e-01
6.559793353080749512e-01
6.759863495826721191e-01
6.872918009757995605e-01
6.902429461479187012e-01
6.998541355133056641e-01
7.047849297523498535e-01
7.051113843917846680e-01
7.067152857780456543e-01
7.093961238861083984e-01
7.082149386405944824e-01
7.140069603919982910e-01
7.140625715255737305e-01
7.123541831970214844e-01
7.154304385185241699e-01
7.158957123756408691e-01
7.152777314186096191e-01
7.179448008537292480e-01
7.172082066535949707e-01
7.144514918327331543e-01
7.165073156356811523e-01
7.185487151145935059e-01
7.164443731307983398e-01
7.156041264533996582e-01
7.155695557594299316e-01
7.130280137062072754e-01
7.178192138671875000e-01
7.171944379806518555e-01
7.198888659477233887e-01
7.201180458068847656e-01
7.196318507194519043e-01
7.199513316154479980e-01
7.220137715339660645e-01
7.227361202239990234e-01
7.204653024673461914e-01
7.234303355216979980e-01
7.212151885032653809e-01
7.226943373680114746e-01
7.195279598236083984e-01
7.243956923484802246e-01
7.280903458595275879e-01
7.224304676055908203e-01
7.186806201934814453e-01
7.237499356269836426e-01
7.211111783981323242e-01
7.220135927200317383e-01
7.221109867095947266e-01
7.234649658203125000e-01
7.207918763160705566e-01
7.240622043609619141e-01
7.246598601341247559e-01
7.235555052757263184e-01
7.272083759307861328e-01
7.247986793518066406e-01
7.247777581214904785e-01
7.217985987663269043e-01
7.242293953895568848e-01
7.225484848022460938e-01
7.207083106040954590e-01
7.222568392753601074e-01
7.199234962463378906e-01
7.235277295112609863e-01
7.249795198440551758e-01
7.225416302680969238e-01
7.238052487373352051e-01
7.251456379890441895e-01
7.249795794486999512e-01
7.211943268775939941e-01
7.228128314018249512e-01
7.219997644424438477e-01
7.205486297607421875e-01
7.207432389259338379e-01
7.254652976989746094e-01
7.270000576972961426e-01
7.230762243270874023e-01
7.225973010063171387e-01
