1.862218319999999849e+01
3.218817629999999497e+01
4.585212349999999759e+01
5.959392379999999889e+01
7.329110239999999976e+01
8.667400119999999220e+01
1.004200888999999961e+02
1.141317750999999987e+02
1.274215476999999908e+02
1.410554602999999929e+02
1.545762048999999934e+02
1.678559831999999972e+02
1.816465028000000075e+02
1.950708222000000092e+02
2.085154613999999924e+02
2.222524189000000092e+02
2.356298102000000085e+02
2.490475295999999901e+02
2.626809872000000041e+02
2.760442004000000225e+02
2.893089269999999829e+02
3.030834012999999914e+02
3.164743771999999922e+02
3.296797354999999925e+02
3.433046137999999701e+02
3.568624310999999807e+02
3.699543471999999724e+02
3.835642043999999942e+02
3.968144752000000040e+02
4.100472174000000223e+02
4.235756360999999970e+02
4.368779354999999782e+02
4.501347245000000044e+02
4.636758810000000040e+02
4.768958791000000019e+02
4.900976790999999935e+02
5.037705953000000250e+02
5.171513794999999618e+02
5.303185226000000512e+02
5.439332010000000537e+02
5.571823911000000180e+02
5.704461654000000408e+02
5.841562502000000450e+02
5.973447340999999824e+02
6.105226993999999650e+02
6.241734556999999768e+02
6.376514489999999569e+02
6.508518337000000429e+02
6.643590768999999909e+02
6.778654225999999881e+02
6.910755540000000110e+02
7.046411279000000150e+02
7.181084031999999979e+02
7.310673616000000266e+02
7.446387072999999646e+02
7.580408264000000145e+02
7.712369582000000037e+02
7.848672077999999601e+02
7.981897537999999486e+02
8.113261091000000533e+02
8.248823125999999775e+02
8.382923240999999734e+02
8.516094262000000299e+02
8.652861784000000398e+02
8.785521194000000378e+02
8.918017078999999967e+02
9.052714572999999518e+02
9.189067674000000352e+02
9.319103195000000142e+02
9.454858394000000317e+02
9.589036654000000226e+02
9.723136477000000468e+02
9.858100580999999920e+02
1.000064813599999979e+03
1.013332606000000055e+03
1.026924295699999902e+03
1.040518461800000068e+03
1.053624731899999915e+03
1.102194924500000070e+03
1.150857953899999984e+03
1.199171673600000076e+03
1.247842021100000011e+03
1.296528953000000001e+03
1.344664336499999990e+03
1.393792969800000037e+03
1.442475618500000110e+03
1.490813445600000023e+03
1.539796037000000069e+03
1.588578519099999994e+03
1.636758438200000001e+03
1.685926018399999975e+03
1.734800273900000093e+03
1.783653089599999930e+03
1.835878742999999986e+03
1.885580634800000098e+03
1.934642341900000019e+03
1.984093773999999939e+03
2.033285738600000059e+03
2.082230197300000327e+03
2.131825707900000452e+03
2.181345322700000452e+03
2.230393579000000045e+03
2.280176688100000320e+03
2.329181367100000443e+03
2.378338849400000072e+03
2.428431655800000044e+03
2.477800662500000271e+03
2.526974902900000416e+03
2.576671152700000221e+03
2.626059093800000028e+03
2.675281799800000044e+03
2.724977616100000432e+03
2.774561521800000264e+03
2.823537142800000311e+03
2.873539131200000156e+03
2.923307560200000353e+03
2.972810999800000445e+03
3.022899508300000434e+03
3.072428787400000147e+03
3.121487113800000316e+03
3.171673841100000118e+03
3.221345433200000116e+03
3.270528022400000282e+03
3.320628776000000016e+03
3.370393108600000232e+03
3.420029427400000259e+03
3.470115628000000015e+03
3.520048039700000118e+03
3.569476243100000374e+03
3.619957691800000248e+03
3.669750709300000381e+03
3.719549673000000439e+03
3.769897930200000246e+03
3.820000386200000321e+03
3.869863161300000229e+03
3.920926956200000404e+03
