5.185185074806213379e-01
5.486111044883728027e-01
5.694444179534912109e-01
5.679976940155029297e-01
5.818865299224853516e-01
5.920138955116271973e-01
5.966435074806213379e-01
6.076388955116271973e-01
6.131365895271301270e-01
6.053240895271301270e-01
6.229745745658874512e-01
6.163194775581359863e-01
6.232638955116271973e-01
6.212384104728698730e-01
6.276041865348815918e-01
6.328125000000000000e-01
6.310763955116271973e-01
6.293402314186096191e-01
6.377314925193786621e-01
6.394675970077514648e-01
6.388888955116271973e-01
6.403356194496154785e-01
6.478587985038757324e-01
6.472800374031066895e-01
6.562500000000000000e-01
6.530671715736389160e-01
6.620370745658874512e-01
6.513310074806213379e-01
6.623263955116271973e-01
6.533564925193786621e-01
6.637731194496154785e-01
6.643518805503845215e-01
6.704282760620117188e-01
6.663773059844970703e-01
6.776620745658874512e-01
6.678240895271301270e-01
6.733217239379882812e-01
6.785300374031066895e-01
6.817129254341125488e-01
6.834490895271301270e-01
6.779513359069824219e-01
6.860532760620117188e-01
6.875000000000000000e-01
6.765046119689941406e-01
6.805555820465087891e-01
6.837384700775146484e-01
6.863425374031066895e-01
6.791087985038757324e-01
6.901041865348815918e-01
6.851851940155029297e-01
6.993634104728698730e-01
6.866319775581359863e-01
6.956018805503845215e-01
6.895254254341125488e-01
6.970486044883728027e-01
6.889467239379882812e-01
7.025463581085205078e-01
7.048611640930175781e-01
7.051504254341125488e-01
7.083333134651184082e-01
6.984953880310058594e-01
7.010995745658874512e-01
7.010995745658874512e-01
7.025462985038757324e-01
7.120949625968933105e-01
7.080439925193786621e-01
7.135416865348815918e-01
7.120949625968933105e-01
7.146990895271301270e-01
7.086226940155029297e-01
7.071759104728698730e-01
7.028356194496154785e-01
7.146990299224853516e-01
7.152778506278991699e-01
7.173032760620117188e-01
7.167245745658874512e-01
7.146990895271301270e-01
6.953994035720825195e-01
7.011284232139587402e-01
7.038193941116333008e-01
7.073785066604614258e-01
7.098091244697570801e-01
7.155382037162780762e-01
7.122396230697631836e-01
7.202256321907043457e-01
7.203993201255798340e-01
7.224825620651245117e-01
7.274305224418640137e-01
7.314236164093017578e-01
7.346353530883789062e-01
7.342881560325622559e-01
7.340277433395385742e-01
7.344618439674377441e-01
7.401909232139587402e-01
7.427083253860473633e-01
7.455729246139526367e-01
7.510417103767395020e-01
7.566840052604675293e-01
7.499132156372070312e-01
7.538194060325622559e-01
7.570312023162841797e-01
7.582464218139648438e-01
7.598959207534790039e-01
7.610243558883666992e-01
7.618923187255859375e-01
7.698784470558166504e-01
7.736979722976684570e-01
7.767360806465148926e-01
7.755208611488342285e-01
7.791665792465209961e-01
7.828124761581420898e-01
7.852430939674377441e-01
7.789930701255798340e-01
7.855035066604614258e-01
7.891493439674377441e-01
7.913194298744201660e-01
7.980902791023254395e-01
7.920138835906982422e-01
7.972222566604614258e-01
8.017360568046569824e-01
7.975693941116333008e-01
8.026908636093139648e-01
8.074652552604675293e-01
8.121527433395385742e-01
8.149305582046508789e-01
8.145834207534790039e-01
8.167535066604614258e-01
8.134548068046569824e-01
8.164062500000000000e-01
8.229166269302368164e-01
8.228298425674438477e-01
8.243055343627929688e-01
8.252604603767395020e-01
8.308159708976745605e-01
8.339409828186035156e-01
8.362847566604614258e-01
8.343750238418579102e-01
8.401908874511718750e-01
8.433159589767456055e-01
8.496527671813964844e-01
8.476562500000000000e-01
8.464409708976745605e-01
8.511284589767456055e-01
8.502603769302368164e-01
8.549478650093078613e-01
8.543402552604675293e-01
8.568575978279113770e-01
8.634549379348754883e-01
8.642360568046569824e-01
8.653645515441894531e-01
8.675347566604614258e-01
8.649305105209350586e-01
8.700521588325500488e-01
8.723958730697631836e-01
8.743056058883666992e-01
8.773437738418579102e-01
8.796006441116333008e-01
8.809896707534790039e-01
8.778645396232604980e-01
8.813368678092956543e-01
8.888021707534790039e-01
8.861110806465148926e-01
8.902777433395385742e-01
8.944443464279174805e-01
8.932291865348815918e-01
8.898437619209289551e-01
8.955729603767395020e-01
8.949653506278991699e-01
8.970486521720886230e-01
8.973957896232604980e-01
9.025174379348754883e-01
9.010416865348815918e-01
9.030382037162780762e-01
9.026042222976684570e-01
9.036458730697631836e-01
9.059027433395385742e-01
9.148438572883605957e-01
