7.739716768264770508e-01
8.220152258872985840e-01
8.468214869499206543e-01
8.631811141967773438e-01
8.730970025062561035e-01
8.811098337173461914e-01
8.875868320465087891e-01
8.897904157638549805e-01
8.930956721305847168e-01
8.981035947799682617e-01
8.978700041770935059e-01
9.013087153434753418e-01
9.031450748443603516e-01
9.069176912307739258e-01
9.086871743202209473e-01
9.084201455116271973e-01
9.091880321502685547e-01
9.121927618980407715e-01
9.111912846565246582e-01
9.122262597084045410e-01
9.147635698318481445e-01
9.141960144042968750e-01
9.180020689964294434e-01
9.168002009391784668e-01
9.183692932128906250e-01
9.189036488533020020e-01
9.156317114830017090e-01
9.200388193130493164e-01
9.188368916511535645e-01
9.199051260948181152e-01
9.214743375778198242e-01
9.224425554275512695e-01
9.222755432128906250e-01
9.208065867424011230e-01
9.228433370590209961e-01
9.224092960357666016e-01
9.228432178497314453e-01
9.249798655509948730e-01
9.260482788085937500e-01
9.271834492683410645e-01
9.270498752593994141e-01
9.248799085617065430e-01
9.257811903953552246e-01
9.275173544883728027e-01
9.284855723381042480e-01
9.269831776618957520e-01
9.257144927978515625e-01
9.277175664901733398e-01
9.302549958229064941e-01
9.285857081413269043e-01
9.289196729660034180e-01
9.289529323577880859e-01
9.295206069946289062e-01
9.282184839248657227e-01
9.304554462432861328e-01
9.287527799606323242e-01
9.298877716064453125e-01
9.294871687889099121e-01
9.298545122146606445e-01
9.342280626296997070e-01
9.295539855957031250e-01
9.304888248443603516e-01
9.299212694168090820e-01
9.328926801681518555e-01
9.288527369499206543e-01
9.321247339248657227e-01
9.340276718139648438e-01
9.331931471824645996e-01
9.313234090805053711e-01
9.329594969749450684e-01
9.321914911270141602e-01
9.338608384132385254e-01
9.350627660751342773e-01
9.324252009391784668e-01
9.331931471824645996e-01
9.340944290161132812e-01
9.342280626296997070e-01
9.350962042808532715e-01
9.338274598121643066e-01
9.341278076171875000e-01
9.333934187889099121e-01
9.316906332969665527e-01
9.345953464508056641e-01
9.342280626296997070e-01
9.337940812110900879e-01
9.334268569946289062e-01
9.344283342361450195e-01
9.367654323577880859e-01
9.346621632575988770e-01
9.371327161788940430e-01
9.347957372665405273e-01
9.359976053237915039e-01
9.365651607513427734e-01
9.346621036529541016e-01
9.375000000000000000e-01
9.376668334007263184e-01
9.367988109588623047e-01
9.367654323577880859e-01
9.360978007316589355e-01
9.371661543846130371e-01
9.024044275283813477e-01
9.034237265586853027e-01
9.038780331611633301e-01
9.060683250427246094e-01
9.049276113510131836e-01
9.051497578620910645e-01
9.052407145500183105e-01
9.062198400497436523e-01
9.054122567176818848e-01
9.067849516868591309e-01
9.084906578063964844e-01
9.088641405105590820e-01
9.085007309913635254e-01
9.068757891654968262e-01
9.083092212677001953e-01
9.080263972282409668e-01
9.089955091476440430e-01
9.071282744407653809e-01
9.080466628074645996e-01
9.078449010848999023e-01
9.073300957679748535e-01
9.093589782714843750e-01
9.078144431114196777e-01
9.081678986549377441e-01
9.078449010848999023e-01
9.087430238723754883e-01
9.095001816749572754e-01
9.084705710411071777e-01
9.092276692390441895e-01
9.086523056030273438e-01
9.092981815338134766e-01
9.065226316452026367e-01
9.074915647506713867e-01
9.087330102920532227e-01
9.073804616928100586e-01
9.074005484580993652e-01
9.066537618637084961e-01
9.081375002861022949e-01
9.078550338745117188e-01
9.074208736419677734e-01
9.078750610351562500e-01
9.075016379356384277e-01
9.075621962547302246e-01
9.066134691238403320e-01
9.072490930557250977e-01
9.065731167793273926e-01
9.054325222969055176e-01
9.067243337631225586e-01
9.068656563758850098e-01
9.077237844467163086e-01
9.073199033737182617e-01
9.073604345321655273e-01
9.064014554023742676e-01
9.067649245262145996e-01
9.073904156684875488e-01
9.076833724975585938e-01
9.081881046295166016e-01
9.075824022293090820e-01
9.064116477966308594e-01
9.061692953109741211e-01
9.065426588058471680e-01
9.066841006278991699e-01
9.074814319610595703e-01
9.077539443969726562e-01
9.076026082038879395e-01
9.078651070594787598e-01
9.080567359924316406e-01
9.071281552314758301e-01
9.075522422790527344e-01
9.082485437393188477e-01
9.056240320205688477e-01
9.074108004570007324e-01
9.069261550903320312e-01
9.076631069183349609e-01
9.084705710411071777e-01
9.076429605484008789e-01
9.071584939956665039e-01
9.066134691238403320e-01
