1.234043315052986145e-01
1.060388758778572083e-01
9.260287135839462280e-02
8.592993021011352539e-02
7.355455309152603149e-02
6.607497483491897583e-02
5.739860609173774719e-02
5.141526460647583008e-02
4.338356480002403259e-02
3.915445879101753235e-02
3.461157158017158508e-02
3.092330880463123322e-02
2.825702354311943054e-02
2.701651863753795624e-02
2.560894936323165894e-02
2.406986057758331299e-02
2.253961563110351562e-02
2.333054505288600922e-02
2.173128165304660797e-02
1.983667351305484772e-02
2.158931829035282135e-02
2.034915611147880554e-02
2.005237527191638947e-02
1.930522918701171875e-02
1.948524080216884613e-02
1.846834830939769745e-02
1.894658617675304413e-02
1.820532791316509247e-02
1.755562238395214081e-02
1.815445907413959503e-02
1.669338531792163849e-02
1.629068702459335327e-02
1.712110452353954315e-02
1.722577214241027832e-02
1.764594204723834991e-02
1.684927567839622498e-02
1.668979972600936890e-02
1.497417688369750977e-02
1.470873877406120300e-02
1.564359292387962341e-02
1.561575010418891907e-02
1.626602187752723694e-02
1.599521376192569733e-02
1.530326716601848602e-02
1.505868043750524521e-02
1.397022046148777008e-02
1.547485869377851486e-02
1.342448871582746506e-02
1.480278186500072479e-02
1.461447682231664658e-02
1.305697299540042877e-02
1.323849428445100784e-02
1.390993688255548477e-02
1.338460110127925873e-02
1.318713836371898651e-02
1.405621320009231567e-02
2.268049307167530060e-02
2.203948050737380981e-02
2.180738374590873718e-02
2.227597124874591827e-02
2.122305519878864288e-02
2.143248356878757477e-02
2.126418426632881165e-02
2.037745900452136993e-02
1.959282159805297852e-02
1.952566765248775482e-02
1.902694441378116608e-02
1.869941502809524536e-02
1.841136999428272247e-02
1.811232790350914001e-02
1.736606471240520477e-02
1.817282475531101227e-02
1.813829690217971802e-02
1.789321005344390869e-02
1.790224201977252960e-02
1.769094914197921753e-02
1.741168834269046783e-02
1.692957803606987000e-02
1.680663786828517914e-02
1.655997894704341888e-02
1.673007570207118988e-02
1.642754487693309784e-02
1.601365022361278534e-02
1.634623482823371887e-02
1.643459126353263855e-02
1.633797213435173035e-02
1.607322320342063904e-02
1.555636432021856308e-02
1.564721018075942993e-02
1.528925355523824692e-02
1.581541635096073151e-02
1.559483818709850311e-02
1.528652571141719818e-02
1.522166933864355087e-02
1.558956690132617950e-02
1.485816854983568192e-02
1.514875236898660660e-02
1.489794347435235977e-02
1.437431573867797852e-02
1.426898688077926636e-02
1.426966395229101181e-02
1.479453593492507935e-02
1.472389325499534607e-02
1.478854566812515259e-02
