8.784585595130920410e-01
8.822920918464660645e-01
8.822727203369140625e-01
8.822917342185974121e-01
8.822773694992065430e-01
8.822800517082214355e-01
8.822823762893676758e-01
8.822919726371765137e-01
8.822754025459289551e-01
8.822824358940124512e-01
8.822775483131408691e-01
8.822849988937377930e-01
8.822848796844482422e-01
8.822773694992065430e-01
8.822801113128662109e-01
8.822942972183227539e-01
8.822750449180603027e-01
8.822681903839111328e-01
8.822606801986694336e-01
8.822728395462036133e-01
8.822847604751586914e-01
8.822728991508483887e-01
8.822656869888305664e-01
8.822847604751586914e-01
8.822799324989318848e-01
8.822726011276245117e-01
8.822844028472900391e-01
8.822704553604125977e-01
8.822847604751586914e-01
8.822824358940124512e-01
8.822872042655944824e-01
8.822754025459289551e-01
8.822852373123168945e-01
8.822726011276245117e-01
8.822775483131408691e-01
8.822798132896423340e-01
8.822846412658691406e-01
8.822919130325317383e-01
8.822703361511230469e-01
8.822872042655944824e-01
8.822824358940124512e-01
8.822727799415588379e-01
8.822877407073974609e-01
8.822750449180603027e-01
8.822799324989318848e-01
8.822776675224304199e-01
8.822633624076843262e-01
8.822922110557556152e-01
8.822778463363647461e-01
8.822727799415588379e-01
8.822869062423706055e-01
8.822705149650573730e-01
8.822824358940124512e-01
8.822847008705139160e-01
8.822680115699768066e-01
8.822724819183349609e-01
8.822943568229675293e-01
8.822873830795288086e-01
8.822801113128662109e-01
8.822800517082214355e-01
8.822776675224304199e-01
8.822654485702514648e-01
8.822968602180480957e-01
8.822679519653320312e-01
8.822727203369140625e-01
8.822680711746215820e-01
8.822872638702392578e-01
8.822897076606750488e-01
8.822920918464660645e-01
8.822848796844482422e-01
8.822917342185974121e-01
8.822801113128662109e-01
8.822677135467529297e-01
8.822680115699768066e-01
8.822826743125915527e-01
8.822799324989318848e-01
8.822727799415588379e-01
8.822871446609497070e-01
8.822801113128662109e-01
8.822871446609497070e-01
8.822919726371765137e-01
8.822774887084960938e-01
8.822801113128662109e-01
8.822774887084960938e-01
8.822801113128662109e-01
8.822702765464782715e-01
8.822773694992065430e-01
8.822680115699768066e-01
8.822847008705139160e-01
8.822896480560302734e-01
8.822826147079467773e-01
8.822844028472900391e-01
8.822824954986572266e-01
8.822944760322570801e-01
8.822799324989318848e-01
8.822845816612243652e-01
8.822702765464782715e-01
8.822966217994689941e-01
8.822702765464782715e-01
8.822677731513977051e-01
