2.277135550975799561e-01
1.911436170339584351e-01
1.735093146562576294e-01
1.600108444690704346e-01
1.485244035720825195e-01
1.367019265890121460e-01
1.248192638158798218e-01
1.128456890583038330e-01
1.018994674086570740e-01
9.115185588598251343e-02
8.091439306735992432e-02
6.925810873508453369e-02
6.094877794384956360e-02
5.288312956690788269e-02
4.489773884415626526e-02
3.965106233954429626e-02
3.445723652839660645e-02
3.076089173555374146e-02
2.729385904967784882e-02
2.475151233375072479e-02
2.187709324061870575e-02
2.011041343212127686e-02
1.831812039017677307e-02
1.699296198785305023e-02
1.571837253868579865e-02
1.456663105636835098e-02
1.320889685302972794e-02
1.196466758847236633e-02
1.124863792210817337e-02
1.026247069239616394e-02
9.752618148922920227e-03
9.399632923305034637e-03
8.885500952601432800e-03
8.283074945211410522e-03
8.056553080677986145e-03
7.782289292663335800e-03
7.410421501845121384e-03
7.445466704666614532e-03
6.830963306128978729e-03
6.901584099978208542e-03
6.874787155538797379e-03
6.601982284337282181e-03
6.555639673024415970e-03
6.040814332664012909e-03
5.976900923997163773e-03
6.018865387886762619e-03
6.153192836791276932e-03
5.772517994046211243e-03
5.666878074407577515e-03
5.588835570961236954e-03
5.691892001777887344e-03
5.484465509653091431e-03
5.300327669829130173e-03
5.154434591531753540e-03
5.323988851159811020e-03
5.287955049425363541e-03
5.379128269851207733e-03
5.032957065850496292e-03
5.155430175364017487e-03
5.082389339804649353e-03
5.111521575599908829e-03
4.938709083944559097e-03
4.978833720088005066e-03
4.998700693249702454e-03
4.681468009948730469e-03
4.771381616592407227e-03
4.704579245299100876e-03
4.682435654103755951e-03
4.671107977628707886e-03
4.618078935891389847e-03
4.540147725492715836e-03
4.479052498936653137e-03
4.403733182698488235e-03
4.385954700410366058e-03
4.468908067792654037e-03
4.425311461091041565e-03
4.401404410600662231e-03
4.173506051301956177e-03
4.516763612627983093e-03
9.916190057992935181e-03
8.250004611909389496e-03
7.759635336697101593e-03
7.362358272075653076e-03
7.133773528039455414e-03
6.889802869409322739e-03
6.542617455124855042e-03
6.275724619626998901e-03
6.213128101080656052e-03
6.146251689642667770e-03
5.738394800573587418e-03
5.809226073324680328e-03
5.469022784382104874e-03
5.528060253709554672e-03
5.317509640008211136e-03
5.286070518195629120e-03
5.016836803406476974e-03
5.033073946833610535e-03
4.870963282883167267e-03
4.919189959764480591e-03
4.785191267728805542e-03
4.611915443092584610e-03
4.599236417561769485e-03
4.516945220530033112e-03
4.291428718715906143e-03
4.395322408527135849e-03
4.319259431213140488e-03
4.233179613947868347e-03
4.245615098625421524e-03
4.374301526695489883e-03
