9.227585792541503906e-01
9.207635521888732910e-01
9.212239384651184082e-01
9.198195934295654297e-01
9.203822612762451172e-01
9.207915067672729492e-01
9.206054806709289551e-01
9.072830080986022949e-01
9.339417219161987305e-01
9.525398015975952148e-01
9.561711549758911133e-01
9.573025107383728027e-01
9.585279226303100586e-01
9.595457315444946289e-01
9.600752592086791992e-01
9.610083699226379395e-01
9.616695642471313477e-01
9.620211124420166016e-01
9.625709056854248047e-01
9.628385305404663086e-01
9.631900787353515625e-01
9.636197686195373535e-01
9.637724161148071289e-01
9.640256166458129883e-01
9.647779464721679688e-01
9.648820757865905762e-01
9.647127985954284668e-01
9.650990962982177734e-01
9.654955267906188965e-01
9.652076363563537598e-01
9.659230113029479980e-01
9.656018614768981934e-01
9.653479456901550293e-01
9.660488963127136230e-01
9.661183357238769531e-01
9.663367867469787598e-01
9.493975043296813965e-01
9.512503743171691895e-01
9.521733522415161133e-01
9.528035521507263184e-01
9.533912539482116699e-01
9.537410736083984375e-01
9.541308879852294922e-01
9.544482231140136719e-01
9.547402858734130859e-01
9.549871683120727539e-01
9.553147554397583008e-01
9.554597735404968262e-01
9.556197524070739746e-01
9.558894634246826172e-01
9.561027884483337402e-01
9.562470316886901855e-01
9.562394618988037109e-01
9.562936425209045410e-01
9.563980102539062500e-01
9.561737179756164551e-01
9.565346837043762207e-01
