3.199737071990966797e-01
2.939864993095397949e-01
2.799405455589294434e-01
2.668768763542175293e-01
2.703385949134826660e-01
2.641252577304840088e-01
2.600855827331542969e-01
2.548136115074157715e-01
2.504836916923522949e-01
2.496334910392761230e-01
2.447424083948135376e-01
2.436254620552062988e-01
2.401505261659622192e-01
2.373242825269699097e-01
2.377534806728363037e-01
2.385390102863311768e-01
2.300294488668441772e-01
2.312362194061279297e-01
2.307459861040115356e-01
2.247444242238998413e-01
2.249836325645446777e-01
2.221073806285858154e-01
2.203374207019805908e-01
2.203539907932281494e-01
2.194057703018188477e-01
2.163718938827514648e-01
2.156056165695190430e-01
2.146770805120468140e-01
2.134580165147781372e-01
2.150277495384216309e-01
2.114882171154022217e-01
2.116372436285018921e-01
2.099056541919708252e-01
2.073802351951599121e-01
2.080519199371337891e-01
2.060165554285049438e-01
2.033129632472991943e-01
2.142577618360519409e-01
2.270780752102533884e-01
2.259319672981897897e-01
2.220720748106638498e-01
2.209389656782150269e-01
2.165265281995137625e-01
2.145476788282394409e-01
2.116849223772684641e-01
2.103092670440673828e-01
2.090975095828374319e-01
2.077657481034596854e-01
2.060696880022684641e-01
2.047036985556284494e-01
2.041516751050949097e-01
2.030496696631113596e-01
2.000903536876042776e-01
2.007975627978642874e-01
1.995427062114079886e-01
1.989671687285105295e-01
1.960381865501403809e-01
1.975330859422683716e-01
1.966172208388646536e-01
1.951451053222020560e-01
1.952488670746485300e-01
1.933778921763102121e-01
1.922568281491597586e-01
1.919756333033243723e-01
1.902063737312952585e-01
1.886635621388753348e-01
1.902138888835906982e-01
1.884565303723017282e-01
1.876081675291061401e-01
1.872323354085286551e-01
1.883440117041269846e-01
1.861898750066757202e-01
1.857819656531015939e-01
1.857287933429082327e-01
1.841041843096415109e-01
1.844486544529596872e-01
1.837657839059829712e-01
1.834486375252405710e-01
1.827498624722162790e-01
1.825997432072957449e-01
1.818491915861765451e-01
1.807645608981450491e-01
1.811776955922444754e-01
1.797901093959808350e-01
1.796931624412536621e-01
1.783906817436218262e-01
1.788464734951654977e-01
1.775114784638086862e-01
1.776451021432876587e-01
1.775668412446975708e-01
1.757359206676483154e-01
1.765813926855722971e-01
1.774770369132359915e-01
1.750554790099461966e-01
1.765877852837244577e-01
1.731558740139007568e-01
1.747269928455352783e-01
1.732209225495656424e-01
1.734639803568522043e-01
1.712756951649983816e-01
1.730322341124216623e-01
1.743505150079727173e-01
1.707943926254908151e-01
1.711278806130091257e-01
1.725598375002543039e-01
1.711156765619913644e-01
1.713456213474273682e-01
1.700266102949778146e-01
1.706154296795527048e-01
1.690735965967178345e-01
1.684006452560424805e-01
1.701401174068450928e-01
1.689218878746032715e-01
1.680249720811843872e-01
1.675773312648137503e-01
1.667530039946238107e-01
1.664575239022572928e-01
1.657405296961466379e-01
1.673782368501027518e-01
1.651045233011245728e-01
1.669847071170806885e-01
1.656351039807001657e-01
1.638508836428324289e-01
1.650230089823404855e-01
1.642134835322698050e-01
1.632104317347208566e-01
1.629232565561930246e-01
1.640760898590087891e-01
1.637604782978693552e-01
1.627077013254165649e-01
1.624339222908020020e-01
1.621199796597162790e-01
1.616743554671605521e-01
1.610465645790100098e-01
1.592641423145929880e-01
1.605713516473770142e-01
1.599817077318827219e-01
1.589381049076716013e-01
