5.034930109977722168e-01
5.052082538604736328e-01
5.063864588737487793e-01
5.060143470764160156e-01
5.097138881683349609e-01
5.131241679191589355e-01
5.114706754684448242e-01
5.123387575149536133e-01
5.145916342735290527e-01
5.127314329147338867e-01
5.141161680221557617e-01
5.162037014961242676e-01
5.233548283576965332e-01
5.195312500000000000e-01
5.248844027519226074e-01
5.248635411262512207e-01
5.211434364318847656e-01
5.239955782890319824e-01
5.254423618316650391e-01
5.292451977729797363e-01
5.276951789855957031e-01
5.291626453399658203e-01
5.313326716423034668e-01
5.327175259590148926e-01
5.348462462425231934e-01
5.319939851760864258e-01
5.320353507995605469e-01
5.343708992004394531e-01
5.359001755714416504e-01
5.375124216079711914e-01
5.366237163543701172e-01
5.371611714363098145e-01
5.386284589767456055e-01
5.396618843078613281e-01
5.391659140586853027e-01
5.421007871627807617e-01
5.435474514961242676e-01
5.461515784263610840e-01
5.440021157264709473e-01
5.448701977729797363e-01
5.470610260963439941e-01
5.488383769989013672e-01
5.487765073776245117e-01
5.456761121749877930e-01
5.515046119689941406e-01
5.488384962081909180e-01
5.510911941528320312e-01
5.509259104728698730e-01
5.517939329147338867e-01
5.500785112380981445e-01
5.511739850044250488e-01
5.531786680221557617e-01
5.549355149269104004e-01
5.562995076179504395e-01
5.579323768615722656e-01
5.564235448837280273e-01
5.566303133964538574e-01
5.587178468704223633e-01
5.558241605758666992e-01
5.573950409889221191e-01
5.586350560188293457e-01
5.608465671539306641e-01
5.589450597763061523e-01
5.581184625625610352e-01
5.619211792945861816e-01
5.613425374031066895e-01
5.632647275924682617e-01
5.639467239379882812e-01
5.633267164230346680e-01
5.631613135337829590e-01
5.621486306190490723e-01
5.624173879623413086e-01
5.670262575149536133e-01
5.657449364662170410e-01
5.653521418571472168e-01
5.684937238693237305e-01
5.652901530265808105e-01
5.687623023986816406e-01
5.716766119003295898e-01
5.739088058471679688e-01
5.712839365005493164e-01
5.708705186843872070e-01
5.719038248062133789e-01
5.703951716423034668e-01
5.721933245658874512e-01
5.728959441184997559e-01
5.721312761306762695e-01
5.723793506622314453e-01
5.766575932502746582e-01
5.742393732070922852e-01
5.732887983322143555e-01
5.761409401893615723e-01
5.810391902923583984e-01
5.749008059501647949e-01
5.774429440498352051e-01
5.781663656234741211e-01
5.743014812469482422e-01
5.761615037918090820e-01
5.772776603698730469e-01
5.787037014961242676e-01
5.710210204124450684e-01
5.726293921470642090e-01
5.720039606094360352e-01
5.758017301559448242e-01
5.756993293762207031e-01
5.758972764015197754e-01
5.758207440376281738e-01
5.779718756675720215e-01
5.789992809295654297e-01
5.807930827140808105e-01
5.813481211662292480e-01
5.819163918495178223e-01
5.830715894699096680e-01
5.840228796005249023e-01
5.842716693878173828e-01
5.838502645492553711e-01
5.877948999404907227e-01
5.863202810287475586e-01
5.877757072448730469e-01
5.895247459411621094e-01
5.894099473953247070e-01
5.900607109069824219e-01
5.907371640205383301e-01
5.922563076019287109e-01
5.922500491142272949e-01
5.940564870834350586e-01
5.948476791381835938e-01
5.962967872619628906e-01
5.976114869117736816e-01
5.962073802947998047e-01
5.976817011833190918e-01
5.969986915588378906e-01
5.989900231361389160e-01
5.995391011238098145e-01
5.987794399261474609e-01
6.019390821456909180e-01
6.001901030540466309e-01
6.024752855300903320e-01
6.037262678146362305e-01
6.039942502975463867e-01
6.048687100410461426e-01
6.040326952934265137e-01
6.053919792175292969e-01
6.059283018112182617e-01
6.074795126914978027e-01
6.054621934890747070e-01
6.066367030143737793e-01
6.080728769302368164e-01
6.085646152496337891e-01
6.083729267120361328e-01
6.097515821456909180e-01
6.095601320266723633e-01
6.105429530143737793e-01
6.111686229705810547e-01
6.100963354110717773e-01
6.127195358276367188e-01
6.136896610260009766e-01
6.135111451148986816e-01
6.137406826019287109e-01
6.143598556518554688e-01
6.160004734992980957e-01
6.169642210006713867e-01
6.160514354705810547e-01
6.170086860656738281e-01
6.172451376914978027e-01
6.172512769699096680e-01
6.196638941764831543e-01
6.186811327934265137e-01
6.182725429534912109e-01
6.187196969985961914e-01
6.228555440902709961e-01
6.213873624801635742e-01
6.203534603118896484e-01
6.232766509056091309e-01
6.228363513946533203e-01
6.223447322845458984e-01
6.239020228385925293e-01
6.227085590362548828e-01
6.243681907653808594e-01
6.255298852920532227e-01
6.250319480895996094e-01
6.249616146087646484e-01
6.265892982482910156e-01
6.277828812599182129e-01
6.273490190505981445e-01
6.297743320465087891e-01
6.283892989158630371e-01
6.280319094657897949e-01
6.283317804336547852e-01
6.295254826545715332e-01
6.294230818748474121e-01
6.306550502777099609e-01
6.308467984199523926e-01
6.309487819671630859e-01
6.339998245239257812e-01
6.327105164527893066e-01
6.339933276176452637e-01
6.324806213378906250e-01
6.333358287811279297e-01
6.336038112640380859e-01
