2.925315201282501221e-01
2.915177941322326660e-01
2.916147708892822266e-01
2.907407879829406738e-01
2.898485362529754639e-01
2.882919311523437500e-01
2.879467606544494629e-01
2.885319292545318604e-01
2.862738072872161865e-01
2.866444587707519531e-01
2.860430479049682617e-01
2.852747142314910889e-01
2.833968997001647949e-01
2.847337722778320312e-01
2.829835414886474609e-01
2.825188040733337402e-01
2.830176353454589844e-01
2.818351686000823975e-01
2.809651792049407959e-01
2.802572250366210938e-01
2.805278301239013672e-01
2.794241309165954590e-01
2.790980637073516846e-01
2.786059379577636719e-01
2.772110402584075928e-01
2.785327136516571045e-01
2.781720757484436035e-01
2.770020961761474609e-01
2.775870263576507568e-01
2.758238911628723145e-01
2.763381302356719971e-01
2.757858037948608398e-01
2.754328846931457520e-01
2.747215330600738525e-01
2.747668623924255371e-01
2.740503847599029541e-01
2.729941308498382568e-01
2.723861038684844971e-01
2.731669545173645020e-01
2.721869051456451416e-01
2.717516124248504639e-01
2.715004384517669678e-01
2.720466554164886475e-01
2.717255055904388428e-01
2.708296775817871094e-01
2.700163722038269043e-01
2.703270316123962402e-01
2.699630558490753174e-01
2.696728110313415527e-01
2.703914046287536621e-01
2.690400779247283936e-01
2.692493796348571777e-01
2.683647572994232178e-01
2.683655023574829102e-01
2.677422165870666504e-01
2.674161493778228760e-01
2.675059735774993896e-01
2.668968737125396729e-01
2.673292756080627441e-01
2.671175897121429443e-01
2.663294672966003418e-01
2.661695182323455811e-01
2.659498751163482666e-01
2.660540342330932617e-01
2.652665376663208008e-01
2.659155428409576416e-01
2.643487751483917236e-01
2.646182477474212646e-01
2.646739482879638672e-01
2.643519341945648193e-01
2.644380927085876465e-01
2.638118267059326172e-01
2.630611062049865723e-01
2.631739675998687744e-01
2.633555531501770020e-01
2.632774710655212402e-01
2.631371021270751953e-01
2.623786330223083496e-01
2.617021799087524414e-01
2.608384490013122559e-01
2.608110308647155762e-01
2.613308429718017578e-01
2.619936466217041016e-01
2.614699602127075195e-01
2.607145011425018311e-01
2.605367004871368408e-01
2.606028020381927490e-01
2.607337534427642822e-01
2.589990198612213135e-01
2.596160173416137695e-01
2.598444819450378418e-01
2.596351206302642822e-01
2.576129734516143799e-01
2.592288851737976074e-01
2.588981091976165771e-01
2.580271065235137939e-01
2.587100565433502197e-01
2.582577466964721680e-01
2.576634585857391357e-01
2.588258385658264160e-01
2.492178976535797119e-01
2.486057579517364502e-01
2.482569366693496704e-01
2.474182844161987305e-01
2.472009360790252686e-01
2.471555322408676147e-01
2.464573830366134644e-01
2.462010681629180908e-01
2.455821931362152100e-01
2.446977347135543823e-01
2.444587647914886475e-01
2.443560212850570679e-01
2.439269721508026123e-01
2.433414459228515625e-01
2.430516481399536133e-01
2.425283789634704590e-01
2.418167740106582642e-01
2.422341704368591309e-01
2.416329383850097656e-01
2.408183664083480835e-01
2.405702918767929077e-01
2.404267936944961548e-01
2.401694059371948242e-01
2.397619187831878662e-01
2.392395585775375366e-01
2.389264702796936035e-01
2.382940053939819336e-01
2.378254234790802002e-01
2.376360893249511719e-01
2.375269234180450439e-01
2.368333190679550171e-01
2.368609160184860229e-01
2.364739179611206055e-01
2.360049933195114136e-01
2.361732125282287598e-01
2.354701608419418335e-01
2.350644618272781372e-01
2.345552742481231689e-01
2.346503138542175293e-01
2.335925996303558350e-01
2.338639497756958008e-01
2.337289750576019287e-01
2.334451079368591309e-01
2.330581247806549072e-01
2.324930280447006226e-01
2.327491343021392822e-01
2.322288900613784790e-01
2.315593957901000977e-01
2.315826416015625000e-01
2.312511205673217773e-01
2.307204008102416992e-01
2.305349409580230713e-01
2.308930009603500366e-01
2.300115972757339478e-01
2.301393300294876099e-01
2.295845448970794678e-01
2.292827218770980835e-01
2.292454391717910767e-01
2.290245592594146729e-01
2.284011095762252808e-01
2.281235009431838989e-01
2.277246862649917603e-01
2.274276018142700195e-01
2.271921932697296143e-01
2.267700135707855225e-01
2.272015213966369629e-01
2.261816412210464478e-01
2.259320169687271118e-01
2.260115593671798706e-01
2.256618887186050415e-01
2.250648289918899536e-01
2.248947918415069580e-01
2.250617742538452148e-01
2.242432832717895508e-01
2.242789566516876221e-01
2.239374071359634399e-01
2.238700836896896362e-01
2.237658202648162842e-01
2.235484421253204346e-01
2.230546474456787109e-01
2.227534055709838867e-01
2.224731743335723877e-01
2.221553623676300049e-01
2.222137749195098877e-01
2.216266095638275146e-01
2.213367521762847900e-01
2.211241424083709717e-01
2.209324240684509277e-01
2.210478931665420532e-01
2.204115539789199829e-01
2.205090373754501343e-01
2.198417931795120239e-01
2.202589660882949829e-01
2.194174528121948242e-01
2.189508527517318726e-01
2.193455845117568970e-01
2.190957367420196533e-01
2.187707573175430298e-01
2.185785025358200073e-01
2.184557020664215088e-01
