6.188802421092987061e-02
3.331536054611206055e-02
3.101609461009502411e-02
2.989380434155464172e-02
2.869556657969951630e-02
2.879281342029571533e-02
2.857430838048458099e-02
2.780462987720966339e-02
2.736197225749492645e-02
2.759386599063873291e-02
2.742245607078075409e-02
2.693904191255569458e-02
2.713836729526519775e-02
2.720451541244983673e-02
2.710847929120063782e-02
2.672713063657283783e-02
2.583293430507183075e-02
2.413871325552463531e-02
1.838977448642253876e-02
1.862656325101852417e-02
1.807080768048763275e-02
1.773045957088470459e-02
1.742067933082580566e-02
1.557401660829782486e-02
1.329357735812664032e-02
1.237594615668058395e-02
1.345379743725061417e-02
1.139643136411905289e-02
7.290428970009088516e-03
6.848269607871770859e-03
6.155892740935087204e-03
6.053809542208909988e-03
5.591220688074827194e-03
5.229962058365345001e-03
4.904657136648893356e-03
4.916955251246690750e-03
4.187294747680425644e-03
3.966299351304769516e-03
3.669038182124495506e-03
3.968559205532073975e-03
3.770476207137107849e-03
3.444400615990161896e-03
3.398006083443760872e-03
3.345883218571543694e-03
3.367995144799351692e-03
3.288829233497381210e-03
3.358151996508240700e-03
8.041080087423324585e-03
6.659655831754207611e-03
6.460627540946006775e-03
6.519898772239685059e-03
5.885983817279338837e-03
5.885163322091102600e-03
6.009310018271207809e-03
5.845818202942609787e-03
5.649464670568704605e-03
5.599610507488250732e-03
5.515513010323047638e-03
6.100272294133901596e-03
