6.079514026641845703e-01
5.585070252418518066e-01
6.063889265060424805e-01
6.231250166893005371e-01
5.439582467079162598e-01
5.283331871032714844e-01
4.970139265060424805e-01
4.615972638130187988e-01
4.697221815586090088e-01
4.529861509799957275e-01
4.747916758060455322e-01
4.777778387069702148e-01
4.935763478279113770e-01
6.302778124809265137e-01
6.429860591888427734e-01
6.293402314186096191e-01
6.374652981758117676e-01
6.115972995758056641e-01
5.509374737739562988e-01
5.000694394111633301e-01
5.127084255218505859e-01
5.830903053283691406e-01
5.457986593246459961e-01
5.469095706939697266e-01
5.036110877990722656e-01
4.988888800144195557e-01
5.414583086967468262e-01
5.134374499320983887e-01
5.811805129051208496e-01
5.827429890632629395e-01
5.773957967758178711e-01
5.792013406753540039e-01
5.765972733497619629e-01
5.815972685813903809e-01
5.797569155693054199e-01
5.995832681655883789e-01
5.865625143051147461e-01
5.999307036399841309e-01
7.137153148651123047e-01
7.126041650772094727e-01
7.151041626930236816e-01
7.181944847106933594e-01
7.155554890632629395e-01
7.148263454437255859e-01
7.164928913116455078e-01
7.241666913032531738e-01
7.119097709655761719e-01
7.122569084167480469e-01
7.035070657730102539e-01
7.165625691413879395e-01
7.139584422111511230e-01
7.226387858390808105e-01
7.118748426437377930e-01
7.074999809265136719e-01
7.138889431953430176e-01
6.838889122009277344e-01
6.695486307144165039e-01
6.567361354827880859e-01
6.654514074325561523e-01
6.603471636772155762e-01
6.686807274818420410e-01
7.105556726455688477e-01
7.070832252502441406e-01
7.149653434753417969e-01
7.162153124809265137e-01
