4.366679117083549500e-02
4.204292595386505127e-02
3.955773264169692993e-02
4.100301116704940796e-02
4.148587584495544434e-02
3.764573484659194946e-02
4.110786318778991699e-02
4.249089583754539490e-02
4.062411934137344360e-02
4.007221758365631104e-02
4.048100486397743225e-02
4.158755391836166382e-02
4.181013628840446472e-02
4.015696421265602112e-02
3.994975611567497253e-02
4.010737314820289612e-02
4.126377403736114502e-02
3.951359912753105164e-02
4.185574501752853394e-02
4.426157101988792419e-02
4.417929053306579590e-02
4.329102113842964172e-02
4.332917183637619019e-02
4.281313717365264893e-02
4.457802698016166687e-02
4.411852359771728516e-02
4.485471174120903015e-02
4.513360559940338135e-02
4.749924689531326294e-02
4.525390639901161194e-02
4.531592503190040588e-02
4.577035456895828247e-02
4.488577693700790405e-02
4.577483236789703369e-02
4.619915410876274109e-02
4.582039266824722290e-02
4.511172696948051453e-02
4.633537679910659790e-02
4.716673865914344788e-02
4.530553892254829407e-02
4.666252061724662781e-02
4.591169208288192749e-02
4.610111564397811890e-02
4.549215734004974365e-02
4.642015323042869568e-02
4.561824724078178406e-02
4.635129496455192566e-02
4.690994322299957275e-02
4.605573788285255432e-02
4.554980248212814331e-02
4.556157067418098450e-02
4.536540806293487549e-02
4.618786647915840149e-02
4.647961631417274475e-02
4.715791717171669006e-02
4.555865749716758728e-02
4.622196033596992493e-02
4.588317498564720154e-02
4.545130208134651184e-02
4.586960375308990479e-02
4.649286344647407532e-02
4.631599038839340210e-02
4.621537774801254272e-02
4.592447727918624878e-02
4.677462950348854065e-02
