1.351155940000171540e+01
2.556945049999922048e+01
3.763710260000152630e+01
4.980889129999923171e+01
6.200825000000259024e+01
7.416312839999955031e+01
8.639156469999943511e+01
9.844103929999982938e+01
1.103443795999992290e+02
1.219804856000009750e+02
1.340177991000018665e+02
1.458487334000019473e+02
1.578378846000014164e+02
1.695737733999994816e+02
1.811014028999998118e+02
1.930560145000017656e+02
2.051237651000010374e+02
2.162351707000016177e+02
2.290270390000005136e+02
2.408607814000024518e+02
2.528167056000020239e+02
2.649789759000013873e+02
2.767630898999996134e+02
2.887037654000014300e+02
3.007309239000023808e+02
3.125231249000025855e+02
3.244816872000010335e+02
3.366004307000002882e+02
3.484066277000019909e+02
3.603899695000000065e+02
3.724255842000020493e+02
3.842748511000027065e+02
3.961770656000007875e+02
4.084635600000001432e+02
4.201056532000002335e+02
4.324034293000004254e+02
4.443027032999998482e+02
4.565476075000005949e+02
4.681249425000023621e+02
4.808362812000013946e+02
4.928480926000011095e+02
5.048746787000018230e+02
5.171903512999997474e+02
5.289567367000017839e+02
5.424767019999999320e+02
5.546201165999991645e+02
5.668517474000000220e+02
5.790191727000019455e+02
5.912874542000026850e+02
6.033272737000006600e+02
6.154760601000016322e+02
6.279560338000010233e+02
6.400701035000020056e+02
6.516063060000014957e+02
6.645302187000015692e+02
6.764487598000014259e+02
6.889978048000011768e+02
7.008078506000019843e+02
7.135002365000000282e+02
7.257401420999995025e+02
7.382074627000001783e+02
7.503296598000015365e+02
7.625544904000016686e+02
7.748258296000021801e+02
7.870665502000010747e+02
7.992847069000017655e+02
8.116507841000020562e+02
8.240431243999992148e+02
8.362541798000020208e+02
8.487462153000014951e+02
8.604940891000005649e+02
8.732569879000002402e+02
8.856820955000002868e+02
8.972881302000023425e+02
9.102328899999993155e+02
9.219596452000005229e+02
9.347946241999998165e+02
9.469743803000019398e+02
9.602886997000023257e+02
9.727723079000024882e+02
9.843718735000002198e+02
9.977066353000009258e+02
1.010045898100001068e+03
1.022502517700002500e+03
1.034579892100002326e+03
1.047642057500001101e+03
1.059641349300000002e+03
1.073375885100002051e+03
1.085969656299999770e+03
1.098181011299999227e+03
1.111389157500001602e+03
1.123974405900000420e+03
1.136547051699999429e+03
1.148818512800000462e+03
1.161742299500001536e+03
1.174279441400001815e+03
1.186959687400001712e+03
1.199098733200000424e+03
1.211333552200001577e+03
1.224381854999999632e+03
1.262850744600000326e+03
1.301246089300002495e+03
1.341022245899999689e+03
1.380235896800000774e+03
1.419310273300001427e+03
1.458968681500002276e+03
1.497262686599999142e+03
1.538532321700000466e+03
1.577672730500002217e+03
1.616316099899999244e+03
1.655855322400002478e+03
1.695508839900001476e+03
1.734276795800000400e+03
1.773385406000001240e+03
1.812156698400001915e+03
1.851698005599999306e+03
1.891064555299999483e+03
1.929226679800001875e+03
1.968917186099999526e+03
2.008260834700002306e+03
2.047378865200000291e+03
2.086610542000002170e+03
2.126204462699999567e+03
2.164676897500001360e+03
2.204614956500001426e+03
2.244187017000000196e+03
2.283138056600000709e+03
2.322353899500001717e+03
2.361397519199999806e+03
2.400793468600000779e+03
2.439933069800001249e+03
2.480191722100000334e+03
2.518824814400002651e+03
2.558553268200001185e+03
2.598121351500001765e+03
2.638131404800002201e+03
2.679004886999999144e+03
2.717372212400001445e+03
2.757349963500000740e+03
2.797664182600001368e+03
2.836945116999999300e+03
2.876264489299999696e+03
2.916071139100000437e+03
2.955775566700001946e+03
2.995420634500002052e+03
3.035098259500002314e+03
3.074894165300000168e+03
3.114448593200002506e+03
3.154447616100002051e+03
3.193136112200001662e+03
3.233818431600000622e+03
3.273280249700001150e+03
3.312704875900002662e+03
3.352602829800001928e+03
3.392053611800001818e+03
3.431861018899999181e+03
3.471298475400002644e+03
3.510369431300001452e+03
3.550677060100002564e+03
3.591624440100000356e+03
