1.217333823442459106e-01
1.030334755778312683e-01
9.079805761575698853e-02
8.051376044750213623e-02
7.112763822078704834e-02
6.384105980396270752e-02
5.834373831748962402e-02
5.408146604895591736e-02
5.068225041031837463e-02
4.777183383703231812e-02
4.496333003044128418e-02
4.233695194125175476e-02
4.057903587818145752e-02
3.861911967396736145e-02
3.732541948556900024e-02
3.538449108600616455e-02
3.400996327400207520e-02
3.218973428010940552e-02
3.087706863880157471e-02
2.989038079977035522e-02
2.856215834617614746e-02
2.706301026046276093e-02
2.633227035403251648e-02
2.513938769698143005e-02
2.471382915973663330e-02
2.319511026144027710e-02
2.275847457349300385e-02
2.158802561461925507e-02
2.062904834747314453e-02
2.028703503310680389e-02
1.932581700384616852e-02
1.835954189300537109e-02
1.795185357332229614e-02
1.709934882819652557e-02
1.675488986074924469e-02
1.581713557243347168e-02
1.548918709158897400e-02
1.473921258002519608e-02
1.390814967453479767e-02
1.395738217979669571e-02
1.338306907564401627e-02
1.309175603091716766e-02
1.253156457096338272e-02
1.209588721394538879e-02
1.174139324575662613e-02
1.113687641918659210e-02
1.109837088733911514e-02
1.074628904461860657e-02
1.023684162646532059e-02
1.012106612324714661e-02
9.871112182736396790e-03
9.503649547696113586e-03
9.320272132754325867e-03
9.216872975230216980e-03
8.972318843007087708e-03
8.930499665439128876e-03
8.504155091941356659e-03
8.302207104861736298e-03
8.111509494483470917e-03
8.076248690485954285e-03
7.744726259261369705e-03
7.480330765247344971e-03
7.639339659363031387e-03
7.500936742871999741e-03
7.299937773495912552e-03
7.149369921535253525e-03
7.055944297462701797e-03
6.885249633342027664e-03
6.817055866122245789e-03
6.843656301498413086e-03
6.603247020393610001e-03
6.462131161242723465e-03
6.413031369447708130e-03
6.507511250674724579e-03
6.330999545753002167e-03
6.369987037032842636e-03
6.142367143183946609e-03
6.058514118194580078e-03
5.827452987432479858e-03
5.834846291691064835e-03
5.768549628555774689e-03
5.836032796651124954e-03
5.686522461473941803e-03
5.691963247954845428e-03
5.605239886790513992e-03
5.585001781582832336e-03
5.356057547032833099e-03
5.417737644165754318e-03
5.467962473630905151e-03
5.328088533133268356e-03
5.419009365141391754e-03
5.171901546418666840e-03
5.079474765807390213e-03
4.973276052623987198e-03
5.163697991520166397e-03
5.165799520909786224e-03
4.907855764031410217e-03
5.160248838365077972e-03
1.244137808680534363e-02
1.201989036053419113e-02
1.151147577911615372e-02
1.137620490044355392e-02
1.101059745997190475e-02
1.089764945209026337e-02
1.067982334643602371e-02
1.068247389048337936e-02
1.046201586723327637e-02
1.026566885411739349e-02
1.021588500589132309e-02
9.981374256312847137e-03
1.000037230551242828e-02
9.849804453551769257e-03
9.654523804783821106e-03
9.542766958475112915e-03
9.514301083981990814e-03
9.376639500260353088e-03
9.246206842362880707e-03
9.159073233604431152e-03
9.073954075574874878e-03
8.906840346753597260e-03
8.855456486344337463e-03
8.884090930223464966e-03
8.675191551446914673e-03
8.598019368946552277e-03
8.486904203891754150e-03
8.446716703474521637e-03
8.363840170204639435e-03
8.374335244297981262e-03
8.227042853832244873e-03
8.087499067187309265e-03
8.154365234076976776e-03
8.085792884230613708e-03
7.901741191744804382e-03
7.858367636799812317e-03
7.814044132828712463e-03
7.772765122354030609e-03
7.701664697378873825e-03
7.618410047143697739e-03
7.505962625145912170e-03
7.537585683166980743e-03
7.398528512567281723e-03
7.367219310253858566e-03
7.371732965111732483e-03
7.232027128338813782e-03
7.204346824437379837e-03
7.205349393188953400e-03
7.079565897583961487e-03
7.071939762681722641e-03
6.876598577946424484e-03
6.970467511564493179e-03
6.918092258274555206e-03
6.876670755445957184e-03
6.742228288203477859e-03
6.832827348262071609e-03
6.714135408401489258e-03
6.614480633288621902e-03
6.687085144221782684e-03
6.568328477442264557e-03
6.544875446707010269e-03
6.570828147232532501e-03
6.373778916895389557e-03
6.423908751457929611e-03
6.305315997451543808e-03
6.276392377912998199e-03
6.266564596444368362e-03
6.292484235018491745e-03
6.177288014441728592e-03
6.208864506334066391e-03
6.132197566330432892e-03
6.084111053496599197e-03
6.061953958123922348e-03
5.967783275991678238e-03
5.959673784673213959e-03
5.965459626168012619e-03
5.816796328872442245e-03
5.998338107019662857e-03
5.844340194016695023e-03
5.742014385759830475e-03
5.828021559864282608e-03
5.786248017102479935e-03
5.720475688576698303e-03
5.673649255186319351e-03
5.681912414729595184e-03
5.584923084825277328e-03
5.637393798679113388e-03
5.555773619562387466e-03
5.536732729524374008e-03
5.492377094924449921e-03
5.462106317281723022e-03
5.398479755967855453e-03
5.476457532495260239e-03
5.381314083933830261e-03
5.372421815991401672e-03
5.352868232876062393e-03
5.362163297832012177e-03
5.277718417346477509e-03
5.263603758066892624e-03
5.197936668992042542e-03
