2.872307896614074707e-01
2.868011891841888428e-01
2.867707014083862305e-01
2.877179980278015137e-01
2.868302762508392334e-01
2.877095341682434082e-01
2.707192301750183105e-01
2.705710232257843018e-01
2.702295780181884766e-01
2.701385319232940674e-01
2.689933478832244873e-01
2.697061300277709961e-01
2.689868211746215820e-01
2.680100798606872559e-01
2.697502374649047852e-01
2.681456506252288818e-01
2.687513530254364014e-01
2.685216665267944336e-01
2.685970962047576904e-01
2.682337462902069092e-01
2.678728997707366943e-01
2.673060894012451172e-01
2.669924795627593994e-01
2.673667669296264648e-01
2.664440870285034180e-01
2.668189108371734619e-01
2.670789957046508789e-01
2.668410241603851318e-01
2.662635147571563721e-01
2.666748166084289551e-01
2.655164897441864014e-01
2.656418085098266602e-01
2.653505206108093262e-01
2.657332420349121094e-01
2.652608454227447510e-01
2.641072869300842285e-01
2.644354701042175293e-01
2.644564807415008545e-01
2.638556063175201416e-01
2.644317150115966797e-01
2.641052007675170898e-01
2.643644809722900391e-01
2.642613053321838379e-01
2.636935114860534668e-01
2.632125020027160645e-01
2.635544836521148682e-01
2.629826366901397705e-01
2.627563476562500000e-01
2.625952959060668945e-01
2.621552944183349609e-01
2.625737786293029785e-01
2.618615031242370605e-01
2.613312602043151855e-01
2.614838778972625732e-01
2.618879973888397217e-01
2.621071338653564453e-01
2.612890005111694336e-01
2.607825994491577148e-01
2.607767879962921143e-01
2.609398663043975830e-01
2.613298296928405762e-01
2.602120637893676758e-01
2.604452073574066162e-01
2.605916559696197510e-01
2.607972621917724609e-01
2.599862217903137207e-01
2.600651085376739502e-01
2.595258951187133789e-01
2.592594623565673828e-01
2.595608234405517578e-01
2.586997747421264648e-01
2.593390345573425293e-01
2.587475180625915527e-01
2.586598992347717285e-01
2.585485577583312988e-01
2.585383355617523193e-01
2.578928172588348389e-01
2.585954368114471436e-01
2.576624453067779541e-01
2.583144307136535645e-01
2.578063309192657471e-01
2.578345835208892822e-01
2.575071156024932861e-01
2.580761015415191650e-01
2.578389644622802734e-01
2.570591270923614502e-01
2.569765150547027588e-01
2.571207880973815918e-01
2.568920850753784180e-01
2.568431496620178223e-01
2.564984858036041260e-01
2.570120990276336670e-01
2.563996315002441406e-01
2.563180327415466309e-01
2.567425966262817383e-01
2.557043135166168213e-01
2.559840679168701172e-01
2.558827102184295654e-01
2.554626166820526123e-01
2.553389668464660645e-01
2.548218965530395508e-01
2.560494840145111084e-01
