5.667067170143127441e-01
6.209935545921325684e-01
6.451655626296997070e-01
6.646633744239807129e-01
6.762152314186096191e-01
6.925747990608215332e-01
6.961806416511535645e-01
7.133413553237915039e-01
7.181490659713745117e-01
7.283653616905212402e-01
7.361111044883728027e-01
7.369791865348815918e-01
7.502670884132385254e-01
7.513354420661926270e-01
7.538060545921325684e-01
7.619524598121643066e-01
7.664931416511535645e-01
7.689637541770935059e-01
7.692975401878356934e-01
7.786458730697631836e-01
7.817841768264770508e-01
7.872596383094787598e-01
7.881944179534912109e-01
7.925347089767456055e-01
7.958734035491943359e-01
7.958065867424011230e-01
8.000133037567138672e-01
8.044203519821166992e-01
8.044203519821166992e-01
8.079593181610107422e-01
8.057559132575988770e-01
8.123664855957031250e-01
8.157719373703002930e-01
8.177750706672668457e-01
8.196448087692260742e-01
8.173745274543762207e-01
8.268563151359558105e-01
8.261886239051818848e-01
8.255876302719116211e-01
8.267895579338073730e-01
8.354700803756713867e-01
8.344017267227172852e-01
8.325321674346923828e-01
8.394097089767456055e-01
8.374732732772827148e-01
8.370059728622436523e-01
8.422810435295104980e-01
8.414796590805053711e-01
8.432824611663818359e-01
8.431489467620849609e-01
8.454193472862243652e-01
8.459535837173461914e-01
8.437500000000000000e-01
8.536993265151977539e-01
8.539663553237915039e-01
8.539663553237915039e-01
8.595085144042968750e-01
8.608439564704895020e-01
8.593750000000000000e-01
8.616453409194946289e-01
8.573716878890991211e-01
8.601762056350708008e-01
8.647168874740600586e-01
8.678551912307739258e-01
8.671875000000000000e-01
8.639822602272033691e-01
8.747329115867614746e-01
8.684562444686889648e-01
8.722622990608215332e-01
8.731304407119750977e-01
8.719283342361450195e-01
8.697248697280883789e-01
8.774036765098571777e-01
8.758013248443603516e-01
8.760684132575988770e-01
8.788060545921325684e-01
8.798077702522277832e-01
8.824786543846130371e-01
8.810095191001892090e-01
8.824118971824645996e-01
8.861511945724487305e-01
8.793401718139648438e-01
8.870860338211059570e-01
8.822783827781677246e-01
8.848156332969665527e-01
8.874198198318481445e-01
8.875533342361450195e-01
8.866853117942810059e-01
8.881543874740600586e-01
8.926282525062561035e-01
8.909588456153869629e-01
8.912259340286254883e-01
8.874198198318481445e-01
8.964343667030334473e-01
8.936299085617065430e-01
8.940972089767456055e-01
8.995726704597473145e-01
8.932291865348815918e-01
8.977696895599365234e-01
8.984375000000000000e-01
8.700741529464721680e-01
8.745961785316467285e-01
8.757872581481933594e-01
8.775032162666320801e-01
8.808541297912597656e-01
8.834381699562072754e-01
8.834584951400756836e-01
8.855378031730651855e-01
8.879603743553161621e-01
8.895552158355712891e-01
8.935117721557617188e-01
8.924419283866882324e-01
8.955709934234619141e-01
8.970243930816650391e-01
8.990431427955627441e-01
9.026163816452026367e-01
9.013847708702087402e-01
9.054628610610961914e-01
9.030400514602661133e-01
9.040496349334716797e-01
9.075015783309936523e-01
9.084098339080810547e-01
9.099643826484680176e-01
9.086320400238037109e-01
9.093385934829711914e-01
9.122658371925354004e-01
9.119629859924316406e-01
9.118619561195373535e-01
9.129925370216369629e-01
9.142643213272094727e-01
9.143653512001037598e-01
9.154958724975585938e-01
9.163032174110412598e-01
9.163033366203308105e-01
9.172521233558654785e-01
9.196140170097351074e-01
9.194928407669067383e-01
9.184432625770568848e-01
9.201591014862060547e-01
9.227228164672851562e-01
9.213098287582397461e-01
9.216529726982116699e-01
9.234292507171630859e-01
9.232677817344665527e-01
9.230256080627441406e-01
9.230461120605468750e-01
9.242973923683166504e-01
9.238938689231872559e-01
9.224604964256286621e-01
9.251857399940490723e-01
9.230459332466125488e-01
9.247615933418273926e-01
9.261345267295837402e-01
9.246204495429992676e-01
9.247213006019592285e-01
9.255489706993103027e-01
9.252866506576538086e-01
9.263969063758850098e-01
9.285972714424133301e-01
9.263564944267272949e-01
9.273256659507751465e-01
9.277493953704833984e-01
9.274870157241821289e-01
9.273055195808410645e-01
9.272449612617492676e-01
9.295058250427246094e-01
9.270025491714477539e-01
9.277696609497070312e-01
9.277697801589965820e-01
9.292230010032653809e-01
9.288596510887145996e-01
9.293846487998962402e-01
9.297277927398681641e-01
9.292636513710021973e-01
9.294250607490539551e-01
9.290415048599243164e-01
9.278504252433776855e-01
9.285771846771240234e-01
9.299903512001037598e-01
9.330992698669433594e-01
9.306162595748901367e-01
9.301316738128662109e-01
9.305554628372192383e-01
9.310401082038879395e-01
9.295260310173034668e-01
