6.418667500000083237e+00
1.177722729999914009e+01
1.693590399999993679e+01
2.201772689999961585e+01
2.738425529999949504e+01
3.244923659999949450e+01
3.752320650000001478e+01
4.280882479999854695e+01
4.791227109999999811e+01
5.300678929999958200e+01
5.877565150000009453e+01
6.393681229999856441e+01
6.882476429999951506e+01
7.415352809999967576e+01
7.913780229999974836e+01
8.422016279999843391e+01
8.948078910000003816e+01
9.460387889999947220e+01
9.958877319999919564e+01
1.047452826999997342e+02
1.098985155999998824e+02
1.148854424000001018e+02
1.200518579999989015e+02
1.250945960999997624e+02
1.299726330999983475e+02
1.351839185999997426e+02
1.402597233999986202e+02
1.452119823999983055e+02
1.504265892999992502e+02
1.555328190000000177e+02
1.609076107999990199e+02
1.660549909000001207e+02
1.710529681999996683e+02
1.760139002999985678e+02
1.811568368999996892e+02
1.862155669999992824e+02
1.912189127999990887e+02
1.964033280999992712e+02
2.013958222999990539e+02
2.063150834999996732e+02
2.114889477999986411e+02
2.164841495999990002e+02
2.213558913999986544e+02
2.266073813999992126e+02
2.315275695999989694e+02
2.364831352999990486e+02
2.416696263999983785e+02
2.466298752999991848e+02
2.515650747999989107e+02
2.567940849999995407e+02
2.617067900999991252e+02
2.670157922999987932e+02
2.721926140999985364e+02
2.771256099999991420e+02
2.818837810999993962e+02
2.870131068999999115e+02
2.920475530999992770e+02
2.968434916999995039e+02
3.021155538999992132e+02
3.071210168999987218e+02
3.120589279999985592e+02
3.173349465999999666e+02
3.223357727999991766e+02
3.272261127999991004e+02
3.323344056999994791e+02
3.373954298999997263e+02
3.422516394999984186e+02
3.474016683999998349e+02
3.524560979999987467e+02
3.573513051999998424e+02
3.625660060999998677e+02
3.674886032999984309e+02
3.723589880999988964e+02
3.775068599999995058e+02
3.827974762999983795e+02
3.877290505999990273e+02
3.928880266999985906e+02
3.978338952999984031e+02
4.025905782999998337e+02
4.076631464999991294e+02
4.125406042999984493e+02
4.172884434999996301e+02
4.223949926999994204e+02
4.272413356999986718e+02
4.320804400999986683e+02
4.372281749999983731e+02
4.420299937999989197e+02
4.467415488999995432e+02
4.516733567999999650e+02
4.565009519999985059e+02
4.612332661999989796e+02
4.662863117999986571e+02
4.711332588999994186e+02
4.758571391999994376e+02
4.808409397999985231e+02
4.856392998999999691e+02
4.904272075999997469e+02
4.958461775999985548e+02
5.007633728999990126e+02
5.053765888999987510e+02
5.161753453999990597e+02
5.267940979999984847e+02
5.373352157999997871e+02
5.482793353999986721e+02
5.590974322999991273e+02
5.696188358999988850e+02
5.805921830999996018e+02
5.912892736999983754e+02
6.018148230999995576e+02
6.127943160999984684e+02
6.234020488999994996e+02
6.343695235999985016e+02
6.454475501999986591e+02
6.562463974999991478e+02
6.668265283000000636e+02
6.778322546999988845e+02
6.886807867999996233e+02
6.992913989999997284e+02
7.103250517999986187e+02
7.210333252000000357e+02
7.317382651999996597e+02
7.428395575999984430e+02
7.535602824999987206e+02
7.641142133999983344e+02
7.752470301999983349e+02
7.867181051999996271e+02
7.973423441999984789e+02
8.083982520999998087e+02
8.192277570999995078e+02
8.298639835999983916e+02
8.409394689999990078e+02
8.517271666999986337e+02
8.623696731999989424e+02
8.734828643000000739e+02
8.841585495999988780e+02
8.947967678999993950e+02
9.059786556999988534e+02
9.168998432999997021e+02
9.280567759999994450e+02
9.391901450999994267e+02
9.500004478999999264e+02
9.606319321999999374e+02
9.716925796999985323e+02
9.825552334999993036e+02
9.932773545999989437e+02
1.004421476899999107e+03
1.015290684899999178e+03
1.026064541399999143e+03
1.037255758399998740e+03
1.048143999599999006e+03
1.058907388399999036e+03
1.070056156599999667e+03
1.081450677899998482e+03
1.092188460800000030e+03
1.103437144899999112e+03
1.114222585499999695e+03
1.125015093899999556e+03
1.136108194799999183e+03
1.147039919299999383e+03
1.157705974999998944e+03
1.168920204000000012e+03
1.179705073399998582e+03
1.190419627499999478e+03
1.201549622799999270e+03
1.212522172799999680e+03
1.223245230900000024e+03
1.234369827399999849e+03
1.245904957299999296e+03
1.256696891300000061e+03
1.267930655199999819e+03
1.279023350099998424e+03
1.289973459699998784e+03
1.301232642399998440e+03
1.312232068599998456e+03
1.323181027799999356e+03
1.334479552299999341e+03
1.345580922699999064e+03
1.356491043199999694e+03
1.367823174299999664e+03
1.378895126099998379e+03
1.389843765099998564e+03
1.401182461499998681e+03
1.412796396299998378e+03
1.423700467799999387e+03
1.434945178199999646e+03
