8.702651262283325195e-01
8.755049109458923340e-01
8.739898800849914551e-01
8.718748688697814941e-01
8.746842741966247559e-01
8.701074123382568359e-01
8.692865371704101562e-01
8.769886493682861328e-01
8.513588309288024902e-01
8.524902462959289551e-01
8.527281880378723145e-01
8.538591861724853516e-01
8.542859554290771484e-01
8.502779006958007812e-01
8.662101626396179199e-01
8.991273641586303711e-01
9.159819483757019043e-01
9.279268383979797363e-01
9.315772652626037598e-01
9.328373670578002930e-01
9.371230006217956543e-01
9.364976882934570312e-01
9.382736682891845703e-01
9.404565691947937012e-01
9.399007558822631836e-01
9.412103891372680664e-01
9.414485096931457520e-01
9.416170716285705566e-01
9.433532953262329102e-01
9.430561065673828125e-01
9.445337057113647461e-01
9.429065585136413574e-01
9.438891410827636719e-01
9.453569650650024414e-01
9.449994564056396484e-01
9.444940090179443359e-01
9.444538354873657227e-01
9.450589418411254883e-01
9.459919929504394531e-01
9.468058347702026367e-01
9.451587796211242676e-01
9.461112022399902344e-01
9.204316139221191406e-01
9.226737618446350098e-01
9.241655468940734863e-01
9.253153204917907715e-01
9.256129860877990723e-01
9.262897372245788574e-01
9.272096157073974609e-01
9.282783269882202148e-01
9.284365177154541016e-01
9.294015765190124512e-01
9.298114180564880371e-01
9.298838973045349121e-01
9.287649989128112793e-01
9.308217763900756836e-01
9.315426349639892578e-01
9.318319559097290039e-01
9.314979314804077148e-01
9.319937825202941895e-01
9.320029020309448242e-01
9.322190880775451660e-01
9.324538111686706543e-01
9.331981539726257324e-01
9.332971572875976562e-01
9.327158927917480469e-01
9.334508180618286133e-01
9.340053200721740723e-01
9.339507818222045898e-01
9.341586828231811523e-01
9.342490434646606445e-01
9.351457953453063965e-01
9.344834089279174805e-01
9.340590238571166992e-01
9.341989755630493164e-01
9.353446960449218750e-01
9.354072213172912598e-01
9.344290494918823242e-01
9.179040789604187012e-01
9.190379381179809570e-01
9.197086095809936523e-01
9.209378957748413086e-01
9.209483861923217773e-01
9.213191866874694824e-01
9.223333597183227539e-01
9.223839640617370605e-01
9.221796989440917969e-01
9.225940108299255371e-01
9.223437309265136719e-01
9.235187172889709473e-01
9.231668710708618164e-01
9.227337241172790527e-01
9.235153794288635254e-01
9.241155982017517090e-01
9.245105385780334473e-01
9.237525463104248047e-01
9.242869019508361816e-01
9.245620965957641602e-01
9.247779250144958496e-01
9.248024821281433105e-01
9.247091412544250488e-01
9.251644611358642578e-01
9.251019954681396484e-01
9.256606101989746094e-01
9.253831505775451660e-01
9.254453182220458984e-01
9.252655506134033203e-01
9.256940484046936035e-01
9.252708554267883301e-01
9.268680214881896973e-01
9.265686869621276855e-01
9.259463548660278320e-01
9.259687662124633789e-01
9.267723560333251953e-01
