7.720768599999999537e+00
1.107801549999999935e+01
1.447293540000000078e+01
1.780219470000000115e+01
2.114327390000000051e+01
2.457615759999999838e+01
2.793177920000000114e+01
3.139953529999999660e+01
4.000395139999999827e+01
4.873324099999999959e+01
5.743847900000000095e+01
6.610833220000000665e+01
7.478929800000000228e+01
8.348714599999999564e+01
9.220253780000000177e+01
1.009027099999999990e+02
1.096427323000000058e+02
1.183939459999999997e+02
1.271120636000000133e+02
1.358460791000000256e+02
1.446005449000000169e+02
1.532960327000000120e+02
1.620154575000000250e+02
1.707250590000000159e+02
1.794328288000000100e+02
1.881532186000000024e+02
1.968335263000000168e+02
2.055997126000000037e+02
2.143285511000000270e+02
2.230437295000000120e+02
2.317153942000000200e+02
2.404580597000000068e+02
2.491618371000000138e+02
2.578965117999999848e+02
2.667758680000000027e+02
2.755219521999999870e+02
2.842172190000000001e+02
2.929818824999999833e+02
3.017527432999999633e+02
3.104640387999999689e+02
3.191624261000000047e+02
3.278737816999999950e+02
3.457837943000000109e+02
3.638097893999999997e+02
3.818234509999999773e+02
3.998424471999999810e+02
4.178974089999999819e+02
4.360803032999999687e+02
4.541301538999999821e+02
4.721474469999999997e+02
4.901710115999999857e+02
5.082128965999999650e+02
5.262344131000000971e+02
5.442498608000000786e+02
5.623305000000000291e+02
5.803522922000000790e+02
5.984117617000000564e+02
6.162004223000000138e+02
6.340144027000000051e+02
6.517824717000000874e+02
6.695301905000000033e+02
6.873758761000000277e+02
7.053273671000000604e+02
7.253349099000000706e+02
7.470620097000000897e+02
7.686983896000000414e+02
7.904235762000000705e+02
8.121614830000000893e+02
8.338858979999999974e+02
8.555576005000000350e+02
8.773115372000000889e+02
8.989978515999999900e+02
9.204816572000000860e+02
9.421983424000000014e+02
9.610845238000000563e+02
9.827851392000000033e+02
1.004507368200000087e+03
1.026220115599999872e+03
1.061355842799999891e+03
1.096473865400000022e+03
1.125978816399999914e+03
1.155061858699999902e+03
1.184120487499999854e+03
1.213268253899999991e+03
1.242387326300000041e+03
1.271508206299999983e+03
1.300638578599999846e+03
1.329706975099999909e+03
1.361416413100000000e+03
1.396674374400000033e+03
1.431822765199999822e+03
1.467124876500000028e+03
1.502533253399999921e+03
1.537788768499999833e+03
1.572892359400000032e+03
1.607809403199999906e+03
1.642918361699999878e+03
1.678104517399999850e+03
1.713290394099999958e+03
1.747353345199999922e+03
1.778874226799999860e+03
1.813141710699999976e+03
1.848036371299999928e+03
1.883265165300000035e+03
1.918541526099999828e+03
1.953812260400000014e+03
1.989406757699999844e+03
2.023981398499999841e+03
2.057561256200000116e+03
2.091285845800000061e+03
2.124753001300000051e+03
2.157640081499999724e+03
2.186767185899999731e+03
2.219420529600000009e+03
