1.683986639999784529e+01
3.153847899999527726e+01
4.661432950000016717e+01
6.089708489999611629e+01
7.548422529999515973e+01
8.970706079999945359e+01
1.039653905000013765e+02
1.186052720000006957e+02
1.327303928999972413e+02
1.474085296999983257e+02
1.616856643999999505e+02
1.756889669000011054e+02
1.895344694999948842e+02
2.039314545000015642e+02
2.178924611999973422e+02
2.318619447999953991e+02
2.460181523999999627e+02
2.595218898999955854e+02
2.736938033999977051e+02
2.876192818999988958e+02
3.014010023000009824e+02
3.150881374000018695e+02
3.290747506999978214e+02
3.424750716999988072e+02
3.567104103000019677e+02
3.705471557999990182e+02
3.840661413999987417e+02
3.978261245999965467e+02
4.117111044999983278e+02
4.250530265999987023e+02
4.385820415999987745e+02
4.529263389999978244e+02
4.662518318000002182e+02
4.793600451999955112e+02
4.931773627000002307e+02
5.063234822000013082e+02
5.196717015999965952e+02
5.331191846000001533e+02
5.462324445999984164e+02
5.856024029999971390e+02
6.247135916999977781e+02
6.641906900999965728e+02
7.026087072000009357e+02
7.417863674999971408e+02
7.799501692999983788e+02
8.192759062999975868e+02
8.577682784999997239e+02
8.960922931999957655e+02
9.345666717999993125e+02
9.726274369000020670e+02
1.011144920200000342e+03
1.049965594000001147e+03
1.088807632999996713e+03
1.126480565500001831e+03
1.164935364699995262e+03
1.203099848799996835e+03
1.241453616400001920e+03
1.280701135600000271e+03
1.319510098699996888e+03
1.357918833600000653e+03
1.396092609599996649e+03
1.434945889800001169e+03
1.473166656100002001e+03
1.512101571200000762e+03
1.550008047399998759e+03
1.588476871499995468e+03
1.627061503400000220e+03
1.666024719199995161e+03
1.703870107099995948e+03
1.742213834999995015e+03
1.780628984999995737e+03
1.818741418500001600e+03
1.857164832800001022e+03
1.895669697600002110e+03
1.934467491800001881e+03
