1.129729449748992920e-01
9.119651466608047485e-02
7.973041385412216187e-02
7.225035130977630615e-02
6.497461348772048950e-02
6.226854026317596436e-02
5.784068256616592407e-02
5.502993986010551453e-02
5.247977003455162048e-02
5.011829361319541931e-02
4.820820689201354980e-02
4.617306590080261230e-02
4.477414488792419434e-02
4.214877262711524963e-02
4.054217413067817688e-02
3.961706161499023438e-02
3.798891976475715637e-02
3.713292255997657776e-02
3.522798046469688416e-02
3.402984514832496643e-02
3.277155384421348572e-02
3.158233314752578735e-02
3.044993616640567780e-02
2.952518500387668610e-02
2.810537256300449371e-02
2.768874168395996094e-02
2.630007825791835785e-02
2.565448358654975891e-02
2.483269758522510529e-02
2.405363507568836212e-02
2.363619953393936157e-02
2.267017588019371033e-02
2.167814038693904877e-02
2.150967344641685486e-02
2.041907794773578644e-02
1.973835565149784088e-02
1.908020488917827606e-02
1.879844442009925842e-02
1.822221465408802032e-02
1.823300495743751526e-02
1.707654446363449097e-02
1.685790345072746277e-02
1.657397486269474030e-02
1.622251793742179871e-02
1.597200892865657806e-02
1.564454659819602966e-02
1.523992326110601425e-02
1.496448274701833725e-02
1.486111804842948914e-02
1.436667516827583313e-02
1.432622596621513367e-02
1.376004610210657120e-02
1.349594164639711380e-02
1.370855793356895447e-02
1.312480587512254715e-02
1.309939101338386536e-02
1.292272470891475677e-02
1.262140553444623947e-02
1.293670292943716049e-02
1.265356875956058502e-02
1.231748517602682114e-02
1.217079069465398788e-02
1.222400926053524017e-02
1.226460188627243042e-02
1.199662964791059494e-02
1.206489931792020798e-02
1.164472941309213638e-02
1.141637284308671951e-02
1.168763451278209686e-02
1.124677900224924088e-02
1.143222860991954803e-02
1.131347753107547760e-02
1.094047259539365768e-02
1.118608564138412476e-02
1.085601188242435455e-02
1.098650135099887848e-02
1.066782977432012558e-02
1.036171521991491318e-02
1.073534227907657623e-02
1.055723521858453751e-02
1.056189090013504028e-02
1.046971883624792099e-02
1.065488811582326889e-02
2.022384293377399445e-02
2.020552568137645721e-02
1.942048966884613037e-02
1.935517601668834686e-02
1.916382648050785065e-02
1.928184553980827332e-02
1.856777258217334747e-02
1.851418428122997284e-02
1.828197948634624481e-02
1.790931634604930878e-02
1.813889481127262115e-02
1.787156425416469574e-02
1.755269989371299744e-02
1.733662560582160950e-02
1.738473959267139435e-02
1.701452583074569702e-02
1.718207076191902161e-02
1.691444031894207001e-02
1.663222908973693848e-02
1.654681935906410217e-02
1.662301458418369293e-02
1.625317521393299103e-02
1.656912826001644135e-02
1.591686718165874481e-02
1.585306040942668915e-02
1.592902839183807373e-02
1.566415466368198395e-02
1.552558876574039459e-02
1.541427988559007645e-02
1.535146962851285934e-02
1.534555014222860336e-02
1.530862785875797272e-02
1.513894647359848022e-02
1.508753374218940735e-02
1.469201501458883286e-02
1.494887098670005798e-02
1.493639033287763596e-02
1.481545902788639069e-02
1.460871286690235138e-02
1.444078888744115829e-02
1.450039353221654892e-02
1.456049736589193344e-02
1.427641417831182480e-02
1.420195028185844421e-02
1.434479746967554092e-02
1.386907976120710373e-02
1.403673458844423294e-02
1.432099845260381699e-02
