6.353615224361419678e-02
4.441616311669349670e-02
4.425079748034477234e-02
4.427843168377876282e-02
4.429481551051139832e-02
4.426894336938858032e-02
4.429050907492637634e-02
4.428498446941375732e-02
4.428146407008171082e-02
4.425927996635437012e-02
4.424212500452995300e-02
4.425381869077682495e-02
4.012202098965644836e-02
3.998892381787300110e-02
3.328042849898338318e-02
1.190145313739776611e-02
2.570004435256123543e-03
1.361738657578825951e-03
1.110374461859464645e-03
9.206391987390816212e-04
8.568022749386727810e-04
7.127561839297413826e-04
7.374500273726880550e-04
7.444561342708766460e-04
6.760518881492316723e-04
6.336438818834722042e-04
6.773899658583104610e-04
5.970640922896564007e-04
5.645491764880716801e-04
5.162788438610732555e-04
5.337492329999804497e-04
4.693079390563070774e-04
4.673543153330683708e-04
4.883152432739734650e-04
4.785528872162103653e-04
5.068981554359197617e-04
4.068067646585404873e-04
4.436549206729978323e-04
4.397002339828759432e-04
4.234797670505940914e-04
3.970782563555985689e-04
3.989560646004974842e-04
4.259300767444074154e-04
3.517670847941190004e-04
3.369217447470873594e-04
3.623016527853906155e-04
