1.071194150000000000e+01
1.735421540000000107e+01
2.379788179999999898e+01
3.022824299999999909e+01
3.683068920000000190e+01
4.334054950000000161e+01
4.988270280000000412e+01
5.638588810000000251e+01
6.290606330000000668e+01
6.953433809999999937e+01
7.623449639999999761e+01
8.270065950000000043e+01
1.002639329000000004e+02
1.177420947999999896e+02
1.355497700999999893e+02
1.532170356000000027e+02
1.710892482999999800e+02
1.884921166000000028e+02
2.056123948000000041e+02
2.233170342999999889e+02
2.407802996000000064e+02
2.582222200000000498e+02
2.759864575000000286e+02
2.933662389000000417e+02
3.107232784000000265e+02
3.452168151000000194e+02
3.861349683000000255e+02
4.269138919000000101e+02
4.677796777000000361e+02
5.052251818000000299e+02
5.336204999000000271e+02
5.623739997000000130e+02
5.911392613000000438e+02
6.196213561000000709e+02
6.480497206999999662e+02
6.765818297000000712e+02
7.035431578999999829e+02
7.237272934999999734e+02
7.421493507000000136e+02
7.605227085999999872e+02
7.790272539999999708e+02
7.974102046000000428e+02
8.151453189999999722e+02
8.329850545000000466e+02
8.508992074999999886e+02
8.686347861000000421e+02
