8.095649199999911616e+00
1.501683089999994536e+01
2.231785169999989193e+01
2.960391229999993357e+01
3.668298359999994318e+01
4.380413419999990765e+01
5.102263419999997041e+01
5.799850779999997030e+01
6.531727129999990211e+01
7.239896309999994628e+01
7.938857799999993858e+01
8.648264859999994769e+01
9.372160679999990407e+01
1.007686863999999787e+02
1.080433309999999665e+02
1.149852755999999090e+02
1.221096718999999666e+02
1.291214420999999675e+02
1.361422246999999288e+02
1.430433510999999953e+02
1.502293773999999758e+02
1.573023157999999739e+02
1.642833652999999003e+02
1.715670635999999831e+02
1.885885652999999138e+02
2.060885007999999061e+02
2.238381308999998964e+02
2.410470467999999755e+02
2.585350711999999476e+02
2.759014569999999367e+02
2.930170066000000588e+02
3.101525277999999162e+02
3.273317531999998664e+02
3.444690229000000272e+02
3.617243071000000327e+02
3.788578253999999106e+02
3.960222340999998778e+02
4.130839036999998370e+02
4.303767213999999512e+02
4.478448908000000301e+02
4.648414706999999453e+02
4.819631586999998945e+02
4.989013061000000562e+02
5.158314298000000235e+02
5.332013038000000051e+02
5.500976087999999891e+02
5.669111230999999407e+02
5.842799284999998690e+02
6.017871941999999308e+02
6.188015467999998691e+02
6.365289457999999740e+02
6.535472145999999611e+02
6.704650650999999471e+02
6.876828080000000227e+02
7.047740934999999354e+02
7.218020056999998815e+02
7.391139399999999569e+02
7.562185620000000199e+02
7.732825043999998798e+02
7.904536994000000050e+02
8.076711499000000458e+02
8.246302126000000499e+02
8.416094106999998985e+02
8.585394658999998683e+02
8.754721715999999105e+02
8.924967778999998700e+02
9.089938770999999633e+02
9.254246206999998776e+02
9.421426864000000023e+02
9.586064742999999453e+02
9.750650505999999496e+02
9.920514596999998957e+02
1.008533606199999895e+03
1.025013851299999942e+03
1.041682383599999866e+03
1.058507317000000057e+03
1.076712272099999836e+03
1.096001244599999836e+03
1.121747979999999870e+03
1.159559579999999869e+03
1.190818463500000007e+03
1.221874859499999957e+03
1.252566414499999837e+03
1.283685733499999742e+03
1.314769560200000114e+03
1.345762471799999958e+03
1.377288809999999785e+03
1.408591183100000080e+03
1.439666496699999925e+03
1.470984738999999763e+03
1.502229455099999768e+03
1.533158307699999796e+03
1.564274604200000113e+03
1.595143592000000126e+03
1.626489708800000017e+03
1.657938302899999826e+03
1.688832947600000125e+03
1.720143252199999779e+03
1.751512038199999779e+03
1.782308396499999844e+03
1.813475177600000052e+03
1.844555087699999831e+03
1.875434920500000089e+03
1.906547265800000105e+03
1.937584830600000032e+03
1.968368213800000149e+03
1.999745567100000017e+03
2.031128578600000083e+03
2.061990505699999630e+03
2.093132737799999632e+03
2.124134202100000039e+03
2.154952382000000398e+03
2.186216655700000047e+03
2.217213350400000309e+03
2.248157309000000168e+03
2.279429517700000360e+03
2.310591780400000061e+03
2.341443597100000261e+03
2.372930736100000104e+03
2.403957317399999738e+03
2.434980279100000189e+03
2.466228157700000338e+03
2.497277599099999861e+03
2.528007249399999637e+03
