8.298611640930175781e-01
8.888888955116271973e-01
8.819444179534912109e-01
8.888888359069824219e-01
8.958333134651184082e-01
8.923611044883728027e-01
8.993055820465087891e-01
9.027777910232543945e-01
9.305555820465087891e-01
9.131944179534912109e-01
8.923611044883728027e-01
9.375000000000000000e-01
9.548611044883728027e-01
9.513888955116271973e-01
9.409722089767456055e-01
9.375000000000000000e-01
9.040403962135314941e-01
8.907828927040100098e-01
8.914141058921813965e-01
8.939393758773803711e-01
9.078283309936523438e-01
9.046716690063476562e-01
8.901515603065490723e-01
8.882575631141662598e-01
8.914141058921813965e-01
8.876262903213500977e-01
8.907828927040100098e-01
8.901515603065490723e-01
