1.120038032531738281e-01
1.086839586496353149e-01
1.099861860275268555e-01
1.107893586158752441e-01
1.056996956467628479e-01
9.598489850759506226e-02
5.721979215741157532e-02
2.255472354590892792e-02
2.928014099597930908e-02
5.213861167430877686e-02
4.649498686194419861e-02
5.530958995223045349e-02
4.642133787274360657e-02
3.955472260713577271e-02
4.846809059381484985e-02
5.787715315818786621e-02
7.059147953987121582e-02
6.820192188024520874e-02
7.200668007135391235e-02
7.027992606163024902e-02
6.433773040771484375e-02
6.379764527082443237e-02
6.884197890758514404e-02
6.834457814693450928e-02
6.497966498136520386e-02
6.398527324199676514e-02
6.348759680986404419e-02
7.032648473978042603e-02
