7.574651837348937988e-01
8.009627461433410645e-01
8.251263499259948730e-01
8.437657952308654785e-01
8.579071760177612305e-01
8.706439137458801270e-01
8.833965063095092773e-01
8.926137685775756836e-01
8.991475701332092285e-01
9.049556255340576172e-01
9.089646339416503906e-01
9.139203429222106934e-01
9.185762405395507812e-01
9.239107966423034668e-01
9.243845343589782715e-01
9.297032952308654785e-01
9.320391416549682617e-01
9.331597089767456055e-01
9.348486065864562988e-01
9.361584186553955078e-01
9.381629228591918945e-01
9.385260939598083496e-01
9.395044445991516113e-01
9.400094747543334961e-01
9.402933716773986816e-01
9.436709880828857422e-01
9.433870911598205566e-01
9.445074796676635742e-01
9.456124305725097656e-01
9.455491304397583008e-01
9.464805126190185547e-01
9.474590420722961426e-01
9.469065666198730469e-01
9.469065666198730469e-01
9.482480883598327637e-01
9.494003057479858398e-01
9.485165476799011230e-01
9.509941339492797852e-01
9.488477706909179688e-01
9.494003057479858398e-01
9.510575532913208008e-01
9.497947096824645996e-01
9.505364298820495605e-01
9.524306058883666992e-01
9.518622159957885742e-01
9.517835974693298340e-01
9.520671963691711426e-01
9.515150785446166992e-01
9.516571760177612305e-01
9.515625238418579102e-01
9.522094130516052246e-01
9.524623751640319824e-01
9.524304270744323730e-01
9.516730308532714844e-01
9.514836668968200684e-01
9.523674845695495605e-01
9.532513022422790527e-01
9.516572952270507812e-01
9.521937966346740723e-01
9.524463415145874023e-01
9.526043534278869629e-01
9.534564614295959473e-01
9.532355666160583496e-01
9.520201683044433594e-01
9.522883296012878418e-01
9.534090161323547363e-01
9.530777931213378906e-01
9.535039067268371582e-01
9.544034004211425781e-01
9.528251886367797852e-01
9.534879922866821289e-01
9.524936079978942871e-01
9.535194635391235352e-01
9.526674151420593262e-01
9.531410336494445801e-01
9.518784284591674805e-01
9.526044130325317383e-01
9.542139768600463867e-01
9.540090560913085938e-01
9.524148702621459961e-01
9.533302187919616699e-01
9.538985490798950195e-01
9.535195231437683105e-01
9.525883793830871582e-01
9.534090757369995117e-01
9.544824361801147461e-01
9.532038569450378418e-01
9.532670378684997559e-01
9.530619382858276367e-01
9.543874859809875488e-01
9.547663331031799316e-01
9.541351199150085449e-01
9.546401500701904297e-01
9.532987475395202637e-01
9.544349908828735352e-01
9.538666009902954102e-01
9.540404677391052246e-01
9.531093239784240723e-01
9.545927643775939941e-01
9.538352489471435547e-01
9.183830618858337402e-01
9.203225970268249512e-01
9.208087325096130371e-01
9.201740622520446777e-01
9.195633530616760254e-01
9.214236736297607422e-01
9.209769368171691895e-01
9.216566681861877441e-01
9.221579432487487793e-01
9.218949675559997559e-01
9.213495850563049316e-01
9.225742220878601074e-01
9.221478104591369629e-01
9.231444597244262695e-01
9.232639670372009277e-01
9.233532547950744629e-01
9.228521585464477539e-01
9.227131009101867676e-01
9.234125614166259766e-01
9.230405688285827637e-01
9.230604767799377441e-01
9.237650036811828613e-01
9.239140152931213379e-01
9.234722256660461426e-01
9.236608147621154785e-01
9.239283800125122070e-01
9.241864681243896484e-01
9.240478277206420898e-01
9.241368174552917480e-01
9.256151318550109863e-01
9.252032637596130371e-01
9.249450564384460449e-01
9.249057173728942871e-01
9.246777296066284180e-01
9.243751168251037598e-01
9.257590174674987793e-01
9.257342815399169922e-01
9.251089692115783691e-01
9.251145124435424805e-01
9.248362779617309570e-01
9.256048798561096191e-01
9.254662394523620605e-01
9.258381724357604980e-01
9.264881014823913574e-01
9.258483052253723145e-01
9.270588159561157227e-01
9.264138340950012207e-01
9.259423613548278809e-01
9.259820580482482910e-01
9.261759519577026367e-01
9.255655407905578613e-01
9.268054366111755371e-01
9.269495606422424316e-01
9.263889193534851074e-01
9.260171651840209961e-01
9.265873432159423828e-01
9.265824556350708008e-01
9.274353981018066406e-01
9.273466467857360840e-01
9.263341426849365234e-01
9.272766113281250000e-01
9.276838898658752441e-01
9.274106025695800781e-01
9.265426397323608398e-01
9.279568791389465332e-01
9.279463291168212891e-01
9.280458092689514160e-01
9.278371930122375488e-01
9.274752140045166016e-01
9.278869628906250000e-01
9.282044172286987305e-01
9.284375905990600586e-01
9.286855459213256836e-01
9.271132349967956543e-01
9.282935261726379395e-01
9.278375506401062012e-01
9.282143115997314453e-01
9.277283549308776855e-01
9.286210536956787109e-01
9.283085465431213379e-01
9.278965592384338379e-01
9.287053346633911133e-01
9.281448125839233398e-01
9.276930689811706543e-01
