5.124421119689941406e-01
5.347222089767456055e-01
5.567129254341125488e-01
5.717592835426330566e-01
5.894097685813903809e-01
5.995370745658874512e-01
6.096643805503845215e-01
6.009837985038757324e-01
6.105324625968933105e-01
6.247106194496154785e-01
6.166087985038757324e-01
6.157407164573669434e-01
6.203703880310058594e-01
6.290509104728698730e-01
6.250000000000000000e-01
6.313657164573669434e-01
6.435185074806213379e-01
6.440972089767456055e-01
6.380208134651184082e-01
6.585648059844970703e-01
6.527777314186096191e-01
6.495948433876037598e-01
6.524884700775146484e-01
6.519097089767456055e-01
6.533564925193786621e-01
6.710069179534912109e-01
6.689814925193786621e-01
6.533564925193786621e-01
6.643518805503845215e-01
6.750578880310058594e-01
6.747685074806213379e-01
6.747685074806213379e-01
6.710069179534912109e-01
6.715856194496154785e-01
6.831596493721008301e-01
6.912615895271301270e-01
6.877893805503845215e-01
6.889467239379882812e-01
6.886574625968933105e-01
6.999421119689941406e-01
6.932870745658874512e-01
6.990740895271301270e-01
6.903935074806213379e-01
6.950231194496154785e-01
7.141203880310058594e-01
7.008101940155029297e-01
6.970486640930175781e-01
7.037037014961242676e-01
7.074652314186096191e-01
7.089120745658874512e-01
7.019675374031066895e-01
7.129629254341125488e-01
7.161458134651184082e-01
7.135416865348815918e-01
7.115162014961242676e-01
7.115162014961242676e-01
7.193287014961242676e-01
7.219328880310058594e-01
7.207755446434020996e-01
7.230903506278991699e-01
7.178819179534912109e-01
7.248263359069824219e-01
7.219328880310058594e-01
7.332175374031066895e-01
7.271412014961242676e-01
7.288773059844970703e-01
7.401620745658874512e-01
7.340857386589050293e-01
7.300347685813903809e-01
7.329282164573669434e-01
7.413194775581359863e-01
7.395833134651184082e-01
7.436342835426330566e-01
7.528935074806213379e-01
7.421875000000000000e-01
7.421875000000000000e-01
7.433449625968933105e-01
7.416087985038757324e-01
7.540509104728698730e-01
7.479745745658874512e-01
7.526041865348815918e-01
7.537615895271301270e-01
7.505787014961242676e-01
7.517361640930175781e-01
7.534721493721008301e-01
7.534722685813903809e-01
7.514467835426330566e-01
7.534721493721008301e-01
7.664930224418640137e-01
7.595486640930175781e-01
7.673611044883728027e-01
7.624421119689941406e-01
7.688078880310058594e-01
7.690972685813903809e-01
7.618634104728698730e-01
7.688078880310058594e-01
7.413193583488464355e-01
7.422743439674377441e-01
7.509548068046569824e-01
7.486979365348815918e-01
7.512152791023254395e-01
7.543402910232543945e-01
7.640625238418579102e-01
7.635415792465209961e-01
7.657117843627929688e-01
7.699652910232543945e-01
7.700520753860473633e-01
7.776042222976684570e-01
7.795138955116271973e-01
7.842881083488464355e-01
7.844617962837219238e-01
7.930555343627929688e-01
7.933160066604614258e-01
8.005207777023315430e-01
7.996527552604675293e-01
8.037325739860534668e-01
8.055555224418640137e-01
8.135417103767395020e-01
8.098958730697631836e-01
8.157117962837219238e-01
8.129340410232543945e-01
8.208333253860473633e-01
8.239582777023315430e-01
8.173611760139465332e-01
8.278645277023315430e-01
8.332465291023254395e-01
8.310764431953430176e-01
8.308159708976745605e-01
8.376735448837280273e-01
8.434895277023315430e-01
8.437500000000000000e-01
8.486979603767395020e-01
8.400174379348754883e-01
8.529514074325561523e-01
8.522569537162780762e-01
8.502603769302368164e-01
8.613716363906860352e-01
8.572047948837280273e-01
8.561632037162780762e-01
8.651908636093139648e-01
8.666666746139526367e-01
8.593750000000000000e-01
8.675347566604614258e-01
8.685764074325561523e-01
8.697049021720886230e-01
8.707464933395385742e-01
8.703125119209289551e-01
8.748264312744140625e-01
8.802951574325561523e-01
8.756944537162780762e-01
8.776041865348815918e-01
8.788194656372070312e-01
8.747396469116210938e-01
8.847222328186035156e-01
8.835069537162780762e-01
8.839409947395324707e-01
8.884547948837280273e-01
8.921006321907043457e-01
8.879340291023254395e-01
8.899305462837219238e-01
8.919270634651184082e-01
8.974825739860534668e-01
8.950521349906921387e-01
9.006944894790649414e-01
8.933159708976745605e-01
8.972222208976745605e-01
8.990451693534851074e-01
9.019964933395385742e-01
8.999131917953491211e-01
9.069444537162780762e-01
9.036458730697631836e-01
9.043403863906860352e-01
9.082465171813964844e-01
9.079861640930175781e-01
9.068576693534851074e-01
9.049479365348815918e-01
9.087674021720886230e-01
9.062500000000000000e-01
9.085069894790649414e-01
9.052082896232604980e-01
9.117187261581420898e-01
9.090277552604675293e-01
9.095486402511596680e-01
9.144965410232543945e-01
9.158854484558105469e-01
9.175347089767456055e-01
9.156249761581420898e-01
9.161458015441894531e-01
9.158853292465209961e-01
9.136284589767456055e-01
9.199652671813964844e-01
9.171006083488464355e-01
9.189235568046569824e-01
9.177082777023315430e-01
9.176214337348937988e-01
9.214408993721008301e-01
