2.895437479019165039e-01
2.763642668724060059e-01
2.645572423934936523e-01
2.599530518054962158e-01
2.537325918674468994e-01
2.514217793941497803e-01
2.462706118822097778e-01
2.464872598648071289e-01
2.411346584558486938e-01
2.394249588251113892e-01
2.385113388299942017e-01
2.400340288877487183e-01
2.350596338510513306e-01
2.322395592927932739e-01
2.343905568122863770e-01
2.312113791704177856e-01
2.275197356939315796e-01
2.278240919113159180e-01
2.252074033021926880e-01
2.208708077669143677e-01
2.235874086618423462e-01
2.231528759002685547e-01
2.214461565017700195e-01
2.182301729917526245e-01
2.164834886789321899e-01
2.144364267587661743e-01
2.135199308395385742e-01
2.158238738775253296e-01
2.132351845502853394e-01
2.123095989227294922e-01
2.121421098709106445e-01
2.097657173871994019e-01
2.119910717010498047e-01
2.092988044023513794e-01
2.090313881635665894e-01
2.045551091432571411e-01
2.042185515165328979e-01
2.041120976209640503e-01
2.034707516431808472e-01
2.038414478302001953e-01
2.035382241010665894e-01
1.999449729919433594e-01
2.024436444044113159e-01
2.005667835474014282e-01
1.963179558515548706e-01
1.989723443984985352e-01
1.980538368225097656e-01
1.975874453783035278e-01
1.973540335893630981e-01
1.969469040632247925e-01
1.965276002883911133e-01
1.928613930940628052e-01
1.928011327981948853e-01
1.929549127817153931e-01
1.939236670732498169e-01
1.929709762334823608e-01
1.907229423522949219e-01
1.896064728498458862e-01
1.909502297639846802e-01
1.896685361862182617e-01
1.908180862665176392e-01
1.892249584197998047e-01
1.892610788345336914e-01
1.866694688796997070e-01
1.874575465917587280e-01
1.879184991121292114e-01
1.854622960090637207e-01
1.854871064424514771e-01
1.846295595169067383e-01
1.860945969820022583e-01
1.837909668684005737e-01
1.834002286195755005e-01
1.826914697885513306e-01
1.820226311683654785e-01
1.825224012136459351e-01
1.822324246168136597e-01
1.815235465764999390e-01
1.810810565948486328e-01
1.790385693311691284e-01
1.782894879579544067e-01
1.795671433210372925e-01
1.787697672843933105e-01
1.779868602752685547e-01
1.764482259750366211e-01
1.767264604568481445e-01
1.774412393569946289e-01
1.781505942344665527e-01
1.767878383398056030e-01
1.742246598005294800e-01
1.752587556838989258e-01
1.735254079103469849e-01
1.738599389791488647e-01
1.731052547693252563e-01
1.716913729906082153e-01
1.734330803155899048e-01
1.740059852600097656e-01
1.768549978733062744e-01
1.755374372005462646e-01
1.743241399526596069e-01
1.728209555149078369e-01
1.716268956661224365e-01
1.702326536178588867e-01
1.674165278673171997e-01
1.659517288208007812e-01
1.664592623710632324e-01
1.625926941633224487e-01
1.642772257328033447e-01
1.618769019842147827e-01
1.603224724531173706e-01
1.591897457838058472e-01
1.590954512357711792e-01
1.552491486072540283e-01
1.547484248876571655e-01
1.531314402818679810e-01
1.521306931972503662e-01
1.519881933927536011e-01
1.508501470088958740e-01
1.487249284982681274e-01
1.490170955657958984e-01
1.466984152793884277e-01
1.470415890216827393e-01
1.451184749603271484e-01
1.438046395778656006e-01
1.441006958484649658e-01
1.427834928035736084e-01
1.402730047702789307e-01
1.404619067907333374e-01
1.386483609676361084e-01
1.365634351968765259e-01
1.349447667598724365e-01
1.343084573745727539e-01
1.331886649131774902e-01
1.336630135774612427e-01
1.315702050924301147e-01
1.306171715259552002e-01
1.308708637952804565e-01
1.282235831022262573e-01
1.276541650295257568e-01
1.273501515388488770e-01
1.252005845308303833e-01
1.239017248153686523e-01
1.261404603719711304e-01
1.216051578521728516e-01
1.215939670801162720e-01
1.207916140556335449e-01
1.216091513633728027e-01
1.208021789789199829e-01
1.196427196264266968e-01
1.160921603441238403e-01
1.171143278479576111e-01
1.159083247184753418e-01
1.143833622336387634e-01
1.150945276021957397e-01
1.130948439240455627e-01
1.130525693297386169e-01
1.120636090636253357e-01
1.097452640533447266e-01
1.084591895341873169e-01
1.077854409813880920e-01
1.090730577707290649e-01
1.066222041845321655e-01
1.053593531250953674e-01
1.038692221045494080e-01
1.036446541547775269e-01
1.045479550957679749e-01
1.022301688790321350e-01
1.036909222602844238e-01
1.006984859704971313e-01
1.001311168074607849e-01
9.726814925670623779e-02
9.873754531145095825e-02
9.816146641969680786e-02
9.497053921222686768e-02
9.545290470123291016e-02
9.599610418081283569e-02
9.482840448617935181e-02
9.454084932804107666e-02
9.457509219646453857e-02
9.222657233476638794e-02
9.382645040750503540e-02
9.231349825859069824e-02
9.103736281394958496e-02
9.089434891939163208e-02
8.876705169677734375e-02
8.768326789140701294e-02
8.687059581279754639e-02
8.815077692270278931e-02
8.596949279308319092e-02
8.565182238817214966e-02
8.594255894422531128e-02
8.470733463764190674e-02
8.417373895645141602e-02
8.350131660699844360e-02
8.353502303361892700e-02
8.273203670978546143e-02
8.241798728704452515e-02
