1.117686470000000121e+01
1.848357069999999780e+01
2.613324709999999840e+01
3.385875920000000150e+01
4.148782710000000407e+01
4.931289750000000538e+01
5.707012140000000500e+01
6.465000940000000185e+01
7.258182519999999727e+01
8.050518429999999626e+01
8.832372409999999263e+01
9.667201790000000017e+01
1.046683062999999976e+02
1.122754456999999917e+02
1.203088398000000012e+02
1.281740154000000018e+02
1.357151132999999845e+02
1.437692238999999859e+02
1.517329603000000020e+02
1.594502803999999969e+02
1.674491237000000012e+02
1.753366369000000020e+02
1.830834318999999937e+02
1.910195910999999853e+02
1.990116557000000057e+02
2.069514714999999967e+02
2.156877455999999995e+02
2.234000197000000014e+02
2.312772451999999817e+02
2.392395005999999853e+02
2.479960541000000092e+02
2.556967156999999986e+02
2.637456411000000003e+02
2.717791320000000042e+02
2.795464189000000488e+02
2.875143005000000471e+02
2.956775791000000027e+02
3.041138114000000314e+02
3.123852601000000391e+02
3.204505786000000285e+02
3.286896141000000284e+02
3.386756512000000043e+02
3.481657382000000212e+02
3.566385066000000279e+02
3.648825224000000276e+02
3.730532782000000225e+02
3.810432699000000412e+02
3.893532373000000462e+02
3.973838024000000360e+02
4.053583037000000218e+02
4.135926778000000468e+02
4.223114409000000364e+02
4.317404750000000035e+02
4.401485996000000114e+02
4.483250467999999955e+02
4.569512027000000103e+02
4.650042408000000478e+02
4.730245601000000306e+02
4.810307606000000078e+02
4.892656867000000034e+02
4.972929851000000099e+02
5.054221854000000462e+02
5.139476683000000321e+02
5.219080975000000535e+02
5.298478839000000562e+02
5.385015964000000395e+02
5.471432435000000396e+02
5.558000395000000253e+02
5.643247973000000002e+02
5.725987920000000031e+02
5.808608877000000348e+02
5.889507190000000492e+02
5.967987034000000222e+02
6.047638394000000517e+02
6.128515712000000804e+02
6.208013270999999804e+02
6.287226511000000073e+02
6.375229252000000315e+02
6.457612877000000253e+02
6.538843221000000767e+02
6.622009569000000511e+02
6.701423414000000776e+02
6.779796728000000030e+02
6.859342139000000316e+02
6.941460448999999926e+02
7.019642754000000195e+02
7.099486116000000493e+02
7.179684123000000682e+02
7.257226520000000392e+02
7.336694668000000092e+02
7.417225730000000112e+02
7.495575774999999794e+02
7.575235939000000371e+02
7.654136872000000267e+02
7.733535200999999688e+02
7.815316224000000602e+02
7.896544503000000077e+02
7.974383460000000241e+02
8.054587844000000132e+02
8.134179750000000695e+02
8.325322806000000355e+02
8.525862676000000420e+02
8.720519411000000218e+02
8.913829203000000234e+02
9.114082273999999870e+02
9.317613611000000446e+02
9.518863668000000189e+02
9.729434382000000596e+02
9.930532609000000548e+02
1.013023724500000071e+03
1.032964628400000038e+03
1.052436444899999969e+03
1.071901736499999970e+03
1.091605496700000003e+03
1.111218639200000098e+03
1.130810256400000071e+03
1.151170728699999927e+03
1.170998879400000078e+03
1.190320883099999946e+03
1.210733065000000124e+03
1.230255234200000132e+03
1.249403855000000021e+03
1.268919910200000004e+03
1.288163571400000137e+03
1.307216156800000135e+03
1.326826821899999914e+03
1.346349242100000083e+03
1.365484243300000117e+03
1.385673397499999965e+03
1.405067204800000127e+03
1.424367115199999944e+03
1.444076463699999977e+03
1.463436326700000109e+03
1.482828299199999947e+03
1.502506924600000048e+03
1.522122420299999931e+03
1.541528234500000053e+03
1.561972897399999965e+03
1.582029717500000061e+03
1.601578463800000009e+03
1.621773097199999938e+03
1.641228702200000043e+03
1.661115867700000081e+03
1.681879970599999979e+03
1.702091853099999980e+03
1.722282948700000134e+03
1.743101262399999996e+03
1.763145198899999968e+03
1.782755065500000001e+03
1.802722347399999990e+03
1.822846193300000095e+03
1.842697188900000128e+03
1.862200273400000015e+03
1.881671960800000079e+03
1.901319376899999952e+03
1.921018393800000013e+03
1.940389429600000085e+03
1.960097793400000000e+03
1.979592724300000100e+03
1.999370295100000021e+03
2.018901566300000013e+03
2.038893450600000051e+03
2.058717253799999980e+03
2.078867609100000209e+03
2.100051003999999921e+03
2.120562713799999983e+03
2.140712006400000064e+03
2.161792738300000110e+03
2.182470160899999883e+03
2.202494557600000007e+03
2.222975923899999998e+03
2.243024610800000119e+03
2.262765527500000189e+03
2.283400715499999933e+03
2.302871763799999826e+03
2.323023932099999911e+03
2.343636438300000009e+03
2.363874389600000086e+03
2.383871349300000020e+03
2.405236069500000212e+03
2.427969479500000034e+03
2.449961684299999888e+03
2.472296463199999835e+03
2.494228551900000184e+03
2.516536559900000157e+03
2.538809063199999855e+03
2.560643212999999832e+03
2.582328998500000125e+03
2.604263174499999877e+03
2.624522107300000243e+03
2.644140753600000153e+03
2.664078627299999880e+03
2.687244121199999881e+03
2.716066517799999929e+03
2.740605078099999901e+03
2.763414518800000224e+03
2.785456471200000124e+03
2.807834599700000126e+03
2.829818006800000148e+03
2.851798524899999848e+03
