1.460070759057998657e-01
6.526993215084075928e-02
4.175908491015434265e-02
3.380079567432403564e-02
3.195179998874664307e-02
3.037517704069614410e-02
2.927682176232337952e-02
2.791554108262062073e-02
2.731865085661411285e-02
2.703079022467136383e-02
2.662277407944202423e-02
2.710483036935329437e-02
2.715072408318519592e-02
4.050961509346961975e-02
3.734930977225303650e-02
3.546269983053207397e-02
3.414478152990341187e-02
3.366094082593917847e-02
3.323166072368621826e-02
3.276473283767700195e-02
3.231124207377433777e-02
3.204866871237754822e-02
3.254787251353263855e-02
3.214035183191299438e-02
3.160091489553451538e-02
