5.033436417579650879e-01
5.067194700241088867e-01
5.018968582153320312e-01
4.985853731632232666e-01
5.036008358001708984e-01
5.029899477958679199e-01
5.015432834625244141e-01
5.032150745391845703e-01
5.045331716537475586e-01
5.018004179000854492e-01
5.030332207679748535e-01
5.051684975624084473e-01
5.035023093223571777e-01
5.059665441513061523e-01
5.037816166877746582e-01
5.052682757377624512e-01
5.054776668548583984e-01
5.063358545303344727e-01
5.066948533058166504e-01
5.053879022598266602e-01
5.056873559951782227e-01
5.091692805290222168e-01
5.089797377586364746e-01
5.079821944236755371e-01
5.118632912635803223e-01
5.128212571144104004e-01
5.100176334381103516e-01
5.127115249633789062e-01
5.136194825172424316e-01
5.131904482841491699e-01
5.126017928123474121e-01
5.139486789703369141e-01
5.138092637062072754e-01
5.154054760932922363e-01
5.162037611007690430e-01
5.169420838356018066e-01
5.151560306549072266e-01
5.160740613937377930e-01
5.153655409812927246e-01
5.187481641769409180e-01
5.182692408561706543e-01
5.161437392234802246e-01
5.187878608703613281e-01
5.192867517471313477e-01
5.179499387741088867e-01
5.199452638626098633e-01
5.214120149612426758e-01
5.217013955116271973e-01
5.188278555870056152e-01
