1.109091446355537081e-01
8.806814170546001241e-02
7.778406308756934118e-02
6.949554245781015827e-02
6.367825509773360204e-02
5.923324685405801510e-02
5.565044932343341660e-02
5.321482486195034528e-02
5.047373721996942925e-02
4.913320916670339822e-02
4.761125533669083310e-02
4.610669916426694132e-02
4.526906888242120813e-02
4.385234581099616002e-02
4.238811011115709709e-02
4.133723952152110886e-02
4.050821369444882608e-02
3.959420488940344762e-02
3.905833954060519003e-02
3.816556102699703718e-02
3.731622174382209778e-02
3.669599761013631750e-02
3.607200955351193977e-02
3.544524091261404275e-02
3.476232317862687493e-02
3.443445548139236617e-02
3.367720309782911564e-02
3.293244685563775920e-02
3.271225425932142161e-02
3.210351243615150452e-02
3.188682989113860583e-02
3.100480932604383552e-02
3.073984432827543342e-02
3.032545793663572395e-02
2.999245051156591499e-02
2.940267379637117803e-02
2.875455130857449901e-02
2.880439527884677553e-02
2.807375650714944923e-02
2.777150245728316272e-02
2.721943830450375759e-02
2.681094352845792353e-02
2.632672684612097705e-02
2.615739570723639440e-02
2.562702571352322781e-02
2.500152104982623219e-02
2.406325618977899969e-02
2.292089971403281010e-02
2.216601420055936897e-02
2.117423582132215917e-02
2.057261723611089957e-02
2.036460847766310978e-02
1.948509275637291122e-02
1.892371123863591242e-02
1.873426470491621268e-02
1.820337558510127032e-02
1.835907657665234935e-02
1.766297331562748790e-02
1.739949601943846166e-02
1.708882315843193722e-02
1.655016798112127555e-02
1.645064898939044284e-02
1.583212883108191943e-02
1.581580833428435778e-02
1.564257378103556598e-02
1.537927967944630915e-02
1.524117050899399632e-02
1.495348224071440905e-02
1.460412920763095278e-02
1.439012849220523173e-02
1.405793728513850087e-02
1.402440411901032490e-02
1.388467689631161898e-02
1.363838208770310444e-02
1.344689882049957853e-02
1.306831312400323457e-02
1.293902675172796911e-02
1.266544860684209323e-02
1.258376692594201547e-02
1.229602329570938027e-02
1.216437878018176121e-02
1.191395841952827203e-02
1.175668200960865682e-02
1.158958973570002431e-02
1.158180794920082510e-02
1.125769282656687194e-02
1.124365051725396449e-02
1.099871030008351368e-02
1.076627591693842846e-02
1.052901217782938915e-02
1.057886811732141989e-02
1.052158125848681909e-02
1.041008366478814000e-02
1.023726068713046861e-02
1.023999939638155394e-02
9.780918351478047612e-03
9.852232928905222537e-03
9.866819889457137047e-03
9.690048759458240804e-03
9.375305915320361616e-03
1.911024467741278404e-02
1.701736868755228047e-02
1.599725009338266377e-02
1.533578234542717911e-02
1.483550115392125862e-02
1.445059430111071165e-02
1.403990607366137171e-02
1.360870939518870996e-02
1.336089817100557728e-02
1.292834549221670570e-02
1.282453794439119936e-02
1.242884173561101604e-02
1.231970427686284245e-02
1.194969963967457659e-02
1.177761552255900471e-02
1.160173562901287321e-02
1.142609844134114330e-02
1.131207694502911303e-02
1.100856482169066362e-02
1.086716181009836531e-02
1.072585248741610327e-02
1.072124137553846779e-02
1.049391150838513420e-02
1.042822285437549658e-02
1.033297806828357632e-02
1.010170103660945271e-02
1.009731335651086609e-02
9.899233580277911129e-03
9.847127018903178292e-03
9.624991121691191254e-03
9.500274327637135696e-03
9.406002002885971089e-03
9.311082152028879108e-03
9.291964845367890052e-03
9.195037967600357132e-03
9.040704607192811756e-03
9.026295767733078651e-03
8.832921402464652405e-03
8.818853560877942810e-03
8.633866943633076649e-03
8.682157726551609916e-03
8.647175693092331791e-03
8.541951630392978154e-03
8.434165563520001907e-03
8.344375549804890213e-03
8.253492029576465702e-03
8.222719713317594090e-03
8.185417562637520295e-03
8.049701426135397186e-03
8.020729773902687473e-03
8.026824225725114059e-03
7.837798216262426357e-03
7.739040861441485834e-03
7.731037300037241211e-03
7.728265089935612564e-03
7.581761240659431848e-03
7.554741908164544668e-03
7.424672594529458866e-03
7.317513495084197912e-03
7.375888451505666771e-03
7.316944216131821346e-03
7.217650949398334188e-03
7.165135780948845949e-03
7.151140751124456310e-03
7.031089101714649639e-03
7.062605116516351700e-03
6.905525665858696337e-03
6.889630296406732378e-03
6.737308838972072382e-03
6.846951085260544710e-03
6.776527298250417490e-03
6.770957148922928867e-03
6.723850125168589001e-03
6.590436828247774916e-03
6.575459780321381807e-03
6.505607284776781206e-03
6.472042167623494845e-03
6.472401390515867062e-03
6.357920214255479222e-03
6.231613633833055048e-03
6.265561157923148737e-03
6.235454673075984354e-03
6.133980393388319130e-03
6.069806126085506258e-03
6.131682368316526861e-03
6.097808102916540442e-03
6.055803854425234785e-03
5.970537796316818628e-03
5.984487140486980696e-03
5.957437154633560619e-03
5.937275950443641863e-03
5.889942039917597447e-03
5.854316968363763342e-03
5.791408676204496536e-03
5.704326648800365877e-03
5.677124571012354126e-03
5.627975226433455658e-03
5.569034266745907097e-03
5.583008293640510759e-03
5.532422172569337673e-03
