1.920317694000004849e+02
3.837984002000011969e+02
5.749057729999985895e+02
7.665276850000009290e+02
9.577836145000001125e+02
1.148390183499999694e+03
1.339709513800000423e+03
1.530726418300000660e+03
1.721620082599998568e+03
1.915340694700000313e+03
2.106572519700002886e+03
2.298029056900002615e+03
2.489497979199997644e+03
2.681274418400000286e+03
2.872823338600002899e+03
3.063759487200000876e+03
3.255176640299996507e+03
3.446733561899996857e+03
3.638625779400001193e+03
3.830026281299997208e+03
4.021439585800002533e+03
4.213380811400002131e+03
4.404600505799997336e+03
4.595951243100000283e+03
4.787721124300001975e+03
4.979074381499998708e+03
5.170693535800000973e+03
5.362346655400000600e+03
5.553760515999998461e+03
5.745700532200000453e+03
5.937652039099997637e+03
6.129431683500002691e+03
6.321122821100001602e+03
6.512986041100000875e+03
6.704464626199998747e+03
6.896069310000002588e+03
7.087583525400001236e+03
7.279073720099997445e+03
7.470428154999997787e+03
7.662207107600002928e+03
7.853957728700002917e+03
8.045461781299996801e+03
8.237083696500001679e+03
8.429031580300001224e+03
8.620647102400002041e+03
8.812288162900000316e+03
9.003712506799998664e+03
9.196079159400000208e+03
9.388251138199997513e+03
9.579909018299997115e+03
9.771805873100001918e+03
9.963527498300001753e+03
1.015546994900000209e+04
1.034727182800000082e+04
1.095882860189999701e+04
1.156926231840000037e+04
1.218213527170000089e+04
1.279702458719999777e+04
1.340929595280000285e+04
1.402003640950000045e+04
1.463154826479999974e+04
1.524201954869999827e+04
1.585220337729999665e+04
1.646674147589999848e+04
1.708047108500000104e+04
1.769275606599999810e+04
1.830512451019999935e+04
1.891726583459999893e+04
1.952719830909999655e+04
2.013520522669999991e+04
2.074266144330000316e+04
2.135157523639999636e+04
2.196066729539999869e+04
2.257010521079999671e+04
2.317942334839999603e+04
2.378797014300000228e+04
2.439529466850000244e+04
2.500380054259999815e+04
2.561205706599999758e+04
2.621883477759999732e+04
2.682692378169999938e+04
2.743644784949999666e+04
2.804356760359999680e+04
2.865154619959999764e+04
2.926027897850000227e+04
2.986979593119999845e+04
3.047724034159999792e+04
3.108520243039999696e+04
3.169338082260000010e+04
3.230234736049999992e+04
3.291133180070000526e+04
3.351950150080000458e+04
3.412992483380000340e+04
3.473905847580000409e+04
3.534743398030000390e+04
3.595530424440000206e+04
3.656345879289999721e+04
3.717157269970000198e+04
3.777988951590000943e+04
3.838725395009999920e+04
3.899499607860000106e+04
3.960177884660000564e+04
4.021025408949999837e+04
4.081847245359999943e+04
4.142752125879999949e+04
4.203587743419999606e+04
