2.133032679557800293e-01
1.730977147817611694e-01
1.570714563131332397e-01
1.462003886699676514e-01
1.385892480611801147e-01
1.297698467969894409e-01
1.240709722042083740e-01
1.176338121294975281e-01
1.124577075242996216e-01
1.070888414978981018e-01
1.021605730056762695e-01
9.736839681863784790e-02
9.293852746486663818e-02
8.871045708656311035e-02
8.455917239189147949e-02
8.053109794855117798e-02
7.735925167798995972e-02
7.394180446863174438e-02
7.064182311296463013e-02
6.724545359611511230e-02
6.376578658819198608e-02
6.078222021460533142e-02
5.768567696213722229e-02
5.517522618174552917e-02
5.383482947945594788e-02
5.067778751254081726e-02
4.867326840758323669e-02
4.696784913539886475e-02
4.502002522349357605e-02
4.337982088327407837e-02
4.225912690162658691e-02
4.051944985985755920e-02
4.027889296412467957e-02
3.855055570602416992e-02
3.763869404792785645e-02
3.666359558701515198e-02
3.525524958968162537e-02
3.496516495943069458e-02
3.436555713415145874e-02
3.464351966977119446e-02
3.283574432134628296e-02
3.240488097071647644e-02
3.166881203651428223e-02
3.097896836698055267e-02
3.008785098791122437e-02
2.990834042429924011e-02
3.049648180603981018e-02
2.972723357379436493e-02
3.066978231072425842e-02
2.935124374926090240e-02
2.833206951618194580e-02
2.762940339744091034e-02
2.759687043726444244e-02
2.721047587692737579e-02
2.808208391070365906e-02
2.728487923741340637e-02
2.701740898191928864e-02
2.781833149492740631e-02
2.632628194987773895e-02
2.661383710801601410e-02
2.660238556563854218e-02
2.583653107285499573e-02
2.583226934075355530e-02
2.629881352186203003e-02
2.569840103387832642e-02
2.527885511517524719e-02
2.577205188572406769e-02
2.515902929008007050e-02
2.540003694593906403e-02
2.518816478550434113e-02
2.544704079627990723e-02
2.567937411367893219e-02
2.527159079909324646e-02
2.487142384052276611e-02
2.462946809828281403e-02
2.450029365718364716e-02
2.454978786408901215e-02
2.533506043255329132e-02
3.989181295037269592e-02
3.848706930875778198e-02
3.774235025048255920e-02
3.782504796981811523e-02
3.731781989336013794e-02
3.736916184425354004e-02
3.667698428034782410e-02
3.689588233828544617e-02
3.641697391867637634e-02
3.612254187464714050e-02
3.601596131920814514e-02
3.538178279995918274e-02
3.537397086620330811e-02
3.578254580497741699e-02
3.524558618664741516e-02
3.507941216230392456e-02
3.499068692326545715e-02
3.477083891630172729e-02
3.467874974012374878e-02
3.424998745322227478e-02
3.430724143981933594e-02
3.426299616694450378e-02
3.345495089888572693e-02
3.412224724888801575e-02
3.388652205467224121e-02
3.361544385552406311e-02
3.368338197469711304e-02
3.353861346840858459e-02
3.321206942200660706e-02
3.336642310023307800e-02
3.304873406887054443e-02
3.261275216937065125e-02
3.256634250283241272e-02
3.255978599190711975e-02
3.271584212779998779e-02
3.226068615913391113e-02
3.256165236234664917e-02
3.255605325102806091e-02
3.221105411648750305e-02
3.214756771922111511e-02
3.230616822838783264e-02
3.178659826517105103e-02
3.206583112478256226e-02
3.198217228055000305e-02
3.155092522501945496e-02
3.121899440884590149e-02
3.143740445375442505e-02
3.129511326551437378e-02
3.116677701473236084e-02
3.120470792055130005e-02
3.131111711263656616e-02
3.112845309078693390e-02
3.099702857434749603e-02
3.064265102148056030e-02
3.097734786570072174e-02
3.111235238611698151e-02
3.064255788922309875e-02
3.110064938664436340e-02
