7.554924488067626953e-01
7.938919663429260254e-01
8.162088394165039062e-01
8.367109298706054688e-01
8.544036149978637695e-01
8.709594607353210449e-01
8.821339607238769531e-01
8.922504782676696777e-01
8.991795182228088379e-01
9.039141535758972168e-01
9.093434214591979980e-01
9.131470918655395508e-01
9.166036844253540039e-01
9.205335378646850586e-01
9.212751388549804688e-01
9.244477152824401855e-01
9.250316023826599121e-01
9.283931255340576172e-01
9.314078688621520996e-01
9.309659004211425781e-01
9.329860806465148926e-01
9.351010918617248535e-01
9.357795715332031250e-01
9.374842643737792969e-01
9.380840063095092773e-01
9.388256669044494629e-01
9.394255876541137695e-01
9.397884607315063477e-01
9.412406086921691895e-01
9.423612952232360840e-01
9.431501626968383789e-01
9.434974789619445801e-01
9.437185525894165039e-01
9.441761970520019531e-01
9.439867734909057617e-01
9.451863169670104980e-01
9.468118548393249512e-01
9.464488625526428223e-01
9.478535056114196777e-01
9.481691718101501465e-01
9.472223520278930664e-01
9.481375217437744141e-01
9.495739936828613281e-01
9.487846493721008301e-01
9.487375020980834961e-01
9.494475722312927246e-01
9.504103660583496094e-01
9.500159621238708496e-01
9.509626626968383789e-01
9.497790336608886719e-01
9.505209326744079590e-01
9.508837461471557617e-01
9.507890343666076660e-01
9.513255953788757324e-01
9.501104950904846191e-01
9.509946107864379883e-01
9.505051970481872559e-01
9.517520666122436523e-01
9.518150091171264648e-01
9.516571760177612305e-01
9.520201683044433594e-01
9.518783092498779297e-01
9.520360231399536133e-01
9.519413113594055176e-01
9.522254467010498047e-01
9.518149495124816895e-01
9.515627622604370117e-01
9.515309929847717285e-01
9.524304270744323730e-01
9.517362713813781738e-01
9.526041150093078613e-01
9.520044326782226562e-01
9.511206150054931641e-01
9.519411921501159668e-01
9.508836865425109863e-01
9.514837265014648438e-01
9.521306157112121582e-01
9.519253969192504883e-01
9.513257741928100586e-01
9.521938562393188477e-01
9.529039263725280762e-01
9.519727826118469238e-01
9.534406661987304688e-01
9.517203569412231445e-01
9.512783288955688477e-01
9.525094628334045410e-01
9.531407952308654785e-01
9.530777931213378906e-01
9.530933499336242676e-01
9.524620771408081055e-01
9.530935287475585938e-01
9.532985091209411621e-01
9.535827636718750000e-01
9.537087678909301758e-01
9.526515007019042969e-01
9.532986283302307129e-01
9.527935385704040527e-01
9.528883695602416992e-01
9.181748032569885254e-01
9.197270274162292480e-01
9.196924567222595215e-01
9.206991791725158691e-01
9.206993579864501953e-01
9.203174710273742676e-01
9.215476512908935547e-01
9.212055206298828125e-01
9.218847751617431641e-01
9.210964441299438477e-01
9.209227561950683594e-01
9.221976399421691895e-01
9.208826422691345215e-01
9.224852919578552246e-01
9.221726059913635254e-01
9.224401712417602539e-01
9.220089316368103027e-01
9.230654239654541016e-01
9.219444990158081055e-01
9.227777719497680664e-01
9.224753975868225098e-01
9.235564470291137695e-01
9.229909181594848633e-01
9.223216176033020020e-01
9.228419065475463867e-01
9.239977002143859863e-01
9.236755371093750000e-01
9.248063564300537109e-01
9.240077137947082520e-01
9.236706495285034180e-01
9.247766733169555664e-01
9.250945448875427246e-01
9.243501424789428711e-01
9.240176677703857422e-01
9.256354570388793945e-01
9.240228533744812012e-01
9.248559474945068359e-01
9.248312115669250488e-01
9.242755174636840820e-01
9.251784682273864746e-01
9.249702692031860352e-01
9.241521954536437988e-01
9.252877235412597656e-01
9.255307316780090332e-01
9.259077906608581543e-01
9.255755543708801270e-01
9.269247055053710938e-01
9.264981746673583984e-01
9.258330464363098145e-01
9.260269403457641602e-01
9.261605143547058105e-01
9.264481663703918457e-01
9.263837337493896484e-01
9.268451929092407227e-01
9.271775484085083008e-01
9.269942045211791992e-01
9.267857074737548828e-01
9.263639450073242188e-01
9.264334440231323242e-01
9.275691509246826172e-01
9.280113577842712402e-01
9.260519742965698242e-01
9.267312884330749512e-01
9.269047975540161133e-01
9.277973175048828125e-01
9.272768497467041016e-01
9.275942444801330566e-01
9.271427989006042480e-01
9.279412627220153809e-01
9.271279573440551758e-01
9.273459315299987793e-01
9.272813796997070312e-01
9.281000494956970215e-01
9.280304908752441406e-01
9.279314279556274414e-01
9.277727603912353516e-01
9.281299710273742676e-01
9.284572005271911621e-01
9.281746745109558105e-01
9.285172224044799805e-01
9.293845891952514648e-01
9.296182394027709961e-01
9.283581376075744629e-01
9.286953210830688477e-01
9.287800192832946777e-01
9.293553829193115234e-01
9.291170239448547363e-01
9.288790225982666016e-01
9.286952614784240723e-01
9.295284748077392578e-01
9.292109012603759766e-01
9.300196766853332520e-01
9.296926259994506836e-01
9.288294911384582520e-01
9.306249022483825684e-01
9.298112988471984863e-01
9.288194775581359863e-01
9.294843673706054688e-01
9.302032589912414551e-01
9.298214912414550781e-01
