4.342056900000045516e+00
6.793499200000042038e+00
9.261872300000050018e+00
1.180010989999999538e+01
1.428012970000003179e+01
1.675836830000002919e+01
1.922837930000002871e+01
2.170352289999999584e+01
2.424716540000002851e+01
2.671742420000003904e+01
2.918333370000004834e+01
3.171588520000000244e+01
3.419708740000004354e+01
3.666831260000003567e+01
3.916782399999999598e+01
4.164926070000001346e+01
4.412767719999999372e+01
4.661048490000007405e+01
4.915851729999997133e+01
5.168546760000003815e+01
5.416389579999997750e+01
5.664449139999999261e+01
5.913281560000007175e+01
6.161571260000005168e+01
6.411078470000006746e+01
6.679346650000002228e+01
6.931837129999996705e+01
7.185993580000001657e+01
7.435915480000005573e+01
7.683849989999998797e+01
7.931865909999999076e+01
8.180664699999999812e+01
8.428557050000006257e+01
8.675595250000003489e+01
8.930709750000005442e+01
9.182908610000004046e+01
9.435600240000007943e+01
9.687933929999996963e+01
9.947774560000004840e+01
1.019945320000000493e+02
1.045449206000000686e+02
1.070703796999999895e+02
1.096871178000000100e+02
1.122204100000000153e+02
1.148220377000000099e+02
1.173653943000000481e+02
1.199000184000000218e+02
1.224445286999999780e+02
1.250373573000000533e+02
1.276409042999999883e+02
1.301771905000000515e+02
1.327733230000000049e+02
1.353397161999999980e+02
1.378831734000000324e+02
1.404284900999999763e+02
1.429798329000000194e+02
1.455797372000000678e+02
1.481795401000000538e+02
1.507206363999999894e+02
1.533201285999999754e+02
1.559080453000000261e+02
1.584536074000000099e+02
1.609881667000000789e+02
1.635224153000000342e+02
1.660758010000000695e+02
1.686488957000000255e+02
1.711928679999999758e+02
1.737348326999999699e+02
1.762935796000000437e+02
1.788843468999999686e+02
1.814909188000000313e+02
1.840335406000000376e+02
1.865774139999999761e+02
1.891204701999999997e+02
1.916588645000000497e+02
1.942503467999999884e+02
1.967864021000000321e+02
1.993863370000000259e+02
2.019424060999999710e+02
2.045382921000000351e+02
2.071214415000000599e+02
2.163120556000000079e+02
2.253872820999999931e+02
2.343965245000000550e+02
2.433437030999999706e+02
2.526631968000000370e+02
2.616433991000000105e+02
2.706144999000000553e+02
2.796084150000000363e+02
2.886071167000000059e+02
2.975993244999999661e+02
3.065800894000000199e+02
3.158062482999999929e+02
3.250846141000000671e+02
3.343009415999999874e+02
3.435021004000000175e+02
3.527269975000000386e+02
3.619680091000000175e+02
3.712479414000000588e+02
3.804234569000000192e+02
3.896633861000000252e+02
3.989399239000000534e+02
4.082157289000000446e+02
4.174953616000000238e+02
4.267274218000000019e+02
4.359899409000000787e+02
4.451770134000000780e+02
4.544408121999999821e+02
4.637056192000000010e+02
4.729571525000000065e+02
4.822018332000000100e+02
4.914203962999999931e+02
5.006394387000000279e+02
5.098818512999999939e+02
5.190605252999999948e+02
5.282370004000000563e+02
5.375075759999999718e+02
5.467414590000000771e+02
5.560238739000001260e+02
5.653482937999999649e+02
5.746749429999999847e+02
5.840224974000000202e+02
5.933146050000000287e+02
6.026034932000000026e+02
6.119054489000000103e+02
6.212329165000001012e+02
6.304724636000000828e+02
6.398006365999999616e+02
6.490924724000001333e+02
6.584405818000000181e+02
6.677934195000000273e+02
6.772424184000001333e+02
6.865721163999999135e+02
6.959010642000000644e+02
7.052024109999999837e+02
7.144942803999999796e+02
7.238115978999999243e+02
7.331165874999999232e+02
7.424386847999999191e+02
7.517638438000001315e+02
7.610580534000000625e+02
