5.126625299453735352e-01
5.222374796867370605e-01
5.327249765396118164e-01
5.493373870849609375e-01
5.494750738143920898e-01
5.674750208854675293e-01
5.851874947547912598e-01
5.871123671531677246e-01
6.070999503135681152e-01
6.164625287055969238e-01
6.356250643730163574e-01
6.545250415802001953e-01
6.666125655174255371e-01
6.760624647140502930e-01
6.878000497817993164e-01
6.978999972343444824e-01
7.074249982833862305e-01
7.122625708580017090e-01
7.020750641822814941e-01
7.153499126434326172e-01
6.998627185821533203e-01
7.112625241279602051e-01
7.188374400138854980e-01
7.266499400138854980e-01
7.151875495910644531e-01
7.172249555587768555e-01
7.273874878883361816e-01
7.321500182151794434e-01
7.356875538825988770e-01
7.393251061439514160e-01
7.385250329971313477e-01
7.084375023841857910e-01
7.376624345779418945e-01
7.406125664710998535e-01
8.015748858451843262e-01
7.576375007629394531e-01
8.064002394676208496e-01
8.277623057365417480e-01
7.451124787330627441e-01
7.952000498771667480e-01
7.164374589920043945e-01
7.462749481201171875e-01
7.527999877929687500e-01
8.058000802993774414e-01
7.412000298500061035e-01
7.462375164031982422e-01
7.960999011993408203e-01
8.224749565124511719e-01
8.361499905586242676e-01
7.460376024246215820e-01
8.049373626708984375e-01
8.269624114036560059e-01
8.409498333930969238e-01
8.528749346733093262e-01
8.590624928474426270e-01
8.655875921249389648e-01
7.480373978614807129e-01
7.491374015808105469e-01
7.797624468803405762e-01
7.480000257492065430e-01
7.559249997138977051e-01
7.868001461029052734e-01
8.057875037193298340e-01
8.158372640609741211e-01
8.264625072479248047e-01
8.332750201225280762e-01
8.383499979972839355e-01
8.461248874664306641e-01
7.500873804092407227e-01
