1.122730746865272522e-01
1.121572703123092651e-01
1.122096180915832520e-01
1.121074780821800232e-01
1.120183318853378296e-01
1.122166886925697327e-01
1.120491027832031250e-01
1.119598820805549622e-01
1.120800450444221497e-01
1.120628118515014648e-01
1.118896752595901489e-01
1.119550168514251709e-01
1.119724884629249573e-01
1.118649169802665710e-01
1.119175031781196594e-01
1.119458004832267761e-01
1.117652207612991333e-01
1.116587445139884949e-01
1.118429601192474365e-01
1.116278618574142456e-01
1.116354018449783325e-01
1.116882488131523132e-01
1.115552410483360291e-01
1.115488559007644653e-01
1.113479733467102051e-01
1.115199625492095947e-01
1.113520562648773193e-01
1.115138977766036987e-01
1.113089546561241150e-01
1.115713864564895630e-01
1.010528132319450378e-01
1.009964570403099060e-01
1.007800102233886719e-01
1.008956283330917358e-01
1.008639335632324219e-01
1.006481200456619263e-01
1.006943508982658386e-01
1.004561185836791992e-01
1.004613637924194336e-01
1.006083711981773376e-01
1.004811972379684448e-01
1.002753674983978271e-01
1.002167761325836182e-01
1.001112610101699829e-01
9.999160468578338623e-02
9.992852061986923218e-02
9.994500130414962769e-02
9.986414015293121338e-02
9.974107891321182251e-02
9.978514164686203003e-02
9.964999556541442871e-02
9.950789064168930054e-02
9.957268834114074707e-02
9.929140657186508179e-02
9.923775494098663330e-02
9.916414320468902588e-02
9.914125502109527588e-02
9.910082072019577026e-02
9.920779615640640259e-02
9.901032596826553345e-02
9.899506717920303345e-02
9.888684749603271484e-02
9.868036210536956787e-02
9.872759133577346802e-02
9.867896139621734619e-02
9.857060760259628296e-02
9.851451218128204346e-02
9.831586480140686035e-02
9.844608604907989502e-02
9.823849052190780640e-02
9.834687411785125732e-02
9.824447333812713623e-02
9.801961481571197510e-02
9.803407639265060425e-02
9.790427237749099731e-02
9.793057292699813843e-02
9.772764146327972412e-02
9.766864031553268433e-02
9.777231514453887939e-02
9.742756187915802002e-02
9.755506366491317749e-02
9.735041856765747070e-02
9.753147512674331665e-02
9.730857610702514648e-02
9.727022796869277954e-02
9.714547544717788696e-02
9.722509235143661499e-02
9.700617939233779907e-02
9.692212939262390137e-02
9.695798903703689575e-02
9.692414104938507080e-02
9.676899760961532593e-02
9.671788662672042847e-02
9.665439277887344360e-02
9.658869355916976929e-02
9.643441438674926758e-02
9.645078331232070923e-02
9.631849825382232666e-02
9.643185138702392578e-02
9.617981314659118652e-02
9.618341922760009766e-02
9.609995037317276001e-02
9.601647406816482544e-02
9.613545984029769897e-02
9.593396633863449097e-02
9.588715434074401855e-02
9.576828777790069580e-02
9.564531594514846802e-02
9.562273323535919189e-02
9.555984288454055786e-02
9.547878056764602661e-02
9.546577185392379761e-02
9.534040093421936035e-02
9.536439180374145508e-02
9.523871541023254395e-02
9.508481621742248535e-02
9.517717361450195312e-02
9.497590363025665283e-02
9.492444992065429688e-02
9.479496628046035767e-02
9.489205479621887207e-02
9.471349418163299561e-02
9.464333951473236084e-02
9.455078095197677612e-02
9.461534023284912109e-02
9.441705793142318726e-02
9.446515887975692749e-02
9.428195655345916748e-02
9.438371658325195312e-02
9.426449239253997803e-02
9.413952380418777466e-02
9.400622546672821045e-02
9.391189366579055786e-02
9.385368227958679199e-02
9.386288374662399292e-02
9.382858127355575562e-02
9.375301748514175415e-02
9.361417591571807861e-02
9.349118918180465698e-02
9.352439641952514648e-02
9.347674995660781860e-02
9.323600679636001587e-02
9.319639205932617188e-02
9.313712269067764282e-02
9.309681504964828491e-02
9.302397817373275757e-02
9.296754747629165649e-02
9.295751154422760010e-02
9.264098107814788818e-02
9.274870902299880981e-02
9.270433336496353149e-02
9.269252419471740723e-02
9.259659796953201294e-02
9.247713536024093628e-02
9.243726730346679688e-02
9.239213168621063232e-02
9.226457774639129639e-02
9.221043437719345093e-02
9.206512570381164551e-02
9.202945977449417114e-02
9.202649444341659546e-02
9.189009666442871094e-02
9.179794043302536011e-02
9.173142910003662109e-02
9.174333512783050537e-02
9.155181795358657837e-02
9.161278605461120605e-02
9.138473868370056152e-02
9.130012989044189453e-02
9.126766026020050049e-02
9.122737497091293335e-02
9.114307165145874023e-02
9.105882048606872559e-02
9.099074453115463257e-02
9.094003587961196899e-02
9.085015207529067993e-02
9.071701765060424805e-02
9.072822332382202148e-02
9.055263549089431763e-02
9.052394330501556396e-02
