7.280466700000033597e+00
1.386629630000015823e+01
2.055837830000018585e+01
2.706165250000003653e+01
3.370692710000002990e+01
4.028984960000025239e+01
4.684943610000027547e+01
5.340632009999990260e+01
6.004260930000009466e+01
6.656313720000025569e+01
7.349948959999983344e+01
8.008223309999993944e+01
8.656494419999989987e+01
9.322605770000018310e+01
9.964661220000016328e+01
1.061478551999998672e+02
1.127679977000002509e+02
1.195288190000001123e+02
1.259788008000000445e+02
1.325013748000001215e+02
1.390352843999999095e+02
1.454828256000000692e+02
1.520093492000000879e+02
1.586456819999998515e+02
1.650234552000001713e+02
1.716031864000001406e+02
1.781008090999998785e+02
1.845138541000001169e+02
1.910553112000002329e+02
1.973104256999999961e+02
2.154792774000002282e+02
2.330338141000001997e+02
2.507889245000001210e+02
2.685069730999998683e+02
2.862422142000000349e+02
3.039583797999998751e+02
3.214857237999999597e+02
3.395924817000000075e+02
3.573051605000000563e+02
3.749900662000000011e+02
3.927226688000000649e+02
4.104340028000001439e+02
4.278534128000001147e+02
4.456127802999999403e+02
4.631483001000001423e+02
4.813306231000001389e+02
4.989697025999998914e+02
5.166161732000000484e+02
5.343070468000000801e+02
5.520090617999999267e+02
5.693515523000000940e+02
5.873894211000001633e+02
6.053465543000002071e+02
6.227964544999999816e+02
6.404452437999998438e+02
6.579688516999999592e+02
6.756514634999998634e+02
6.931327764000002389e+02
7.103833012999998573e+02
7.284908131000001958e+02
7.465531783000001269e+02
7.641146524000000682e+02
7.816682872999999745e+02
7.994627089999999043e+02
8.173769606999999269e+02
8.350794255000000703e+02
8.524729861000000710e+02
8.702908216000000721e+02
8.883302346000000398e+02
9.061437134000002516e+02
9.237564353000002484e+02
9.413627695000000131e+02
9.593317956000000777e+02
9.769608637000001181e+02
9.948849168000001555e+02
1.012540991700000177e+03
1.030375307300000259e+03
1.048305769999999939e+03
1.065700222999999824e+03
1.083503662999999960e+03
1.101439838600000257e+03
1.119194611899999927e+03
1.136868133200000102e+03
1.154276135600000089e+03
1.172155635099999927e+03
1.190283825099999831e+03
1.208245967199999996e+03
1.225953357200000028e+03
1.243740394700000252e+03
1.261648939000000155e+03
1.279121380999999928e+03
1.296970362300000033e+03
1.314694510899999841e+03
1.332972087900000133e+03
1.350720418899999913e+03
1.368282957100000203e+03
1.385894452000000001e+03
1.403989436100000148e+03
1.421782306000000062e+03
1.439305180599999858e+03
1.457226530899999943e+03
1.475364116199999899e+03
1.492825301400000171e+03
1.510672461900000144e+03
1.528621467200000097e+03
1.546240491399999883e+03
1.564154068399999687e+03
1.582110982599999716e+03
1.600006753899999694e+03
1.618263072999999622e+03
1.636112313500000255e+03
1.654220736599999782e+03
1.672107817200000227e+03
1.690116328900000099e+03
1.707962479199999962e+03
1.725921004100000118e+03
1.743729903300000387e+03
1.761964340500000162e+03
1.780089713900000334e+03
1.798057312299999921e+03
1.815946980999999596e+03
1.833746928799999750e+03
1.852108259000000089e+03
1.870286778400000458e+03
1.888269667500000196e+03
1.906461672699999781e+03
1.924328977599999689e+03
1.942984537099999670e+03
1.961065785000000233e+03
1.979010698100000354e+03
1.996749191200000041e+03
2.015148902899999939e+03
2.033324185400000260e+03
2.051420657199999823e+03
2.069159397900000386e+03
2.087615164800000002e+03
2.106252832700000454e+03
2.127604989900000419e+03
2.148214539099999911e+03
2.166630075900000065e+03
2.184734081899999637e+03
2.202734726799999862e+03
2.220800718500000130e+03
2.239093055400000139e+03
2.257724611099999947e+03
2.275863037300000087e+03
2.293996455500000138e+03
2.311874561199999789e+03
2.329894903799999611e+03
2.348003393000000415e+03
2.365999562700000297e+03
2.384271377200000188e+03
2.402367107100000339e+03
2.420323205099999996e+03
2.438788498600000366e+03
2.456724330700000337e+03
2.474807485800000450e+03
2.492774869399999716e+03
2.510853691400000116e+03
2.528818472800000109e+03
2.547097249900000406e+03
2.565414699100000234e+03
2.583429065499999979e+03
2.601975069900000108e+03
2.620245248200000333e+03
2.638366053299999749e+03
2.656778167400000257e+03
2.675098873800000092e+03
2.693123686200000066e+03
2.711092065899999852e+03
2.729477726800000255e+03
2.747781093400000373e+03
2.765936052800000198e+03
2.784774737199999890e+03
2.803077840100000230e+03
2.821221918499999902e+03
2.839668913799999700e+03
2.857837299000000257e+03
2.876332187399999839e+03
2.895101733500000137e+03
