8.808395266532897949e-01
8.805398344993591309e-01
8.848956823348999023e-01
8.813447356224060059e-01
8.827177286148071289e-01
8.815183043479919434e-01
8.823074102401733398e-01
8.810763955116271973e-01
8.839173316955566406e-01
8.578023910522460938e-01
8.605902791023254395e-01
8.591268658638000488e-01
8.624851107597351074e-01
9.051385521888732910e-01
9.164332151412963867e-01
9.261756539344787598e-01
9.313244819641113281e-01
9.313740730285644531e-01
9.336410164833068848e-01
9.344345331192016602e-01
9.363790750503540039e-01
9.369987845420837402e-01
9.372171163558959961e-01
9.373807311058044434e-01
9.384573101997375488e-01
9.384321570396423340e-01
9.389731884002685547e-01
9.387201666831970215e-01
9.402480721473693848e-01
9.389432072639465332e-01
9.403768777847290039e-01
9.405656456947326660e-01
9.405851364135742188e-01
9.412696957588195801e-01
9.413591027259826660e-01
9.414331912994384766e-01
9.419540762901306152e-01
9.420288205146789551e-01
9.422523975372314453e-01
9.424207210540771484e-01
9.428422451019287109e-01
9.425148367881774902e-01
9.411702156066894531e-01
9.433429241180419922e-01
9.432192444801330566e-01
9.425992965698242188e-01
9.425597190856933594e-01
9.436061382293701172e-01
9.434373378753662109e-01
9.433036446571350098e-01
9.438988566398620605e-01
9.431001543998718262e-01
