1.781549619999999834e+01
3.009982720000000000e+01
4.212818550000000073e+01
5.441020499999999771e+01
6.665309910000000571e+01
7.892724069999999870e+01
9.088221649999999840e+01
1.031321590999999955e+02
1.154226656000000020e+02
1.454983925000000227e+02
1.761257644000000084e+02
2.066924411000000248e+02
2.372604162000000088e+02
2.747038904000000343e+02
3.146981282000000419e+02
3.542128757000000405e+02
3.935380367000000206e+02
4.333322208000000160e+02
4.726844388000000095e+02
5.124396897999999965e+02
5.523118107000000236e+02
5.918547978999999941e+02
6.315148629999999912e+02
6.709359035999999605e+02
7.101841364000000567e+02
7.496097104000000400e+02
7.905849038000000064e+02
8.315274643999999853e+02
8.714814202000000023e+02
9.127299804000000449e+02
9.521086469000000534e+02
9.916971312000000580e+02
1.033294763999999986e+03
1.073959895400000050e+03
1.099589289400000098e+03
1.125815237900000056e+03
1.152383102000000008e+03
1.178792023700000072e+03
1.212785062700000026e+03
1.246417413899999929e+03
1.280625540900000033e+03
1.315552544399999988e+03
1.351254860400000098e+03
1.387479416500000070e+03
1.422813344899999947e+03
1.458622735200000079e+03
1.495165644700000030e+03
1.530645893399999977e+03
1.566564710399999967e+03
1.602023187000000007e+03
1.636854303699999946e+03
1.672752297600000020e+03
