7.034226799999942159e+00
1.278605789999983244e+01
1.842224879999957921e+01
2.417212599999993472e+01
2.960471849999976257e+01
3.588468359999978929e+01
4.154536539999980960e+01
4.723970709999957762e+01
5.294175599999971382e+01
5.837321899999960806e+01
6.423157670000000508e+01
6.963258639999958177e+01
7.548266739999962738e+01
8.135704919999989215e+01
8.700799469999992652e+01
9.279275139999981548e+01
9.857578969999985929e+01
1.043789002999997138e+02
1.100861059999997451e+02
1.155547185999998874e+02
1.213978575999999521e+02
1.273264738999996553e+02
1.330039597999998477e+02
1.386787489999996978e+02
1.442780758999997488e+02
1.498683499999997366e+02
1.554295291999997062e+02
1.610330227999997987e+02
1.667464065999997729e+02
1.724512160999997832e+02
1.780850195999996686e+02
1.837392316999998911e+02
1.894363793999996233e+02
1.951180966999995690e+02
2.008447583999995913e+02
2.065390452999999980e+02
2.121292336999999861e+02
2.177564198000000033e+02
2.238125740999998925e+02
2.294140632999997251e+02
2.349453300999998646e+02
2.406805599999997867e+02
2.461359476999996332e+02
2.519758769000000029e+02
2.577640476999999919e+02
2.633466191999996227e+02
2.687456836999999723e+02
2.748444209999997838e+02
2.803183292999997320e+02
2.862277330999995684e+02
2.920075474999998733e+02
2.976811597999999321e+02
3.033851885999997648e+02
3.090645376999996188e+02
3.145066392999997333e+02
3.207921038999998018e+02
3.264071410999999898e+02
3.320297086999999010e+02
3.377250534999998308e+02
3.434690006999999241e+02
3.491811890999997559e+02
3.548915164999998524e+02
3.605983820999999807e+02
3.662514424999999392e+02
3.719670084999997925e+02
3.777427805999996053e+02
3.834494214999999713e+02
3.891173745999999483e+02
3.945129621999999472e+02
4.004854654999999184e+02
4.059598283999998785e+02
4.120165293999998539e+02
4.180309769999998935e+02
4.240275151999999252e+02
4.297110541999995803e+02
4.354857137999997576e+02
4.412763064999999187e+02
4.469776185999999143e+02
4.527186069999997926e+02
4.582023637999996026e+02
4.641807472999998936e+02
4.699123786999998629e+02
4.757007532999996329e+02
4.813935279999996055e+02
4.871017571999996107e+02
4.928104203999996571e+02
4.986089204999998401e+02
5.043515909999996438e+02
5.100653268999999455e+02
5.159737450999996327e+02
5.219623854999999821e+02
5.279261526999998750e+02
5.336878938999998354e+02
5.394920011999997769e+02
5.454494879999997465e+02
5.513060255999998844e+02
5.570969961999999214e+02
5.629091109999999389e+02
5.686410565999999562e+02
5.743960200999999870e+02
5.913340531999997438e+02
6.088029819999997017e+02
6.256294905999998264e+02
6.431245538999996825e+02
6.605346684999999525e+02
6.780109951999997975e+02
6.952030998999998701e+02
7.120878232000000025e+02
7.293907593999997516e+02
7.464428071999996064e+02
7.635602974999997059e+02
7.812614605999997366e+02
7.982349634999995942e+02
8.153201627999997072e+02
8.324094045999995615e+02
8.498963274999996429e+02
8.668638457999995808e+02
8.840169396999999663e+02
9.012885787999998684e+02
9.186478404999998020e+02
9.365263888999998017e+02
9.539022982999999840e+02
9.711557888999996067e+02
9.881971880999999485e+02
1.005453599099999792e+03
1.022786871499999961e+03
1.040242462799999885e+03
1.057649141899999904e+03
1.075426348799999687e+03
1.092454850499999793e+03
1.110176963899999919e+03
1.127606384100000014e+03
1.145108309099999587e+03
1.162472236199999770e+03
1.179997684899999967e+03
1.197734940499999993e+03
1.215485967699999946e+03
1.233178682599999775e+03
1.250769468299999971e+03
1.268381193199999871e+03
1.285683720399999856e+03
1.303624083799999880e+03
1.320891550099999677e+03
1.338636430499999733e+03
1.356718128999999863e+03
1.374268680499999846e+03
1.391754478399999698e+03
1.409520965299999716e+03
1.427116748899999948e+03
1.445001572599999690e+03
1.462485831399999824e+03
1.480171748399999615e+03
1.497768302299999959e+03
1.515779723199999808e+03
1.533325943599999846e+03
1.550769989399999758e+03
1.568764803099999881e+03
1.585810108599999694e+03
1.603603829599999699e+03
1.621605875699999615e+03
1.638845181099999991e+03
1.656418279299999995e+03
1.674902802299999621e+03
1.692258307399999921e+03
1.710325685199999953e+03
1.727728754699999627e+03
1.745810769099999561e+03
1.763638404499999979e+03
1.781531303399999615e+03
1.799252367399999912e+03
1.817085889799999677e+03
1.835382580699999835e+03
1.853036995899999965e+03
1.871274139699999978e+03
1.888962699199999861e+03
1.907333265899999788e+03
1.925305728799999997e+03
1.943651011099999778e+03
1.961498985299999731e+03
1.980044366299999638e+03
1.998172097900000153e+03
