1.257958561182022095e-01
1.089980229735374451e-01
9.934221208095550537e-02
9.072815626859664917e-02
8.273106813430786133e-02
7.628366351127624512e-02
7.086056470870971680e-02
6.615117192268371582e-02
6.210780516266822815e-02
5.913083627820014954e-02
5.584921687841415405e-02
5.387268215417861938e-02
5.152277275919914246e-02
5.019391328096389771e-02
4.815295338630676270e-02
4.675615206360816956e-02
4.503942281007766724e-02
4.385026171803474426e-02
4.258639365434646606e-02
4.135844856500625610e-02
4.018764197826385498e-02
3.873446211218833923e-02
3.846297040581703186e-02
3.727231919765472412e-02
3.612364828586578369e-02
3.533628582954406738e-02
3.477220982313156128e-02
3.372886776924133301e-02
3.290538489818572998e-02
3.211583197116851807e-02
3.103696554899215698e-02
3.059705905616283417e-02
2.982820197939872742e-02
2.923727966845035553e-02
2.862818725407123566e-02
2.777608484029769897e-02
2.723368629813194275e-02
2.681501954793930054e-02
2.589142695069313049e-02
2.550027519464492798e-02
2.464050054550170898e-02
2.422659099102020264e-02
2.360211871564388275e-02
2.327108196914196014e-02
2.296421118080615997e-02
2.255823276937007904e-02
2.188457734882831573e-02
2.171415276825428009e-02
2.077765204012393951e-02
2.028525806963443756e-02
1.971860043704509735e-02
1.971638202667236328e-02
1.892857626080513000e-02
1.867325417697429657e-02
1.822543330490589142e-02
1.774800755083560944e-02
1.733024418354034424e-02
1.714447140693664551e-02
1.698316261172294617e-02
1.653978601098060608e-02
1.613334752619266510e-02
1.586294546723365784e-02
1.548940129578113556e-02
1.512762159109115601e-02
1.473033428192138672e-02
1.479576714336872101e-02
1.408765837550163269e-02
1.403855718672275543e-02
1.362369675189256668e-02
1.346513442695140839e-02
1.333395391702651978e-02
1.299610640853643417e-02
1.286670379340648651e-02
1.233285013586282730e-02
1.240078918635845184e-02
1.191585138440132141e-02
1.187112182378768921e-02
1.164055243134498596e-02
1.138288341462612152e-02
1.126732677221298218e-02
1.108487602323293686e-02
1.061450783163309097e-02
1.053987070918083191e-02
1.038129441440105438e-02
1.026125904172658920e-02
9.901702404022216797e-03
9.813509881496429443e-03
9.810848161578178406e-03
9.517218917608261108e-03
9.439980611205101013e-03
9.174399077892303467e-03
9.088466875255107880e-03
8.878563530743122101e-03
8.893701247870922089e-03
8.531733416020870209e-03
8.604216389358043671e-03
8.296195417642593384e-03
8.116980083286762238e-03
8.457012474536895752e-03
8.173192851245403290e-03
1.466321107000112534e-02
1.405481528490781784e-02
1.355399377644062042e-02
1.324396859854459763e-02
1.280855014920234680e-02
1.260276231914758682e-02
1.235088706016540527e-02
1.217684429138898849e-02
1.187019608914852142e-02
1.167229842394590378e-02
1.137435622513294220e-02
1.130411308258771896e-02
1.124137826263904572e-02
1.095495931804180145e-02
1.090749166905879974e-02
1.074977964162826538e-02
1.057248376309871674e-02
1.059126481413841248e-02
1.050306670367717743e-02
1.013371255248785019e-02
1.007628720253705978e-02
1.005376782268285751e-02
9.809043258428573608e-03
9.855476208031177521e-03
9.815112687647342682e-03
9.615091606974601746e-03
9.526385925710201263e-03
9.481319226324558258e-03
9.444295428693294525e-03
9.221831336617469788e-03
9.222013875842094421e-03
9.166890755295753479e-03
9.033572860062122345e-03
8.952710777521133423e-03
8.829389698803424835e-03
8.858392015099525452e-03
8.714983239769935608e-03
8.619203232228755951e-03
8.543252944946289062e-03
8.455839939415454865e-03
8.528029546141624451e-03
8.452281355857849121e-03
8.310063742101192474e-03
8.325087837874889374e-03
8.350241929292678833e-03
8.138487115502357483e-03
8.133503608405590057e-03
8.037659339606761932e-03
8.064276538789272308e-03
8.070990443229675293e-03
7.880886085331439972e-03
7.876651361584663391e-03
7.864143699407577515e-03
7.839014753699302673e-03
7.703524082899093628e-03
7.795162498950958252e-03
7.708350662142038345e-03
7.647505495697259903e-03
7.633528672158718109e-03
7.627512328326702118e-03
7.527735549956560135e-03
7.630639243870973587e-03
7.516514975577592850e-03
7.428122684359550476e-03
7.379970978945493698e-03
7.395032327622175217e-03
7.276022341102361679e-03
7.235250901430845261e-03
7.205874659121036530e-03
7.304358296096324921e-03
7.108371704816818237e-03
7.176028098911046982e-03
7.063262630254030228e-03
7.056720089167356491e-03
7.019804324954748154e-03
7.029975764453411102e-03
6.947671063244342804e-03
6.922204513102769852e-03
6.909927353262901306e-03
6.901143584400415421e-03
6.890119984745979309e-03
6.779631134122610092e-03
6.824061740189790726e-03
6.874181795865297318e-03
