5.561472102999687195e-02
4.642045870423316956e-02
4.629519581794738770e-02
4.632193967700004578e-02
4.625730589032173157e-02
4.622020572423934937e-02
4.622507467865943909e-02
4.623105004429817200e-02
4.622702300548553467e-02
4.615500569343566895e-02
4.619057103991508484e-02
4.615487158298492432e-02
4.622842743992805481e-02
4.621251299977302551e-02
4.410162568092346191e-02
4.400865733623504639e-02
4.392533749341964722e-02
4.398193210363388062e-02
4.390441998839378357e-02
4.385428130626678467e-02
4.399175941944122314e-02
4.396795481443405151e-02
4.393687099218368530e-02
4.388555139303207397e-02
4.391824081540107727e-02
4.395900666713714600e-02
