1.027838849999989179e+01
1.840175300000009884e+01
2.644696579999981623e+01
3.451896649999980582e+01
4.264822640000011233e+01
5.064642679999997199e+01
5.880428299999994124e+01
6.681222799999977724e+01
7.488389869999991788e+01
8.301013199999988501e+01
9.115002000000004045e+01
9.915484130000004370e+01
1.073153271000001041e+02
1.153991448000001583e+02
1.353477601999998114e+02
1.553502730000000156e+02
1.753994411999997283e+02
1.956499561000000540e+02
2.155905586999997468e+02
2.355742529999997714e+02
2.556200094999999237e+02
2.753911125999998148e+02
2.955246057999997902e+02
3.157269160000000738e+02
3.357212194999997337e+02
3.557510950000000776e+02
