1.665595924854278431e-01
1.531490325927734319e-01
1.430353611707687322e-01
1.342528221011161926e-01
1.290727603435516402e-01
1.228903883695602467e-01
1.173783974349498771e-01
1.121178622543811815e-01
1.174766793847084045e-01
1.129289378225803442e-01
1.058102177083492246e-01
9.598935887217521779e-02
1.095184276998042994e-01
9.142538368701934315e-02
8.542771026492118613e-02
7.829401344060897550e-02
7.304141163825988992e-02
6.769279822707176264e-02
7.429425850510597285e-02
6.841615512967109958e-02
8.142487630248070041e-02
1.002040497958660153e-01
6.422438651323318648e-02
6.574971884489060059e-02
6.327827170491218123e-02
6.171253643929958121e-02
6.063641853630542811e-02
5.941427953541279089e-02
5.823377802968025124e-02
5.784921437501907432e-02
5.250534735620021598e-02
4.786065295338630399e-02
4.583949819207191329e-02
4.471941173076629528e-02
6.258682101964950506e-02
6.695528253912925998e-02
4.492949590086937200e-02
4.232457116246223644e-02
6.728650607168674969e-02
5.924903661012649592e-02
4.779576957225799283e-02
4.901999644935130934e-02
4.560827136039733581e-02
4.425894297659396792e-02
4.367895096540450744e-02
4.297690168023109158e-02
4.668109580874443137e-02
4.517640426754951366e-02
4.424407802522182381e-02
4.377643875777721683e-02
4.342868000268935991e-02
4.369288861751556563e-02
4.886451773345470290e-02
5.740549892187118280e-02
4.772674359381198772e-02
4.640919208526611550e-02
4.546709485352039282e-02
5.889393493533134211e-02
5.732102818787097875e-02
4.016079999506473597e-02
3.651837140321731456e-02
3.507706198841333695e-02
4.416427046060562162e-02
3.766397856175899422e-02
3.644378997385502167e-02
5.227357976138592016e-02
4.112803690135478918e-02
5.922664076089859120e-02
5.789958082139492340e-02
4.621239207684993411e-02
4.490613870322704426e-02
4.428527861833572721e-02
4.367566011846065605e-02
4.322396889328956882e-02
4.470822900533676092e-02
4.337214656174182698e-02
4.241231679916381697e-02
4.837449833750724626e-02
