7.818946242332458496e-02
7.742796093225479126e-02
7.870917022228240967e-02
7.749141007661819458e-02
7.706701010465621948e-02
7.824160903692245483e-02
7.749086618423461914e-02
7.594744116067886353e-02
7.757462561130523682e-02
8.176472783088684082e-02
1.001275181770324707e-01
9.883328527212142944e-02
9.863389283418655396e-02
9.775341302156448364e-02
1.012150123715400696e-01
1.002343446016311646e-01
1.006891503930091858e-01
9.885852038860321045e-02
9.932558983564376831e-02
9.979777038097381592e-02
9.839237481355667114e-02
9.782752394676208496e-02
9.785208106040954590e-02
9.978590160608291626e-02
1.303503960371017456e-01
1.272744238376617432e-01
1.279479116201400757e-01
1.297077536582946777e-01
1.269963979721069336e-01
1.264669299125671387e-01
1.284857392311096191e-01
1.275760233402252197e-01
1.290333420038223267e-01
1.274847090244293213e-01
1.268899291753768921e-01
1.270654499530792236e-01
1.277534067630767822e-01
1.266649663448333740e-01
1.279113441705703735e-01
1.838929504156112671e-01
1.832613199949264526e-01
1.859758496284484863e-01
1.837484389543533325e-01
1.860703825950622559e-01
1.851062923669815063e-01
1.857815682888031006e-01
1.851078867912292480e-01
1.849135458469390869e-01
1.843432486057281494e-01
1.849980950355529785e-01
1.828921437263488770e-01
1.847957670688629150e-01
1.824355125427246094e-01
1.856763660907745361e-01
1.840518414974212646e-01
1.829848438501358032e-01
1.872397214174270630e-01
1.862184554338455200e-01
1.843221485614776611e-01
1.851458996534347534e-01
1.851065009832382202e-01
1.853403598070144653e-01
1.847925782203674316e-01
1.850616037845611572e-01
1.880902498960494995e-01
