5.040404200553894043e-01
5.949494838714599609e-01
6.090909242630004883e-01
6.252525448799133301e-01
6.585858464241027832e-01
6.727272868156433105e-01
6.939393877983093262e-01
6.808080673217773438e-01
7.141414284706115723e-01
7.585858702659606934e-01
7.565656304359436035e-01
7.464646697044372559e-01
7.696969509124755859e-01
7.818182110786437988e-01
7.969697117805480957e-01
7.868686914443969727e-01
8.151515126228332520e-01
8.030303120613098145e-01
8.141413927078247070e-01
8.101010322570800781e-01
8.232323527336120605e-01
8.383838534355163574e-01
8.383838534355163574e-01
8.363636136054992676e-01
8.424242138862609863e-01
8.535353541374206543e-01
8.515151739120483398e-01
8.676767945289611816e-01
8.626262545585632324e-01
8.505050539970397949e-01
8.797979950904846191e-01
8.737373948097229004e-01
8.757575750350952148e-01
8.848484754562377930e-01
8.797979950904846191e-01
8.909090757369995117e-01
8.818181753158569336e-01
8.909090757369995117e-01
9.040403962135314941e-01
9.030302762985229492e-01
9.202020168304443359e-01
9.161615967750549316e-01
9.202020168304443359e-01
9.232323169708251953e-01
9.232323169708251953e-01
9.181818366050720215e-01
9.202020168304443359e-01
9.202020168304443359e-01
9.303030371665954590e-01
9.202020168304443359e-01
9.272727370262145996e-01
9.414141178131103516e-01
9.414141178131103516e-01
9.383838176727294922e-01
9.373737573623657227e-01
9.505050778388977051e-01
9.373737573623657227e-01
9.535353779792785645e-01
9.464646577835083008e-01
9.515151381492614746e-01
9.484848380088806152e-01
9.515151381492614746e-01
9.484848380088806152e-01
9.535353779792785645e-01
9.515151381492614746e-01
9.575757384300231934e-01
9.565656781196594238e-01
9.565656781196594238e-01
9.464646577835083008e-01
9.545454382896423340e-01
9.646464586257934570e-01
9.606060385704040527e-01
9.606060385704040527e-01
9.535353779792785645e-01
9.686868786811828613e-01
9.646464586257934570e-01
9.575757384300231934e-01
9.595959782600402832e-01
9.585858583450317383e-01
8.822537660598754883e-01
9.028285741806030273e-01
9.053357839584350586e-01
9.105117917060852051e-01
9.076766967773437500e-01
9.168652296066284180e-01
9.059498310089111328e-01
9.155031442642211914e-01
9.161911010742187500e-01
9.166343212127685547e-01
9.228954315185546875e-01
9.271526336669921875e-01
9.226645231246948242e-01
9.217226505279541016e-01
9.260167479515075684e-01
9.293458461761474609e-01
9.332890510559082031e-01
9.333859682083129883e-01
9.336399435997009277e-01
9.329888820648193359e-01
9.326748847961425781e-01
9.368951320648193359e-01
9.332890510559082031e-01
9.445783495903015137e-01
9.331920146942138672e-01
9.419972896575927734e-01
9.323239922523498535e-01
9.439134597778320312e-01
9.377632141113281250e-01
9.430453777313232422e-01
9.412862062454223633e-01
9.358100891113281250e-01
9.282976984977722168e-01
9.364980459213256836e-01
