2.874520421028137207e-01
2.507466375827789307e-01
2.260751724243164062e-01
2.137968540191650391e-01
1.998055577278137207e-01
2.034859359264373779e-01
1.841185539960861206e-01
1.803723722696304321e-01
1.777529269456863403e-01
1.701726019382476807e-01
1.684577018022537231e-01
1.617697328329086304e-01
1.557333320379257202e-01
1.554719805717468262e-01
1.474616825580596924e-01
1.451429873704910278e-01
1.456985175609588623e-01
1.402203291654586792e-01
1.362571269273757935e-01
1.332518309354782104e-01
1.326614469289779663e-01
1.313341259956359863e-01
1.254616081714630127e-01
1.204206645488739014e-01
1.205549091100692749e-01
1.210511103272438049e-01
1.153886988759040833e-01
1.175923570990562439e-01
1.092119589447975159e-01
1.064745038747787476e-01
1.085851341485977173e-01
1.028150916099548340e-01
1.003031656146049500e-01
1.014264449477195740e-01
9.705553948879241943e-02
9.552496671676635742e-02
9.177759289741516113e-02
8.946345001459121704e-02
8.691275119781494141e-02
8.876071125268936157e-02
8.500082790851593018e-02
8.094613999128341675e-02
7.790619879961013794e-02
7.720723748207092285e-02
7.425688952207565308e-02
6.969832628965377808e-02
7.103244215250015259e-02
7.015168666839599609e-02
6.678420305252075195e-02
6.662505865097045898e-02
6.248106434941291809e-02
6.391631811857223511e-02
6.018915772438049316e-02
5.924084410071372986e-02
5.497840419411659241e-02
5.339746922254562378e-02
5.353068932890892029e-02
5.424018204212188721e-02
5.161020532250404358e-02
4.719895124435424805e-02
4.769553989171981812e-02
4.749478772282600403e-02
4.594391211867332458e-02
4.331482574343681335e-02
4.198715835809707642e-02
4.092757403850555420e-02
3.939515724778175354e-02
4.038049653172492981e-02
3.875612840056419373e-02
3.883003070950508118e-02
3.837922960519790649e-02
3.423167020082473755e-02
3.590274602174758911e-02
3.289826214313507080e-02
3.256341814994812012e-02
3.607232123613357544e-02
3.266275301575660706e-02
3.318187966942787170e-02
6.586093455553054810e-02
6.018140539526939392e-02
5.817900970578193665e-02
5.518022924661636353e-02
4.959142953157424927e-02
4.920023679733276367e-02
4.622188955545425415e-02
4.349932074546813965e-02
4.193442687392234802e-02
4.189435020089149475e-02
4.030914977192878723e-02
3.869744017720222473e-02
3.596660494804382324e-02
3.461642563343048096e-02
3.689134493470191956e-02
3.433720767498016357e-02
3.211399540305137634e-02
3.073132596909999847e-02
2.963675931096076965e-02
3.047841973602771759e-02
2.948266640305519104e-02
2.815010584890842438e-02
2.689423784613609314e-02
2.564506232738494873e-02
2.489113993942737579e-02
2.302448824048042297e-02
2.481490746140480042e-02
2.485190331935882568e-02
2.337776683270931244e-02
2.333011291921138763e-02
