2.515562659999999795e+01
2.525544049999999885e+01
2.535644010000000037e+01
2.545617909999999995e+01
2.555550239999999818e+01
2.565582639999999870e+01
2.575459250000000111e+01
2.585541699999999921e+01
2.595402529999999786e+01
2.605205339999999836e+01
2.615246559999999931e+01
2.625278549999999811e+01
2.635417019999999866e+01
2.645372589999999846e+01
2.655230990000000091e+01
2.665292339999999882e+01
2.675165549999999826e+01
2.684985250000000079e+01
2.694905319999999804e+01
2.704760699999999929e+01
2.714832469999999986e+01
2.724813669999999988e+01
2.734671319999999994e+01
2.744453039999999788e+01
2.754331269999999776e+01
2.764467080000000010e+01
2.774396060000000119e+01
2.784269549999999782e+01
2.794132150000000081e+01
2.803956499999999963e+01
2.814040539999999879e+01
2.823924969999999846e+01
2.833764049999999912e+01
2.843541459999999788e+01
2.853349030000000042e+01
2.863353460000000084e+01
2.873264629999999897e+01
2.883144180000000034e+01
2.892997929999999940e+01
2.902828930000000085e+01
2.926041520000000062e+01
2.935855480000000028e+01
2.945707459999999855e+01
2.955512429999999924e+01
2.965430539999999837e+01
2.975446390000000108e+01
2.985257190000000094e+01
2.995051699999999784e+01
3.004901609999999934e+01
3.014713609999999733e+01
3.024835859999999599e+01
3.034639729999999957e+01
3.044396479999999627e+01
3.054232100000000116e+01
3.064021410000000145e+01
3.074153359999999680e+01
3.083950850000000088e+01
3.093885170000000073e+01
3.103808860000000180e+01
3.113718320000000261e+01
3.123805569999999676e+01
3.133638549999999867e+01
3.143412800000000118e+01
3.153281139999999994e+01
3.163082699999999647e+01
3.173144709999999691e+01
3.182941439999999744e+01
3.192804329999999879e+01
3.202605249999999870e+01
3.212442680000000195e+01
3.222392699999999621e+01
3.232230769999999609e+01
3.242001090000000119e+01
3.251832489999999609e+01
3.261649469999999695e+01
3.271814539999999738e+01
3.281626719999999864e+01
3.291450929999999886e+01
5.713423199999999724e+01
5.735596269999999919e+01
5.758029119999999779e+01
5.780254389999999631e+01
5.802902629999999817e+01
5.825128939999999744e+01
5.847212749999999915e+01
5.869617730000000222e+01
5.891753589999999718e+01
5.913928630000000197e+01
5.936147840000000286e+01
5.958252819999999872e+01
5.995518280000000289e+01
6.017752939999999739e+01
6.040419669999999996e+01
6.062638729999999754e+01
6.084844079999999877e+01
6.107387140000000159e+01
6.129534060000000295e+01
6.151702769999999987e+01
6.173972289999999674e+01
6.196198009999999812e+01
6.218672109999999265e+01
6.240935029999999273e+01
6.263204590000000138e+01
6.285491230000000229e+01
6.307656379999999530e+01
6.330125500000000471e+01
6.352320870000000497e+01
6.374590930000000100e+01
