8.694761395454406738e-01
8.770200610160827637e-01
8.724906444549560547e-01
8.780145645141601562e-01
8.719381690025329590e-01
8.730904459953308105e-01
8.739584088325500488e-01
8.713856935501098633e-01
8.759312033653259277e-01
8.727430105209350586e-01
8.749209046363830566e-01
8.551338315010070801e-01
8.517611026763916016e-01
8.640426397323608398e-01
8.984323740005493164e-01
9.133084416389465332e-01
9.287597537040710449e-01
9.329416155815124512e-01
9.353570342063903809e-01
9.369542598724365234e-01
9.380604028701782227e-01
9.397913217544555664e-01
9.418898224830627441e-01
9.422869682312011719e-01
9.427875876426696777e-01
9.435465931892395020e-01
9.430905580520629883e-01
9.444689750671386719e-01
9.449155926704406738e-01
9.448215961456298828e-01
9.453128576278686523e-01
9.457391500473022461e-01
9.459972381591796875e-01
9.462696313858032227e-01
9.477976560592651367e-01
9.465921521186828613e-01
9.476440548896789551e-01
9.477230310440063477e-01
9.472221136093139648e-01
9.481745362281799316e-01
9.484377503395080566e-01
9.483085274696350098e-01
9.486559033393859863e-01
9.481549859046936035e-01
9.486953020095825195e-01
9.491223096847534180e-01
9.487105607986450195e-01
9.481844902038574219e-01
9.490823745727539062e-01
9.491816163063049316e-01
9.494593739509582520e-01
9.496873021125793457e-01
9.497074484825134277e-01
9.489584565162658691e-01
