1.227731540000058885e+01
2.368446370000037859e+01
3.508150459999978921e+01
4.656618260000050213e+01
5.799345869999979186e+01
6.929490299999997660e+01
8.078836440000031871e+01
9.222547010000016598e+01
1.034184328999999707e+02
1.149487280000003011e+02
1.264152088000000731e+02
1.561990276000005906e+02
1.863917889000003925e+02
2.165791434000002482e+02
2.466995868000003611e+02
2.768382638000002771e+02
3.068774167000001398e+02
3.372281631000005291e+02
3.674062582000005932e+02
3.976461126000003787e+02
4.278839839000002030e+02
4.582809266000003845e+02
4.884438343000001623e+02
5.187790347999998630e+02
5.492179732000004151e+02
5.791809637000005750e+02
6.093402836000004754e+02
6.395821132999999463e+02
6.694007577000002129e+02
6.999291032000000996e+02
7.299861038999997618e+02
7.601856254000003901e+02
7.904955924000005325e+02
8.205509493999998085e+02
8.506092789000003904e+02
8.808028315000001385e+02
9.109739736000001358e+02
9.412479868000000351e+02
9.715455300000003263e+02
1.001687563200000113e+03
1.031989227500000197e+03
1.062399572100000114e+03
1.092193914999999834e+03
1.122282552200000282e+03
1.152814398200000142e+03
1.183282727200000409e+03
1.213428298499999983e+03
1.243493302699999731e+03
1.273875907900000129e+03
1.304080984600000193e+03
1.334348497599999973e+03
1.364311080200000106e+03
1.394438015300000188e+03
1.424645165599999928e+03
