7.747160196304321289e-01
8.152461051940917969e-01
8.357322216033935547e-01
8.491791486740112305e-01
8.670769333839416504e-01
8.686237931251525879e-01
8.788512945175170898e-01
8.847540020942687988e-01
8.889203667640686035e-01
8.932447433471679688e-01
8.985480070114135742e-01
8.988006114959716797e-01
9.039456248283386230e-01
9.054610729217529297e-01
9.096907377243041992e-01
9.104167819023132324e-01
9.134787917137145996e-01
9.141412973403930664e-01
9.169510602951049805e-01
9.160037636756896973e-01
9.194759726524353027e-01
9.182448387145996094e-01
9.220958352088928223e-01
9.209282398223876953e-01
9.226008057594299316e-01
9.245262742042541504e-01
9.248420000076293945e-01
9.254420399665832520e-01
9.264204502105712891e-01
9.265150427818298340e-01
9.280619025230407715e-01
9.284091591835021973e-01
9.298926591873168945e-01
9.302716255187988281e-01
9.299876093864440918e-01
9.290090799331665039e-01
9.313446283340454102e-01
9.312186241149902344e-01
9.314711093902587891e-01
9.303979277610778809e-01
9.340596199035644531e-01
9.333965778350830078e-01
9.335228204727172852e-01
9.316917657852172852e-01
9.321336150169372559e-01
9.328915476799011230e-01
9.335542321205139160e-01
9.330491423606872559e-01
9.333648681640625000e-01
9.342173933982849121e-01
9.325439929962158203e-01
9.335858225822448730e-01
9.329230785369873047e-01
9.328600168228149414e-01
9.341224431991577148e-01
9.341224431991577148e-01
9.330491423606872559e-01
9.341224431991577148e-01
9.325441122055053711e-01
9.337435364723205566e-01
9.342170953750610352e-01
9.336808919906616211e-01
9.336174130439758301e-01
9.337437152862548828e-01
9.328599572181701660e-01
9.343751668930053711e-01
9.347854852676391602e-01
9.358270168304443359e-01
9.349746108055114746e-01
9.314709901809692383e-01
9.336491227149963379e-01
9.358585476875305176e-01
9.344063401222229004e-01
9.354484677314758301e-01
9.349116086959838867e-01
9.344695210456848145e-01
9.361742734909057617e-01
9.346276521682739258e-01
9.340594410896301270e-01
9.344065785408020020e-01
9.345327615737915039e-01
9.346591830253601074e-01
9.335855841636657715e-01
8.966569304466247559e-01
8.955851793289184570e-01
8.964983224868774414e-01
8.972620368003845215e-01
8.972619771957397461e-01
8.957144618034362793e-01
8.971427679061889648e-01
8.959522247314453125e-01
8.975193500518798828e-01
8.973904252052307129e-01
8.978471159934997559e-01
8.991965055465698242e-01
8.976191878318786621e-01
8.988590836524963379e-01
8.978672623634338379e-01
8.983236551284790039e-01
8.975888490676879883e-01
8.988489508628845215e-01
8.992658257484436035e-01
8.986704945564270020e-01
8.991768360137939453e-01
9.000888466835021973e-01
8.968055248260498047e-01
8.992258310317993164e-01
8.993656039237976074e-01
8.984026908874511719e-01
9.004066586494445801e-01
9.004759192466735840e-01
8.986206650733947754e-01
8.992160558700561523e-01
8.988297581672668457e-01
8.987504243850708008e-01
9.000300168991088867e-01
8.999999165534973145e-01
9.008728265762329102e-01
8.999407887458801270e-01
8.995336890220642090e-01
8.983529806137084961e-01
8.990671038627624512e-01
8.998020887374877930e-01
8.999801278114318848e-01
9.002287983894348145e-01
9.009424448013305664e-01
8.993552327156066895e-01
8.991569280624389648e-01
9.009325504302978516e-01
9.005554914474487305e-01
8.997418880462646484e-01
