5.103124976158142090e-01
5.386111140251159668e-01
5.776736140251159668e-01
5.971527695655822754e-01
6.182985305786132812e-01
6.323610544204711914e-01
6.452082991600036621e-01
6.564235091209411621e-01
6.635416150093078613e-01
6.655555963516235352e-01
6.701736450195312500e-01
6.585069298744201660e-01
6.607292294502258301e-01
6.739236712455749512e-01
6.821179986000061035e-01
6.870486736297607422e-01
6.895138621330261230e-01
6.880555748939514160e-01
6.948263645172119141e-01
6.974306702613830566e-01
7.015625238418579102e-01
6.892359852790832520e-01
6.873610615730285645e-01
6.918749213218688965e-01
6.947222352027893066e-01
6.997568607330322266e-01
6.992015242576599121e-01
7.045487165451049805e-01
7.022568583488464355e-01
6.800694465637207031e-01
6.905206441879272461e-01
7.179514169692993164e-01
7.267014384269714355e-01
6.952430605888366699e-01
6.844097971916198730e-01
6.892707943916320801e-01
7.012847065925598145e-01
6.797918081283569336e-01
7.031942605972290039e-01
7.414929270744323730e-01
6.927082538604736328e-01
6.876389980316162109e-01
7.438542246818542480e-01
7.067361474037170410e-01
6.687152981758117676e-01
7.081250548362731934e-01
7.140277624130249023e-01
7.754513025283813477e-01
6.986457705497741699e-01
7.322223186492919922e-01
6.996527910232543945e-01
6.953470706939697266e-01
7.478125095367431641e-01
7.667709589004516602e-01
7.808680534362792969e-01
7.935069799423217773e-01
7.960068583488464355e-01
8.046876788139343262e-01
8.082640767097473145e-01
8.139930963516235352e-01
8.188888430595397949e-01
8.203125596046447754e-01
6.888195276260375977e-01
6.678125262260437012e-01
7.097917199134826660e-01
7.639236450195312500e-01
7.853125929832458496e-01
7.955208420753479004e-01
8.063890337944030762e-01
8.132290840148925781e-01
8.146181702613830566e-01
6.922917366027832031e-01
