2.546691298484802246e-01
2.266171723604202271e-01
2.122951298952102661e-01
2.032706439495086670e-01
1.964472979307174683e-01
1.910466253757476807e-01
1.865294724702835083e-01
1.819954216480255127e-01
1.784815043210983276e-01
1.755413115024566650e-01
1.726747006177902222e-01
1.691176593303680420e-01
1.664466559886932373e-01
1.640071123838424683e-01
1.612946093082427979e-01
1.585610508918762207e-01
1.561243385076522827e-01
1.537267565727233887e-01
1.514377892017364502e-01
1.481513530015945435e-01
1.459242105484008789e-01
1.438874155282974243e-01
1.414610147476196289e-01
1.395870894193649292e-01
1.365714222192764282e-01
1.349064260721206665e-01
1.327377855777740479e-01
1.303635835647583008e-01
1.277887523174285889e-01
1.261462718248367310e-01
1.229140162467956543e-01
1.206740438938140869e-01
1.187440901994705200e-01
1.168868541717529297e-01
1.138406842947006226e-01
1.115127503871917725e-01
1.089935302734375000e-01
1.068094894289970398e-01
1.041393727064132690e-01
1.021817177534103394e-01
9.991659224033355713e-02
9.687766432762145996e-02
9.576916694641113281e-02
9.354291856288909912e-02
9.195414930582046509e-02
8.920373022556304932e-02
8.755902200937271118e-02
8.541376143693923950e-02
8.417836576700210571e-02
8.202105015516281128e-02
8.016885817050933838e-02
7.862793654203414917e-02
7.737221568822860718e-02
7.551106065511703491e-02
7.386556267738342285e-02
7.294439524412155151e-02
7.089203596115112305e-02
7.009904831647872925e-02
6.811913102865219116e-02
6.750869005918502808e-02
6.638993322849273682e-02
6.536924093961715698e-02
6.435874104499816895e-02
6.280231475830078125e-02
6.143415719270706177e-02
6.057048588991165161e-02
5.943508818745613098e-02
5.897841602563858032e-02
5.765968188643455505e-02
5.709480121731758118e-02
5.628760531544685364e-02
5.534726008772850037e-02
5.423869565129280090e-02
5.336089804768562317e-02
5.245967581868171692e-02
5.160989612340927124e-02
5.080079287290573120e-02
5.020749568939208984e-02
4.974589496850967407e-02
4.882540181279182434e-02
4.825883358716964722e-02
4.759734123945236206e-02
4.676941409707069397e-02
4.664219170808792114e-02
4.589260742068290710e-02
4.539966210722923279e-02
4.481358453631401062e-02
4.434052109718322754e-02
4.375473782420158386e-02
4.357783496379852295e-02
4.295290261507034302e-02
4.189109057188034058e-02
4.215131700038909912e-02
4.175605624914169312e-02
4.099362343549728394e-02
4.025598987936973572e-02
4.020999744534492493e-02
3.942003101110458374e-02
3.948761522769927979e-02
3.900137916207313538e-02
4.810382425785064697e-02
3.826461359858512878e-02
3.536944463849067688e-02
3.294967487454414368e-02
3.210338950157165527e-02
2.992431819438934326e-02
2.825661003589630127e-02
2.788689918816089630e-02
2.670711651444435120e-02
2.557748742401599884e-02
2.441558428108692169e-02
2.381904795765876770e-02
2.294624038040637970e-02
2.163155004382133484e-02
2.093182504177093506e-02
2.053236216306686401e-02
1.946466229856014252e-02
1.871752366423606873e-02
1.813216693699359894e-02
1.753497309982776642e-02
1.702608540654182434e-02
1.659887842833995819e-02
1.610810123383998871e-02
1.564799994230270386e-02
1.524148136377334595e-02
1.495601702481508255e-02
1.412048004567623138e-02
1.347869727760553360e-02
1.197104528546333313e-02
1.017618924379348755e-02
9.464533068239688873e-03
8.999876677989959717e-03
8.583577349781990051e-03
8.186855353415012360e-03
7.968739606440067291e-03
7.834392599761486053e-03
7.590329740196466446e-03
7.337918039411306381e-03
7.148649543523788452e-03
7.069597952067852020e-03
6.891808006912469864e-03
6.829530932009220123e-03
6.599293556064367294e-03
6.549004931002855301e-03
6.391612812876701355e-03
6.358318962156772614e-03
6.241909693926572800e-03
6.083390675485134125e-03
5.944868549704551697e-03
5.938110407441854477e-03
5.849096924066543579e-03
5.790457129478454590e-03
5.673703271895647049e-03
5.570288281887769699e-03
5.512157920747995377e-03
5.485726986080408096e-03
5.410519894212484360e-03
5.363745614886283875e-03
5.325713194906711578e-03
5.238406360149383545e-03
5.204591900110244751e-03
5.160092841833829880e-03
5.087488330900669098e-03
5.047529004514217377e-03
4.993714857846498489e-03
4.936887416988611221e-03
4.838767461478710175e-03
4.799329210072755814e-03
4.703853279352188110e-03
4.697540774941444397e-03
4.657280165702104568e-03
4.600029438734054565e-03
4.537556786090135574e-03
4.542755894362926483e-03
4.457828588783740997e-03
4.413729533553123474e-03
4.399440251290798187e-03
4.427600651979446411e-03
4.269093275070190430e-03
4.236348439007997513e-03
4.196126013994216919e-03
4.166510421782732010e-03
4.179646261036396027e-03
4.128677304834127426e-03
4.075817298144102097e-03
3.986490424722433090e-03
3.958837594836950302e-03
3.986294846981763840e-03
3.955764230340719223e-03
3.869475331157445908e-03
3.846142673864960670e-03
3.844660939648747444e-03
3.766312263906002045e-03
3.790024435147643089e-03
3.773445496335625648e-03
3.707177005708217621e-03
3.645959775894880295e-03
3.621948650106787682e-03
3.598978510126471519e-03
3.578723408281803131e-03
