8.994358181953430176e-01
9.267794489860534668e-01
9.305990338325500488e-01
9.264758229255676270e-01
9.248698353767395020e-01
9.322049021720886230e-01
9.266926646232604980e-01
9.158855676651000977e-01
9.271267652511596680e-01
9.216145277023315430e-01
9.373262524604797363e-01
9.197047352790832520e-01
9.268664121627807617e-01
9.299479722976684570e-01
9.264758229255676270e-01
9.349824786186218262e-01
9.334201812744140625e-01
9.345053434371948242e-01
9.339844584465026855e-01
9.383680224418640137e-01
9.435329437255859375e-01
9.417535066604614258e-01
9.504342079162597656e-01
9.493057131767272949e-01
9.528646469116210938e-01
9.538627862930297852e-01
9.587675333023071289e-01
9.567272067070007324e-01
9.592882394790649414e-01
9.636284112930297852e-01
9.590277671813964844e-01
9.594618082046508789e-01
9.614149332046508789e-01
9.615885615348815918e-01
9.623263478279113770e-01
9.646700024604797363e-01
9.635416269302368164e-01
9.626301527023315430e-01
9.609808921813964844e-01
9.653646349906921387e-01
9.658418893814086914e-01
9.659722447395324707e-01
9.634550213813781738e-01
9.659289121627807617e-01
9.639321565628051758e-01
9.638455510139465332e-01
9.646266698837280273e-01
9.635850191116333008e-01
9.642361402511596680e-01
9.654514193534851074e-01
9.641059637069702148e-01
9.652343988418579102e-01
9.674478769302368164e-01
9.651039838790893555e-01
9.663626551628112793e-01
9.639323353767395020e-01
9.644531011581420898e-01
9.637587666511535645e-01
9.634982943534851074e-01
9.659722447395324707e-01
9.664497375488281250e-01
9.667100906372070312e-01
9.667969942092895508e-01
9.664495587348937988e-01
9.658418893814086914e-01
9.653644561767578125e-01
9.661024808883666992e-01
9.659720659255981445e-01
9.288476705551147461e-01
9.326687455177307129e-01
9.351220130920410156e-01
9.383114576339721680e-01
9.411137700080871582e-01
9.432654380798339844e-01
9.447466135025024414e-01
9.461901187896728516e-01
9.469356536865234375e-01
9.468690752983093262e-01
9.476619362831115723e-01
9.489923715591430664e-01
9.502851366996765137e-01
9.497657418251037598e-01
9.501901865005493164e-01
9.503508806228637695e-01
9.514170885086059570e-01
9.520398974418640137e-01
9.525400400161743164e-01
9.537758827209472656e-01
9.542946219444274902e-01
9.528610110282897949e-01
9.544838666915893555e-01
9.533700346946716309e-01
9.541153907775878906e-01
9.542576074600219727e-01
9.546912908554077148e-01
9.553045034408569336e-01
9.550215005874633789e-01
9.557479619979858398e-01
9.545211195945739746e-01
9.560120701789855957e-01
9.556817412376403809e-01
9.553332328796386719e-01
9.563614130020141602e-01
9.567202925682067871e-01
9.554841518402099609e-01
9.567294716835021973e-01
9.563899040222167969e-01
9.569277763366699219e-01
9.563800096511840820e-01
9.560029506683349609e-01
9.567481875419616699e-01
9.573520421981811523e-01
9.573330283164978027e-01
9.579842686653137207e-01
9.570216536521911621e-01
9.579088091850280762e-01
9.575219154357910156e-01
9.575881958007812500e-01
9.570878744125366211e-01
9.574180245399475098e-01
