5.813625454902648926e-02
2.764451876282691956e-02
2.666927501559257507e-02
2.732232585549354553e-02
2.735885977745056152e-02
2.568218670785427094e-02
2.497838065028190613e-02
2.415431477129459381e-02
2.411896549165248871e-02
2.415496110916137695e-02
2.264961227774620056e-02
2.206817455589771271e-02
2.234469726681709290e-02
2.145712822675704956e-02
2.086566016077995300e-02
2.095148712396621704e-02
2.120287157595157623e-02
2.025703340768814087e-02
2.028400823473930359e-02
1.642740517854690552e-02
1.327032875269651413e-02
1.140262279659509659e-02
9.398491121828556061e-03
9.226334281265735626e-03
7.018698845058679581e-03
6.171013228595256805e-03
5.225739441812038422e-03
5.028509069234132767e-03
4.160036798566579819e-03
3.672185121104121208e-03
4.812459927052259445e-03
4.331657197326421738e-03
3.258747979998588562e-03
3.307398408651351929e-03
2.790133003145456314e-03
2.474803477525711060e-03
2.368830377236008644e-03
2.246815245598554611e-03
1.980445813387632370e-03
1.963928574696183205e-03
1.518984558060765266e-03
1.320991432294249535e-03
1.585772493854165077e-03
1.238559954799711704e-03
1.372412894852459431e-03
1.624895841814577579e-03
1.412610290572047234e-03
1.464086351916193962e-03
1.428691437467932701e-03
1.078772125765681267e-03
1.093717524781823158e-03
1.149805262684822083e-03
9.898454882204532623e-04
8.762677316553890705e-04
9.259196813218295574e-04
1.273083500564098358e-03
8.528439211659133434e-04
1.197365927509963512e-03
1.108438940718770027e-03
8.209183579310774803e-04
7.912376895546913147e-04
8.514293585903942585e-04
8.290923433378338814e-04
7.751465891487896442e-04
8.674297714605927467e-04
8.329009870067238808e-04
7.683188887313008308e-04
9.511864627711474895e-04
1.069184578955173492e-02
8.287543430924415588e-03
7.473445497453212738e-03
6.116238422691822052e-03
5.345383193343877792e-03
4.375265445560216904e-03
3.925358876585960388e-03
3.648758167400956154e-03
3.226762870326638222e-03
3.040109993889927864e-03
2.894515870139002800e-03
2.631579060107469559e-03
2.517115557566285133e-03
2.417700830847024918e-03
2.300269901752471924e-03
2.220505848526954651e-03
2.094828290864825249e-03
1.921758521348237991e-03
2.003060188144445419e-03
1.840934157371520996e-03
1.799328136257827282e-03
1.794224255718290806e-03
1.684736460447311401e-03
1.713909558020532131e-03
1.612023217603564262e-03
1.507563400082290173e-03
1.503483974374830723e-03
1.431426964700222015e-03
1.400355598889291286e-03
1.400054199621081352e-03
1.430413918569684029e-03
1.304444624111056328e-03
1.368528464809060097e-03
1.402838388457894325e-03
1.309059676714241505e-03
1.285165431909263134e-03
1.315022236667573452e-03
1.229679910466074944e-03
1.218402059748768806e-03
1.212176866829395294e-03
1.117801526561379433e-03
1.223182189278304577e-03
1.166748581454157829e-03
1.095021027140319347e-03
1.098051317967474461e-03
1.098987879231572151e-03
1.067097880877554417e-03
1.111972727812826633e-03
1.052104867994785309e-03
1.053362851962447166e-03
1.073464401997625828e-03
1.063984818756580353e-03
