8.798824548721313477e-01
9.546173214912414551e-01
9.578287005424499512e-01
9.581947922706604004e-01
9.600697159767150879e-01
9.608410596847534180e-01
9.613067507743835449e-01
9.627010226249694824e-01
9.630529880523681641e-01
9.631667137145996094e-01
9.635333418846130371e-01
9.643965363502502441e-01
9.637378454208374023e-01
9.636659026145935059e-01
9.643494486808776855e-01
9.407357573509216309e-01
9.420923590660095215e-01
9.427151083946228027e-01
9.427490234375000000e-01
9.428501129150390625e-01
9.425691366195678711e-01
9.432054162025451660e-01
9.427301883697509766e-01
9.431738257408142090e-01
9.433445334434509277e-01
9.429708719253540039e-01
