7.930466532707214355e-02
2.068873122334480286e-02
1.813348196446895599e-02
1.741550117731094360e-02
1.606464199721813202e-02
1.489764172583818436e-02
1.415424142032861710e-02
1.364042703062295914e-02
1.344164088368415833e-02
1.298473868519067764e-02
1.248375605791807175e-02
1.225980184972286224e-02
1.243104320019483566e-02
1.238534506410360336e-02
1.209012791514396667e-02
2.102715708315372467e-02
1.970051042735576630e-02
1.917358487844467163e-02
1.890606433153152466e-02
1.881636306643486023e-02
1.865700259804725647e-02
1.842294447124004364e-02
1.849605329334735870e-02
1.829136162996292114e-02
1.826610229909420013e-02
1.819806732237339020e-02
