8.241708278656005859e-01
9.253703951835632324e-01
9.439677596092224121e-01
9.504811763763427734e-01
9.502481818199157715e-01
9.533943533897399902e-01
9.532645344734191895e-01
9.549869894981384277e-01
9.548090696334838867e-01
9.550386667251586914e-01
9.553758502006530762e-01
9.559010267257690430e-01
9.561164379119873047e-01
9.570734500885009766e-01
9.580136537551879883e-01
9.579907655715942383e-01
9.582341909408569336e-01
9.588485360145568848e-01
9.585705399513244629e-01
9.590988755226135254e-01
9.595060348510742188e-01
9.595410823822021484e-01
9.599440097808837891e-01
9.595462679862976074e-01
9.600763320922851562e-01
9.602913260459899902e-01
9.602022171020507812e-01
9.616352319717407227e-01
9.617960453033447266e-01
9.608677029609680176e-01
9.621435403823852539e-01
9.628546237945556641e-01
9.630169272422790527e-01
9.635072946548461914e-01
9.630545973777770996e-01
9.646766781806945801e-01
9.646922349929809570e-01
9.657459855079650879e-01
9.650916457176208496e-01
9.660391807556152344e-01
9.667240381240844727e-01
9.657661914825439453e-01
9.665113091468811035e-01
9.670100808143615723e-01
9.362209439277648926e-01
9.395868778228759766e-01
9.398462772369384766e-01
9.406833052635192871e-01
9.405270218849182129e-01
9.405896067619323730e-01
9.415227770805358887e-01
9.407834410667419434e-01
9.414246082305908203e-01
9.415158629417419434e-01
9.415410161018371582e-01
9.418159127235412598e-01
9.420045614242553711e-01
9.418228268623352051e-01
