4.988984763622283936e-01
5.026233196258544922e-01
5.117675662040710449e-01
5.134799480438232422e-01
5.174493789672851562e-01
5.233426690101623535e-01
5.243195295333862305e-01
5.297252535820007324e-01
5.312843918800354004e-01
5.359026193618774414e-01
5.370098948478698730e-01
5.420564413070678711e-01
5.436954498291015625e-01
5.471031665802001953e-01
5.486599206924438477e-01
5.520055294036865234e-01
5.529327988624572754e-01
5.559244155883789062e-01
5.566102266311645508e-01
5.611298084259033203e-01
5.629721879959106445e-01
5.637076497077941895e-01
5.661362409591674805e-01
5.686080455780029297e-01
5.701798796653747559e-01
5.719242095947265625e-01
5.738726258277893066e-01
5.721476078033447266e-01
5.758572220802307129e-01
5.766946077346801758e-01
5.808340311050415039e-01
5.792682170867919922e-01
5.822100639343261719e-01
5.826420187950134277e-01
5.835489034652709961e-01
5.848913192749023438e-01
5.890678167343139648e-01
5.893928408622741699e-01
5.907319784164428711e-01
5.911777615547180176e-01
5.917586684226989746e-01
5.961979031562805176e-01
5.962685942649841309e-01
5.958103537559509277e-01
5.982714295387268066e-01
5.990989804267883301e-01
6.008480787277221680e-01
6.012908816337585449e-01
6.023331284523010254e-01
6.040038466453552246e-01
6.058834791183471680e-01
6.081618666648864746e-01
6.081275939941406250e-01
6.084843873977661133e-01
6.097168922424316406e-01
6.117356419563293457e-01
6.124787330627441406e-01
6.136716604232788086e-01
6.149736642837524414e-01
6.161174774169921875e-01
6.169335842132568359e-01
6.207323670387268066e-01
6.189704537391662598e-01
6.206961274147033691e-01
6.198116540908813477e-01
6.214485764503479004e-01
6.234221458435058594e-01
6.265162825584411621e-01
6.240612268447875977e-01
6.255686283111572266e-01
6.297776103019714355e-01
6.307410001754760742e-01
6.314410567283630371e-01
6.318089962005615234e-01
6.321526169776916504e-01
6.356028914451599121e-01
6.361578702926635742e-01
6.365602612495422363e-01
6.368509531021118164e-01
6.404695510864257812e-01
6.373680233955383301e-01
6.401724219322204590e-01
6.411610245704650879e-01
6.432943344116210938e-01
6.428152322769165039e-01
6.450844407081604004e-01
6.464232802391052246e-01
6.473889946937561035e-01
6.489702463150024414e-01
6.499733924865722656e-01
6.503139734268188477e-01
6.500231027603149414e-01
6.516065597534179688e-01
6.543745398521423340e-01
6.541554927825927734e-01
6.573579311370849609e-01
6.577169895172119141e-01
6.574020981788635254e-01
6.585366129875183105e-01
6.604604721069335938e-01
6.455561518669128418e-01
6.496236324310302734e-01
6.518942713737487793e-01
6.534058451652526855e-01
6.553541421890258789e-01
6.574413180351257324e-01
6.595464944839477539e-01
6.616517305374145508e-01
6.650735735893249512e-01
6.678760051727294922e-01
6.687560677528381348e-01
6.708740592002868652e-01
6.727464795112609863e-01
6.746633052825927734e-01
6.768980026245117188e-01
6.788486242294311523e-01
6.813611388206481934e-01
6.821178793907165527e-01
6.846073269844055176e-01
6.865562200546264648e-01
6.884935498237609863e-01
6.899613142013549805e-01
6.910951137542724609e-01
6.937032938003540039e-01
6.950458884239196777e-01
6.972098350524902344e-01
6.983653306961059570e-01
6.997426748275756836e-01
7.012469768524169922e-01
7.037120461463928223e-01
7.037442922592163086e-01
7.063831090927124023e-01
7.079895734786987305e-01
7.086797952651977539e-01
7.112295031547546387e-01
7.113129496574401855e-01
7.122808694839477539e-01
7.144248485565185547e-01
7.159068584442138672e-01
7.185950875282287598e-01
7.193678021430969238e-01
7.209046483039855957e-01
7.208492755889892578e-01
7.225999832153320312e-01
7.240245342254638672e-01
7.257518768310546875e-01
7.259427309036254883e-01
7.262926101684570312e-01
7.275469303131103516e-01
7.299451828002929688e-01
7.300578951835632324e-01
7.315222620964050293e-01
7.340546250343322754e-01
7.331259846687316895e-01
7.351385951042175293e-01
7.356860041618347168e-01
7.359194159507751465e-01
7.384728193283081055e-01
7.386443614959716797e-01
7.387214899063110352e-01
7.400554418563842773e-01
7.407561540603637695e-01
7.423846125602722168e-01
7.421892881393432617e-01
7.432839274406433105e-01
7.445410490036010742e-01
7.457181811332702637e-01
7.466038465499877930e-01
7.469659447669982910e-01
7.476472258567810059e-01
7.486809492111206055e-01
7.499756217002868652e-01
7.496731877326965332e-01
7.502453923225402832e-01
7.519561052322387695e-01
7.521348595619201660e-01
7.537680864334106445e-01
7.537550330162048340e-01
7.547728419303894043e-01
7.550739645957946777e-01
7.565460205078125000e-01
7.559743523597717285e-01
7.568329572677612305e-01
7.584390640258789062e-01
7.583529949188232422e-01
7.580540180206298828e-01
7.591978907585144043e-01
7.594273686408996582e-01
7.606139183044433594e-01
7.618961930274963379e-01
7.619473934173583984e-01
7.621545195579528809e-01
7.637740969657897949e-01
7.643567919731140137e-01
7.653600573539733887e-01
7.644832134246826172e-01
7.653619647026062012e-01
7.657228708267211914e-01
