2.939137816429138184e-01
2.917760014533996582e-01
2.870254814624786377e-01
2.865581810474395752e-01
2.839244604110717773e-01
2.816606462001800537e-01
2.800670862197875977e-01
2.778857648372650146e-01
2.767345607280731201e-01
2.747949659824371338e-01
2.724534869194030762e-01
2.717138230800628662e-01
2.704994082450866699e-01
2.687336504459381104e-01
2.677739560604095459e-01
2.662477791309356689e-01
2.652984559535980225e-01
2.642865180969238281e-01
2.635801136493682861e-01
2.623218297958374023e-01
2.613460421562194824e-01
2.606379985809326172e-01
2.588476240634918213e-01
2.573713064193725586e-01
2.571384012699127197e-01
2.559970915317535400e-01
2.560265958309173584e-01
2.553979158401489258e-01
2.544254362583160400e-01
2.534522116184234619e-01
2.517213821411132812e-01
2.518562674522399902e-01
2.506313920021057129e-01
2.499716132879257202e-01
2.500263154506683350e-01
2.485705316066741943e-01
2.481581866741180420e-01
2.471077293157577515e-01
2.467104196548461914e-01
2.463203519582748413e-01
2.450363785028457642e-01
2.439596056938171387e-01
2.437712997198104858e-01
2.433591485023498535e-01
2.421687394380569458e-01
2.420689612627029419e-01
2.410152107477188110e-01
2.401837110519409180e-01
2.392966151237487793e-01
2.395742833614349365e-01
2.380911558866500854e-01
2.378481477499008179e-01
2.372674494981765747e-01
2.365433424711227417e-01
2.361356914043426514e-01
2.352429032325744629e-01
2.351885437965393066e-01
2.342883795499801636e-01
2.335350960493087769e-01
2.327338010072708130e-01
2.321552485227584839e-01
2.307537049055099487e-01
2.315480262041091919e-01
2.299536615610122681e-01
2.302163690328598022e-01
2.295324653387069702e-01
2.286052256822586060e-01
2.285508662462234497e-01
2.285250127315521240e-01
2.272774279117584229e-01
2.263131588697433472e-01
2.254409343004226685e-01
2.253597974777221680e-01
2.254807353019714355e-01
2.247332036495208740e-01
2.235111147165298462e-01
2.229546308517456055e-01
2.227443903684616089e-01
2.220360040664672852e-01
2.212478071451187134e-01
2.211294174194335938e-01
2.206912338733673096e-01
2.198235094547271729e-01
2.188098430633544922e-01
2.186378985643386841e-01
2.181216478347778320e-01
2.176829725503921509e-01
2.173359543085098267e-01
2.162993997335433960e-01
2.158891409635543823e-01
2.155575454235076904e-01
2.148565948009490967e-01
2.146316617727279663e-01
2.134808301925659180e-01
2.133956402540206909e-01
2.124356329441070557e-01
2.119938582181930542e-01
2.117385417222976685e-01
2.112216353416442871e-01
2.106052935123443604e-01
2.082807272672653198e-01
2.066368758678436279e-01
2.050850540399551392e-01
2.043880671262741089e-01
2.035522907972335815e-01
2.023610770702362061e-01
2.014145404100418091e-01
2.001281976699829102e-01
1.989279091358184814e-01
1.979566663503646851e-01
1.971357911825180054e-01
1.963302046060562134e-01
1.952957510948181152e-01
1.945271790027618408e-01
1.933589130640029907e-01
1.926684975624084473e-01
1.917040199041366577e-01
1.911814659833908081e-01
1.899998188018798828e-01
1.893265247344970703e-01
1.881468147039413452e-01
1.874182671308517456e-01
1.870256960391998291e-01
1.860968619585037231e-01
1.853888034820556641e-01
1.846605837345123291e-01
1.840133219957351685e-01
1.835739463567733765e-01
1.825847029685974121e-01
1.817256510257720947e-01
1.814053654670715332e-01
1.807466894388198853e-01
1.798560470342636108e-01
1.796157062053680420e-01
1.786004006862640381e-01
1.784030348062515259e-01
1.779577583074569702e-01
1.772221326828002930e-01
1.766973882913589478e-01
1.758767962455749512e-01
1.756581068038940430e-01
1.748785674571990967e-01
1.745875924825668335e-01
1.740643382072448730e-01
1.736169010400772095e-01
1.730307787656784058e-01
1.725340932607650757e-01
1.722704321146011353e-01
1.719177663326263428e-01
1.714486181735992432e-01
1.711264848709106445e-01
1.705034077167510986e-01
1.697773188352584839e-01
1.697653532028198242e-01
1.691045612096786499e-01
1.689294427633285522e-01
1.684725284576416016e-01
1.679857224225997925e-01
1.677775233983993530e-01
1.673685759305953979e-01
1.671875864267349243e-01
1.667796224355697632e-01
1.662352383136749268e-01
1.661171615123748779e-01
1.657201498746871948e-01
1.651975661516189575e-01
1.647973358631134033e-01
1.647018790245056152e-01
1.644750386476516724e-01
1.640506237745285034e-01
1.636446267366409302e-01
1.634427607059478760e-01
1.633784919977188110e-01
1.630359739065170288e-01
1.624908596277236938e-01
1.620178222656250000e-01
1.615979224443435669e-01
1.616666167974472046e-01
1.611893177032470703e-01
1.610745340585708618e-01
1.606760621070861816e-01
1.605997234582901001e-01
1.601604670286178589e-01
1.597702205181121826e-01
1.598668098449707031e-01
1.595315188169479370e-01
1.594113856554031372e-01
1.591327786445617676e-01
1.590040624141693115e-01
1.586946994066238403e-01
1.581933200359344482e-01
1.582071781158447266e-01
1.577561795711517334e-01
1.574985682964324951e-01
1.571023315191268921e-01
1.570548415184020996e-01
1.569194495677947998e-01
1.567208915948867798e-01
