7.362688183784484863e-01
7.677083611488342285e-01
7.906408309936523438e-01
8.063762784004211426e-01
8.178502917289733887e-01
8.316761255264282227e-01
8.420454263687133789e-01
8.548610210418701172e-01
8.643938899040222168e-01
8.731848001480102539e-01
8.817076086997985840e-01
8.889046311378479004e-01
8.966224789619445801e-01
9.006789326667785645e-01
9.056817293167114258e-01
9.087120294570922852e-01
9.129104614257812500e-01
9.182449579238891602e-01
9.187656641006469727e-01
9.225853085517883301e-01
9.244002699851989746e-01
9.252997040748596191e-01
9.273987412452697754e-01
9.300346970558166504e-01
9.297506213188171387e-01
9.314552545547485352e-01
9.331125617027282715e-01
9.355270862579345703e-01
9.346749782562255859e-01
9.380525946617126465e-01
9.372476339340209961e-01
9.389836192131042480e-01
9.392992854118347168e-01
9.405145645141601562e-01
9.403882026672363281e-01
9.424557685852050781e-01
9.429609179496765137e-01
9.432922601699829102e-01
9.424400329589843750e-01
9.431341886520385742e-01
9.447126388549804688e-01
9.437500238418579102e-01
9.445549845695495605e-01
9.448864459991455078e-01
9.461331367492675781e-01
9.465119242668151855e-01
9.466856122016906738e-01
9.461489319801330566e-01
9.462752342224121094e-01
9.470959901809692383e-01
9.483428001403808594e-01
9.462594389915466309e-01
9.478062987327575684e-01
9.477747082710266113e-01
9.467172026634216309e-01
9.468433260917663574e-01
9.481061697006225586e-01
9.473483562469482422e-01
9.480270147323608398e-01
9.488638043403625488e-01
9.491319060325622559e-01
9.485163688659667969e-01
9.486584067344665527e-01
9.490212798118591309e-01
9.492582678794860840e-01
9.506312012672424316e-01
9.485796093940734863e-01
9.499684572219848633e-01
9.501419663429260254e-01
9.487530589103698730e-01
9.499842524528503418e-01
9.503943920135498047e-01
9.496052861213684082e-01
9.498579502105712891e-01
9.496844410896301270e-01
9.504103660583496094e-01
9.506628513336181641e-01
9.512785077095031738e-01
9.512625932693481445e-01
9.508680105209350586e-01
9.514045119285583496e-01
9.511680006980895996e-01
9.510732889175415039e-01
9.503315091133117676e-01
9.514045715332031250e-01
9.502210617065429688e-01
9.511048197746276855e-01
9.508207440376281738e-01
9.519728422164916992e-01
9.519097208976745605e-01
9.513572454452514648e-01
9.518780112266540527e-01
9.520517587661743164e-01
9.520202875137329102e-01
9.513416886329650879e-01
9.507891535758972168e-01
9.519729614257812500e-01
9.517204761505126953e-01
9.522727131843566895e-01
9.520518183708190918e-01
9.155455827713012695e-01
9.161558151245117188e-01
9.167262315750122070e-01
9.163541793823242188e-01
9.168303608894348145e-01
9.169398546218872070e-01
9.174649715423583984e-01
9.175549149513244629e-01
9.176782965660095215e-01
9.180209636688232422e-01
9.176685214042663574e-01
9.179068207740783691e-01
9.181500077247619629e-01
9.179267883300781250e-01
9.182786345481872559e-01
9.180506467819213867e-01
9.181547164916992188e-01
9.190178513526916504e-01
9.187151193618774414e-01
9.186112880706787109e-01
9.200347661972045898e-01
9.195039868354797363e-01
9.191865921020507812e-01
9.194690585136413574e-01
9.200345277786254883e-01
9.198412299156188965e-01
9.203176498413085938e-01
9.205356240272521973e-01
9.196875095367431641e-01
9.205902814865112305e-01
9.211905598640441895e-01
9.201636910438537598e-01
9.204662442207336426e-01
9.196430444717407227e-01
9.207388162612915039e-01
9.203327298164367676e-01
9.212006330490112305e-01
9.209474325180053711e-01
9.209223985671997070e-01
9.206545352935791016e-01
9.210666418075561523e-01
9.210020303726196289e-01
9.224751591682434082e-01
9.211363196372985840e-01
9.216220378875732422e-01
9.224104285240173340e-01
9.215724468231201172e-01
9.221476316452026367e-01
9.219641089439392090e-01
9.225646257400512695e-01
9.222719669342041016e-01
9.222124218940734863e-01
9.228968024253845215e-01
9.222469925880432129e-01
9.233084321022033691e-01
9.238342046737670898e-01
9.225445389747619629e-01
9.232789874076843262e-01
9.228814840316772461e-01
9.241966009140014648e-01
9.232290387153625488e-01
9.232240319252014160e-01
9.234125614166259766e-01
9.234623312950134277e-01
9.238691329956054688e-01
9.232341051101684570e-01
9.229069352149963379e-01
9.237350821495056152e-01
9.233977198600769043e-01
9.243056178092956543e-01
9.241267442703247070e-01
9.243450760841369629e-01
9.243751764297485352e-01
9.251936674118041992e-01
9.244146943092346191e-01
9.247174263000488281e-01
9.240279793739318848e-01
9.237992763519287109e-01
9.246624708175659180e-01
9.248906373977661133e-01
9.243252873420715332e-01
9.241018295288085938e-01
9.250546693801879883e-01
9.248710274696350098e-01
9.241119623184204102e-01
9.252331256866455078e-01
9.250792860984802246e-01
9.247617721557617188e-01
9.254758954048156738e-01
9.251140356063842773e-01
9.252083897590637207e-01
9.251291155815124512e-01
9.254915714263916016e-01
