1.302216649055480957e-01
1.144167482852935791e-01
1.045814529061317444e-01
9.741950780153274536e-02
9.154339134693145752e-02
8.514659851789474487e-02
7.915926724672317505e-02
7.344835251569747925e-02
6.764331459999084473e-02
6.273314356803894043e-02
5.849865078926086426e-02
5.475924164056777954e-02
5.076702684164047241e-02
4.801672324538230896e-02
4.528640955686569214e-02
4.321241006255149841e-02
4.094317927956581116e-02
3.876183182001113892e-02
3.702150285243988037e-02
3.494057059288024902e-02
3.366114199161529541e-02
3.264377266168594360e-02
3.101989440619945526e-02
2.934480644762516022e-02
2.826790325343608856e-02
2.720410749316215515e-02
2.640012837946414948e-02
2.516167610883712769e-02
2.455709874629974365e-02
2.297870628535747528e-02
2.255123108625411987e-02
2.174348384141921997e-02
2.072431519627571106e-02
1.977583952248096466e-02
1.930782943964004517e-02
1.828568801283836365e-02
1.779307052493095398e-02
1.701538078486919403e-02
1.659851334989070892e-02
1.584843546152114868e-02
1.548480149358510971e-02
1.506644021719694138e-02
1.457191724330186844e-02
1.396950054913759232e-02
1.367812231183052063e-02
1.325627788901329041e-02
1.291624084115028381e-02
1.233281847089529037e-02
1.211500260978937149e-02
1.184370275586843491e-02
1.156575884670019150e-02
1.129103824496269226e-02
1.079987920820713043e-02
1.075901556760072708e-02
1.058850158005952835e-02
1.012125331908464432e-02
9.790995158255100250e-03
9.793524630367755890e-03
9.724492207169532776e-03
9.253837168216705322e-03
9.376833215355873108e-03
8.971476927399635315e-03
8.821970783174037933e-03
8.600747212767601013e-03
8.614300750195980072e-03
8.146446198225021362e-03
8.308006450533866882e-03
8.358053863048553467e-03
8.047514595091342926e-03
8.014546707272529602e-03
7.789135444909334183e-03
7.691939361393451691e-03
7.631874177604913712e-03
7.337206508964300156e-03
7.518828380852937698e-03
7.418586872518062592e-03
7.376018911600112915e-03
7.058979477733373642e-03
6.852139253169298172e-03
6.877911277115345001e-03
6.946819368749856949e-03
6.944409105926752090e-03
6.875269580632448196e-03
6.599743850529193878e-03
6.671107374131679535e-03
6.733034737408161163e-03
6.539696827530860901e-03
6.469941698014736176e-03
6.438015960156917572e-03
6.128769367933273315e-03
6.270964629948139191e-03
6.392632611095905304e-03
6.247529294341802597e-03
6.143279839307069778e-03
6.174101494252681732e-03
6.184529047459363937e-03
5.972531624138355255e-03
6.048202514648437500e-03
5.905565340071916580e-03
6.074994336813688278e-03
1.437587756663560867e-02
1.396280713379383087e-02
1.355816330760717392e-02
1.355962920933961868e-02
1.332502346485853195e-02
1.311307493597269058e-02
1.291236467659473419e-02
1.281673461198806763e-02
1.268571987748146057e-02
1.240378618240356445e-02
1.241588499397039413e-02
1.216816343367099762e-02
1.221626996994018555e-02
1.190954353660345078e-02
1.203048601746559143e-02
1.172413676977157593e-02
1.171956025063991547e-02
1.153925526887178421e-02
1.146653480827808380e-02
1.140864752233028412e-02
1.132780965417623520e-02
1.120815053582191467e-02
1.122401934117078781e-02
1.099411863833665848e-02
1.081371959298849106e-02
1.073777768760919571e-02
1.077156234532594681e-02
1.055106334388256073e-02
1.050575729459524155e-02
1.054230332374572754e-02
1.030431035906076431e-02
1.038689725100994110e-02
1.036060322076082230e-02
1.028495747596025467e-02
1.011730544269084930e-02
1.004140265285968781e-02
1.002836134284734726e-02
9.846376255154609680e-03
9.882930666208267212e-03
9.818719699978828430e-03
9.720420464873313904e-03
9.613942354917526245e-03
9.551685303449630737e-03
9.533812291920185089e-03
9.510328061878681183e-03
9.323689155280590057e-03
9.393041953444480896e-03
9.285883046686649323e-03
9.301433339715003967e-03
9.083729237318038940e-03
9.166397154331207275e-03
9.087107144296169281e-03
9.141705930233001709e-03
8.959693834185600281e-03
8.880869485437870026e-03
8.804854936897754669e-03
8.876533247530460358e-03
8.779628202319145203e-03
8.859331719577312469e-03
8.662412874400615692e-03
8.655663579702377319e-03
8.588751778006553650e-03
8.499749936163425446e-03
8.550768718123435974e-03
8.568607270717620850e-03
8.428837172687053680e-03
8.416878059506416321e-03
8.491075597703456879e-03
8.258943445980548859e-03
8.170393295586109161e-03
8.263730444014072418e-03
8.113339543342590332e-03
8.210739120841026306e-03
8.011428639292716980e-03
8.021038956940174103e-03
7.852291688323020935e-03
8.008952252566814423e-03
7.997629232704639435e-03
7.910396903753280640e-03
7.911700755357742310e-03
7.892106659710407257e-03
7.937507703900337219e-03
7.672309409826993942e-03
7.821818813681602478e-03
7.838847115635871887e-03
7.585101760923862457e-03
7.622876670211553574e-03
7.631372194737195969e-03
7.484448142349720001e-03
7.547783665359020233e-03
7.494657300412654877e-03
7.475489750504493713e-03
7.553967181593179703e-03
