1.224229410290718079e-01
1.048565804958343506e-01
9.265435487031936646e-02
8.225461840629577637e-02
7.326067984104156494e-02
6.637763231992721558e-02
6.091873720288276672e-02
5.629158392548561096e-02
5.262199789285659790e-02
4.863334447145462036e-02
4.587705433368682861e-02
4.404709115624427795e-02
4.102521762251853943e-02
3.897569328546524048e-02
3.705262392759323120e-02
3.502090275287628174e-02
3.355099633336067200e-02
3.230670094490051270e-02
3.028707578778266907e-02
2.893994748592376709e-02
2.774836122989654541e-02
2.633203938603401184e-02
2.523232996463775635e-02
2.415627613663673401e-02
2.269440516829490662e-02
2.160330861806869507e-02
2.074542269110679626e-02
1.945511065423488617e-02
1.827519014477729797e-02
1.752073504030704498e-02
1.680590398609638214e-02
1.565961167216300964e-02
1.503985933959484100e-02
1.448936760425567627e-02
1.378901582211256027e-02
1.321531645953655243e-02
1.244638767093420029e-02
1.211690902709960938e-02
1.170443650335073471e-02
1.106347609311342239e-02
1.071696542203426361e-02
1.035993825644254684e-02
1.011068746447563171e-02
9.578174911439418793e-03
9.344778023660182953e-03
9.028577245771884918e-03
8.690589107573032379e-03
8.331786841154098511e-03
7.946350611746311188e-03
7.918623276054859161e-03
7.674797903746366501e-03
7.461831904947757721e-03
7.050227373838424683e-03
6.948240566998720169e-03
6.749478634446859360e-03
6.731560919433832169e-03
6.397475022822618484e-03
6.239990238100290298e-03
6.099638063460588455e-03
5.972431041300296783e-03
5.986735690385103226e-03
5.725313909351825714e-03
5.605234764516353607e-03
5.454226396977901459e-03
5.416127853095531464e-03
5.324916914105415344e-03
5.140350665897130966e-03
5.146784242242574692e-03
4.945714026689529419e-03
4.876060411334037781e-03
4.614945501089096069e-03
4.773557651787996292e-03
4.682493396103382111e-03
4.550819285213947296e-03
4.501037765294313431e-03
4.474793560802936554e-03
4.431210458278656006e-03
4.252906888723373413e-03
4.193296656012535095e-03
4.246782511472702026e-03
4.313718527555465698e-03
4.139324650168418884e-03
3.968283999711275101e-03
3.935086540877819061e-03
4.007680807262659073e-03
4.050886724144220352e-03
3.931231796741485596e-03
3.794230287894606590e-03
3.751352429389953613e-03
3.842356614768505096e-03
3.684354946017265320e-03
3.684203140437602997e-03
3.725975286215543747e-03
3.611477324739098549e-03
3.697600215673446655e-03
3.615014487877488136e-03
3.452032571658492088e-03
3.605415346100926399e-03
3.535090247169137001e-03
3.410142613574862480e-03
9.897887706756591797e-03
9.158102795481681824e-03
8.708111010491847992e-03
8.321462199091911316e-03
8.220129646360874176e-03
7.974999956786632538e-03
7.822582498192787170e-03
7.658178918063640594e-03
7.572055328637361526e-03
7.301560603082180023e-03
7.226553745567798615e-03
7.040649652481079102e-03
6.883139722049236298e-03
6.765127182006835938e-03
6.696848198771476746e-03
6.556144449859857559e-03
6.389477755874395370e-03
6.314276251941919327e-03
6.200831383466720581e-03
6.244034972041845322e-03
6.037943530827760696e-03
5.906403530389070511e-03
5.885546095669269562e-03
5.644301883876323700e-03
5.644507706165313721e-03
5.607926286756992340e-03
5.614273715764284134e-03
5.450111348181962967e-03
5.382960662245750427e-03
5.343878176063299179e-03
5.296308081597089767e-03
5.212473683059215546e-03
5.069192498922348022e-03
5.059293471276760101e-03
5.003022961318492889e-03
4.916525445878505707e-03
4.845585208386182785e-03
4.834186285734176636e-03
4.743466619402170181e-03
4.659304395318031311e-03
4.671641159802675247e-03
4.663995932787656784e-03
4.557790700346231461e-03
4.521204158663749695e-03
4.438251722604036331e-03
4.376037977635860443e-03
4.417866934090852737e-03
4.343686159700155258e-03
4.183883778750896454e-03
4.201496019959449768e-03
4.203711170703172684e-03
4.089738707989454269e-03
4.072253126651048660e-03
4.017568659037351608e-03
3.975643310695886612e-03
3.933774307370185852e-03
3.933153115212917328e-03
3.887720406055450439e-03
3.880699630826711655e-03
3.760747844353318214e-03
3.747706767171621323e-03
3.722473978996276855e-03
3.722272347658872604e-03
3.636363660916686058e-03
3.742835484445095062e-03
3.644155105575919151e-03
3.573492635041475296e-03
3.555081551894545555e-03
3.575330367311835289e-03
3.492345102131366730e-03
3.437221283093094826e-03
3.427149495109915733e-03
3.385691903531551361e-03
3.413760568946599960e-03
3.330239560455083847e-03
3.278921358287334442e-03
3.305271267890930176e-03
3.278030082583427429e-03
3.242460312321782112e-03
3.219775157049298286e-03
3.215071512386202812e-03
3.199130063876509666e-03
3.168373135849833488e-03
3.121380694210529327e-03
3.080240683630108833e-03
3.108159406110644341e-03
3.120814450085163116e-03
3.084858180955052376e-03
3.026313846930861473e-03
3.008587751537561417e-03
3.011657856404781342e-03
2.959542907774448395e-03
2.932477043941617012e-03
2.903577871620655060e-03
2.963941777125000954e-03
