9.455597899999702349e+00
1.787436529999831691e+01
2.605111809999834804e+01
3.512092729999858420e+01
4.344180199999937031e+01
5.132090709999829414e+01
5.986626789999900211e+01
6.821626139999898442e+01
7.638646119999975781e+01
8.459725679999974091e+01
9.245348589999957767e+01
1.012268659999990632e+02
1.094025166999999783e+02
1.176060922999986360e+02
1.257298636999985320e+02
1.338929893999993510e+02
1.421213607999998203e+02
1.501806316999991395e+02
1.583418050000000221e+02
1.666052872000000207e+02
1.745200465999987500e+02
1.828044601999990846e+02
1.910156306999997469e+02
1.991673081999997521e+02
2.073488070999992487e+02
2.153949826999996731e+02
2.237467067999987194e+02
2.319044964999993681e+02
2.398376742000000377e+02
2.483558569999986503e+02
2.564880293999995047e+02
2.647482456999987335e+02
2.729718807999997807e+02
2.811908152999985759e+02
2.895029221999993752e+02
2.973944099999989703e+02
3.058898816999990231e+02
3.141656492999991315e+02
3.223154848999984097e+02
3.304975119999999151e+02
3.387122886999986804e+02
3.469898092999992514e+02
3.552458224999991216e+02
3.635704734999999346e+02
3.717326637999995000e+02
3.800416385999997146e+02
3.885855355999992753e+02
3.963874075999992783e+02
4.052299977999991825e+02
4.145481554999987566e+02
4.228313589999997930e+02
4.308625333999989380e+02
4.391501500999984273e+02
4.476252746999998635e+02
4.562484143999990920e+02
4.647934545999996772e+02
4.730788843999998790e+02
4.815741694999996980e+02
4.901614269999990938e+02
4.984667819999995118e+02
5.068818364999988262e+02
5.152319441999989067e+02
5.237778290999995079e+02
5.322506887999988976e+02
5.406417161999997916e+02
5.491091584999994666e+02
5.575924109999996290e+02
5.662149383999985730e+02
5.746070839999993041e+02
5.830759986999983084e+02
5.917719590999986394e+02
6.002140089999993506e+02
6.087973142999999254e+02
6.173922224999987520e+02
6.260081606999992800e+02
6.342120665999991616e+02
6.432642636999989918e+02
6.516721201000000292e+02
6.603558078999994905e+02
6.691753868999985571e+02
6.775753645999993751e+02
6.861846696999982669e+02
6.949668741999994381e+02
7.034283855999983643e+02
7.119695788999997603e+02
7.201386767999993026e+02
7.292437210999996751e+02
7.377800087999985408e+02
7.466033602999996219e+02
7.552060735999984900e+02
7.637105136999998649e+02
7.724212128999988636e+02
7.806631902999997692e+02
7.895942152999996324e+02
7.981936114000000089e+02
8.063765911999998934e+02
8.162822791999988112e+02
8.422416572999991331e+02
8.690558558999982779e+02
8.950128857999989123e+02
9.221865626999988308e+02
9.487467957999997452e+02
9.751573153999997885e+02
1.002352107099999557e+03
1.028693665899998450e+03
1.057221036499999173e+03
1.084876758799999152e+03
1.111679802399999971e+03
1.137934265699999742e+03
1.166116623299998537e+03
1.193404289699999936e+03
1.221080735799998365e+03
1.248416086999999607e+03
1.504629773499998919e+03
1.531060476199998448e+03
1.558575239099998726e+03
1.585045484999998735e+03
1.612022074900000007e+03
1.638084641999999803e+03
1.665324922999998307e+03
1.692153027599999405e+03
1.718205436299998837e+03
1.745820443199998408e+03
1.772559688299999834e+03
1.800022900199999640e+03
1.827021323899998606e+03
1.853680917099998624e+03
1.880412129499998628e+03
1.908513472999999067e+03
1.936666908699999112e+03
1.964539653799998632e+03
1.993490746499999659e+03
2.021513100999998642e+03
2.048037813699998878e+03
2.076408079699998780e+03
2.103605407999999443e+03
2.131907584399999905e+03
2.160037384699999166e+03
2.189268356099999437e+03
2.217658751199998733e+03
2.244944713399998363e+03
2.272441876899998533e+03
2.300288493499998367e+03
2.328029645199998413e+03
2.355593647299998338e+03
2.382928630499998690e+03
2.410045672599999307e+03
2.437802143999999316e+03
2.465239347199998519e+03
2.492791123699998934e+03
2.520013433399999485e+03
2.547692580299999463e+03
2.574920140899999751e+03
2.603359049199998481e+03
2.631038675799998600e+03
2.658030855499999234e+03
2.686099338299998635e+03
2.713505572399999437e+03
2.740900740799999767e+03
2.768243807099999685e+03
2.795503733799998372e+03
2.823804952099999355e+03
2.850861229899999671e+03
2.879306584799998745e+03
2.906732283199999074e+03
2.934159925999998450e+03
2.961859242999998969e+03
2.989319840499998463e+03
3.016725992699999551e+03
3.044373055099998965e+03
3.072159329099999013e+03
3.099458162699998866e+03
3.127953701299999011e+03
3.155707219899999473e+03
3.183320723999999245e+03
3.210900952699999834e+03
3.238435036199998649e+03
3.265250258799998846e+03
3.293602555099998426e+03
3.321296896999998353e+03
3.348260662899998351e+03
3.376248638899998696e+03
3.404161185999999361e+03
3.431833706899999015e+03
3.459232422799999767e+03
3.486993525899999440e+03
3.514045392599999104e+03
3.541811015899998893e+03
3.569360450999998648e+03
3.597159898799998700e+03
3.625238006300000052e+03
3.652704639699999461e+03
