5.973829627037048340e-01
6.599472761154174805e-01
6.903613805770874023e-01
7.131237983703613281e-01
7.278484702110290527e-01
7.414802312850952148e-01
7.509966492652893066e-01
7.644353508949279785e-01
7.760095000267028809e-01
7.844328880310058594e-01
7.949138879776000977e-01
8.064556717872619629e-01
8.110210895538330078e-01
8.242347240447998047e-01
8.336870670318603516e-01
8.406956791877746582e-01
8.494727015495300293e-01
8.576067686080932617e-01
8.657407164573669434e-01
8.726208806037902832e-01
8.804333806037902832e-01
8.880851268768310547e-01
8.946116566658020020e-01
8.988554477691650391e-01
9.085326194763183594e-01
9.141589999198913574e-01
9.172455072402954102e-01
9.265367984771728516e-01
9.285622239112854004e-01
9.332240223884582520e-01
9.388825297355651855e-01
9.422581791877746582e-01
9.482381343841552734e-01
9.484632015228271484e-01
9.509709477424621582e-01
9.572724103927612305e-01
9.605194926261901855e-01
9.610661268234252930e-01
9.618056416511535645e-01
9.627701044082641602e-01
9.668208956718444824e-01
9.676568508148193359e-01
9.699717164039611816e-01
9.690394401550292969e-01
9.719972014427185059e-01
9.731224775314331055e-01
9.726401567459106445e-01
9.741190671920776367e-01
9.748263955116271973e-01
9.754372239112854004e-01
9.748584628105163574e-01
9.769161939620971680e-01
9.756622910499572754e-01
9.781700372695922852e-01
9.784272313117980957e-01
9.773662686347961426e-01
9.800668358802795410e-01
9.783306717872619629e-01
9.797453880310058594e-01
9.799061417579650879e-01
9.801312088966369629e-01
9.807099699974060059e-01
9.793916344642639160e-01
9.816744327545166016e-01
9.812564253807067871e-01
9.824460148811340332e-01
9.828639030456542969e-01
9.835712909698486328e-01
9.835068583488464355e-01
9.820601344108581543e-01
9.838926792144775391e-01
9.834104180335998535e-01
9.843750596046447754e-01
9.854682087898254395e-01
9.846000075340270996e-01
9.852431416511535645e-01
9.853073358535766602e-01
9.845036268234252930e-01
9.856930971145629883e-01
9.858217835426330566e-01
9.872042536735534668e-01
9.865290522575378418e-01
9.852431416511535645e-01
9.851464629173278809e-01
9.862397313117980957e-01
9.857251644134521484e-01
9.853394031524658203e-01
9.863361120223999023e-01
9.853717088699340820e-01
9.853395819664001465e-01
9.866256117820739746e-01
9.861752986907958984e-01
9.865933060646057129e-01
9.860790967941284180e-01
9.868826270103454590e-01
9.850501418113708496e-01
9.851466417312622070e-01
9.861755371093750000e-01
9.860787987709045410e-01
9.854038953781127930e-01
9.610077142715454102e-01
9.647590517997741699e-01
9.638906121253967285e-01
9.645993709564208984e-01
9.647489786148071289e-01
9.644196629524230957e-01
9.643897414207458496e-01
9.643299579620361328e-01
9.651879668235778809e-01
9.637512564659118652e-01
9.640106558799743652e-01
9.644895792007446289e-01
9.639605879783630371e-01
9.644794464111328125e-01
9.634518623352050781e-01
9.634519815444946289e-01
9.645093679428100586e-01
9.632024765014648438e-01
9.651280641555786133e-01
9.644297361373901367e-01
9.639207720756530762e-01
9.651678800582885742e-01
9.643997550010681152e-01
9.641900658607482910e-01
9.638311266899108887e-01
9.648287296295166016e-01
9.646290540695190430e-01
9.646192789077758789e-01
9.655969738960266113e-01
9.651780128479003906e-01
9.649283885955810547e-01
9.648487567901611328e-01
9.661557674407958984e-01
9.662654399871826172e-01
9.667745232582092285e-01
9.655271768569946289e-01
9.670041203498840332e-01
9.652879238128662109e-01
9.657769203186035156e-01
9.662056565284729004e-01
9.662655591964721680e-01
9.658465981483459473e-01
9.664551019668579102e-01
9.675127863883972168e-01
9.670440554618835449e-01
9.670437574386596680e-01
9.669842123985290527e-01
9.673233628273010254e-01
9.668440818786621094e-01
9.670741558074951172e-01
9.677423238754272461e-01
9.676824212074279785e-01
9.670836329460144043e-01
9.674530625343322754e-01
9.673233628273010254e-01
9.680415987968444824e-01
9.684405326843261719e-01
9.687803387641906738e-01
9.683808088302612305e-01
9.679018855094909668e-01
9.689198732376098633e-01
9.682508707046508789e-01
9.692189693450927734e-01
9.688696861267089844e-01
9.701967835426330566e-01
9.698277711868286133e-01
9.698173999786376953e-01
9.686401486396789551e-01
9.706456661224365234e-01
9.707652926445007324e-01
9.703960418701171875e-01
9.705461263656616211e-01
9.703467488288879395e-01
9.712544679641723633e-01
9.704161882400512695e-01
9.709450602531433105e-01
9.701865315437316895e-01
9.709651470184326172e-01
9.699372649192810059e-01
