2.699055400000020200e+00
3.557231599999994387e+00
4.460303199999998469e+00
5.347754800000018349e+00
6.216598900000008143e+00
7.116158900000016274e+00
8.010297000000008438e+00
8.877290799999997262e+00
9.805537900000018681e+00
1.069589450000000852e+01
1.153525460000000180e+01
1.249015020000001641e+01
1.337301730000001498e+01
1.425185100000001626e+01
1.515640980000000582e+01
1.603765570000001617e+01
1.689776489999999853e+01
1.781826420000001576e+01
1.870089530000001332e+01
1.960058130000001597e+01
2.047637460000001397e+01
2.138720990000001621e+01
2.228670189999999707e+01
2.316651960000001509e+01
2.405558039999999664e+01
2.496185250000002043e+01
2.585730320000001825e+01
2.664563259999999900e+01
2.761780360000000201e+01
2.844750440000001390e+01
2.941624340000001325e+01
3.030614080000000854e+01
3.120502419999999688e+01
3.210540380000000482e+01
3.299644299999999930e+01
3.388667280000001369e+01
3.470943520000000149e+01
3.567983280000001400e+01
3.650559079999999312e+01
3.748594840000001227e+01
3.837617950000000633e+01
3.919472820000001434e+01
4.017504950000000008e+01
4.107811940000001982e+01
4.198250459999999862e+01
4.280350110000000541e+01
4.380629360000000361e+01
4.469838280000001873e+01
4.552236050000001910e+01
4.650465629999999351e+01
4.742668059999999741e+01
4.832205229999999574e+01
4.911634800000001633e+01
5.012056230000001733e+01
5.102355270000001042e+01
5.192053770000001123e+01
5.435227340000000140e+01
5.702010609999999247e+01
5.951594049999999925e+01
6.220045290000001614e+01
6.479603729999999473e+01
6.737697099999999750e+01
6.990881620000001817e+01
7.245253289999999424e+01
7.505703940000000784e+01
7.750666730000000371e+01
8.017864850000000843e+01
8.277103170000000887e+01
8.573788210000000731e+01
8.831209079999999290e+01
9.085056140000003211e+01
9.340995699999999147e+01
9.590138559999999757e+01
9.846870579999998085e+01
1.011244739999999922e+02
1.036283077000000219e+02
1.063230281999999818e+02
1.087905244000000096e+02
1.114971531000000198e+02
1.139374873000000150e+02
1.165465814000000080e+02
1.192468819000000337e+02
1.218252930999999819e+02
1.244090773000000070e+02
1.269527473999999927e+02
1.295378086000000337e+02
1.322554497999999796e+02
1.348708249999999964e+02
1.373525674999999922e+02
1.400453313999999807e+02
1.426759995000000174e+02
1.452990888000000211e+02
1.478191121999999780e+02
1.505413772999999935e+02
1.531729891000000237e+02
1.558498012000000301e+02
1.584598734999999863e+02
1.611033847999999864e+02
1.636300207000000171e+02
1.662810530000000142e+02
1.688941716999999869e+02
1.716272095000000206e+02
1.742598397000000148e+02
1.769005552000000137e+02
