3.942553699016571045e-01
3.643603324890136719e-01
3.530061244964599609e-01
3.384431600570678711e-01
3.104684650897979736e-01
3.045913577079772949e-01
3.015834987163543701e-01
2.915095090866088867e-01
2.777454555034637451e-01
2.778226435184478760e-01
2.712140083312988281e-01
2.697370648384094238e-01
2.629244923591613770e-01
2.546915411949157715e-01
2.478341460227966309e-01
2.476069033145904541e-01
2.423099726438522339e-01
2.398125529289245605e-01
2.444546818733215332e-01
2.412933856248855591e-01
2.410421371459960938e-01
2.390095889568328857e-01
2.294776588678359985e-01
2.365312874317169189e-01
2.353858351707458496e-01
2.333036363124847412e-01
2.392071634531021118e-01
