5.850377229999867268e+01
1.172627225999985967e+02
1.746907885000000533e+02
2.338733580999996775e+02
2.920021256999989419e+02
3.497106107999989035e+02
4.071605757999986963e+02
4.672726710999995703e+02
5.223442242999990412e+02
5.768995985999990808e+02
6.400976358999996592e+02
7.009402591999987635e+02
7.598063891999991029e+02
8.192246629000001121e+02
8.779604560999996465e+02
9.349720145999999659e+02
9.947369086999988212e+02
1.053569497699998465e+03
1.110242956500000219e+03
1.167841462499998670e+03
1.227127820899999278e+03
1.287278380699999616e+03
1.346133039099999223e+03
1.406726770799999940e+03
1.463663749899998948e+03
1.523104629800000112e+03
1.579311809199998606e+03
