1.424800902605056763e-01
2.034293487668037415e-02
9.366124868392944336e-03
7.390696555376052856e-03
6.625621579587459564e-03
5.921939387917518616e-03
5.209512077271938324e-03
5.224260967224836349e-03
4.875642713159322739e-03
4.624985624104738235e-03
4.415903706103563309e-03
4.237499088048934937e-03
4.124569706618785858e-03
3.996175713837146759e-03
3.964801784604787827e-03
3.796070348471403122e-03
3.749886760488152504e-03
3.658821107819676399e-03
3.683270188048481941e-03
3.477576421573758125e-03
3.267476335167884827e-03
3.246664069592952728e-03
3.294251859188079834e-03
2.920554019510746002e-03
3.057136898860335350e-03
2.896562218666076660e-03
3.070684848353266716e-03
2.783407690003514290e-03
2.966490574181079865e-03
2.874954603612422943e-03
2.647937973961234093e-03
2.923152875155210495e-03
2.641731640323996544e-03
2.510226797312498093e-03
2.751053543761372566e-03
2.611641306430101395e-03
2.547596581280231476e-03
2.506156684830784798e-03
2.444596728309988976e-03
2.502075396478176117e-03
2.448804909363389015e-03
2.407201798632740974e-03
2.382394624873995781e-03
2.137703821063041687e-03
2.264864277094602585e-03
2.316140104085206985e-03
2.377655822783708572e-03
6.835872307419776917e-03
4.713320638984441757e-03
4.153327550739049911e-03
3.812551731243729591e-03
3.546250285580754280e-03
3.555901115760207176e-03
3.412333782762289047e-03
3.304629586637020111e-03
3.124396083876490593e-03
3.071561688557267189e-03
3.084594849497079849e-03
3.067105310037732124e-03
3.039991948753595352e-03
2.936180215328931808e-03
3.010558662936091423e-03
2.999593038111925125e-03
2.973711583763360977e-03
3.038466209545731544e-03
