3.027322670000000215e+01
5.840859610000000401e+01
8.612639189999998734e+01
1.131321788999999995e+02
1.410848498999999947e+02
1.685793086000000187e+02
1.956531300999999985e+02
2.236536126000000024e+02
2.512565167000000201e+02
2.783318782000000056e+02
3.063923647999999957e+02
3.338309572000000003e+02
3.600294556000000057e+02
3.872835633000000257e+02
4.140316392000000292e+02
4.404070328999999901e+02
4.674139708000000155e+02
4.940989390000000299e+02
5.205220491999999695e+02
5.476728914999999915e+02
5.744630624999999782e+02
6.003013828999999077e+02
6.272569751999999426e+02
6.539752226999999039e+02
6.804882403999999951e+02
7.078237818999999718e+02
7.345813591999999517e+02
7.610441940999999133e+02
7.892412130999999818e+02
8.161004871999999750e+02
8.423044703999999001e+02
8.695313149999999496e+02
8.963792065999999750e+02
9.230276596999999583e+02
9.501777923999999302e+02
9.768082694999999376e+02
1.003222929199999953e+03
1.030104728799999975e+03
1.056770077799999854e+03
1.082975023400000055e+03
1.109920795199999930e+03
1.136895644899999979e+03
1.164163935499999980e+03
1.192274127399999998e+03
1.219886899599999879e+03
1.247305705799999942e+03
1.275481569099999888e+03
1.303011256399999866e+03
1.330404399099999864e+03
1.358872943200000009e+03
1.386756901999999855e+03
1.413893232699999999e+03
1.441918204899999864e+03
1.469827357699999993e+03
1.497009449599999925e+03
1.525045994599999858e+03
1.551787503699999888e+03
1.577709533199999896e+03
1.604644078899999840e+03
1.631234596699999884e+03
1.657473520099999860e+03
1.684648763899999949e+03
1.711590756399999918e+03
1.737577518499999996e+03
1.764867685599999959e+03
1.791549030499999844e+03
1.817717895099999851e+03
1.844915511199999855e+03
1.871728043800000023e+03
1.897835282499999948e+03
1.925125084399999878e+03
1.951891985799999929e+03
1.978149835700000040e+03
2.005380762099999856e+03
2.032162525299999970e+03
2.058525481700000000e+03
2.085814034200000151e+03
2.112568975000000137e+03
2.138867919499999971e+03
2.166393363600000157e+03
2.193381035999999767e+03
2.219589779899999940e+03
2.246910628999999972e+03
2.274098697200000061e+03
2.300336538799999744e+03
2.327785895800000162e+03
2.354821815100000094e+03
2.381229796000000078e+03
2.408584992499999771e+03
2.435561955399999988e+03
2.462029039399999874e+03
2.489427823699999863e+03
2.516511273900000106e+03
2.543011656700000003e+03
2.570497781000000032e+03
2.597609916800000065e+03
2.623980215699999917e+03
2.651206886699999814e+03
2.678400286099999903e+03
2.704966850700000123e+03
2.732462587600000006e+03
2.759794444600000134e+03
2.786425490099999934e+03
2.813919596299999739e+03
2.841091102899999896e+03
2.867738187899999957e+03
2.895304804999999760e+03
2.922531624400000055e+03
2.949149267499999951e+03
2.976880364799999825e+03
3.004094234000000142e+03
3.030753146399999878e+03
3.058259371000000101e+03
3.085733938500000022e+03
3.112402272299999822e+03
3.139822724000000107e+03
3.167194602499999746e+03
3.193838929099999859e+03
3.221654858500000046e+03
3.248972649100000126e+03
3.275928114800000003e+03
3.304043731599999774e+03
3.331475433699999940e+03
3.358282533900000089e+03
3.386055557399999998e+03
3.413411104700000124e+03
3.440283244400000058e+03
3.468128941099999793e+03
3.495570029299999987e+03
3.522282280099999753e+03
3.550238082400000167e+03
3.577781452599999739e+03
3.604672432500000014e+03
3.632537073399999827e+03
3.660114111800000046e+03
3.687066069299999981e+03
3.715026367800000116e+03
3.742554979300000014e+03
3.769497868899999958e+03
3.797322808099999747e+03
3.824958800399999745e+03
3.851945348299999750e+03
3.880131681500000013e+03
3.907769400900000164e+03
3.935036729099999775e+03
3.962930404899999758e+03
3.990604332099999738e+03
4.017763503700000001e+03
4.046037429299999985e+03
4.073596685200000138e+03
4.100651999800000340e+03
4.128597884099999646e+03
4.156183088099999623e+03
4.183249532799999542e+03
4.211269522900000084e+03
4.238876280399999814e+03
4.266043065799999567e+03
4.294098209400000087e+03
4.321900752700000339e+03
4.349135376199999882e+03
4.377636454299999968e+03
4.405421652699999868e+03
4.432730641999999534e+03
4.460973288700000012e+03
4.488761064899999838e+03
4.516075601800000186e+03
4.544488920300000245e+03
4.572340378699999746e+03
4.599768498000000363e+03
4.628107508000000053e+03
4.656081836000000294e+03
4.683317756499999632e+03
4.711687483800000336e+03
4.739669724399999723e+03
4.767053725300000224e+03
4.795439931900000374e+03
4.823414358699999866e+03
4.850847662600000149e+03
4.879273019100000056e+03
4.907235907000000225e+03
4.935075835599999664e+03
4.963751390200000060e+03
4.992141933599999902e+03
5.019949002700000165e+03
5.048724732900000163e+03
5.077137099999999919e+03
5.105105125000000044e+03
5.134014734399999725e+03
5.162627660500000275e+03
