5.034567713737487793e-01
5.237036943435668945e-01
5.528889298439025879e-01
6.161482334136962891e-01
6.286914348602294922e-01
6.760494112968444824e-01
7.195555567741394043e-01
7.370370626449584961e-01
7.591111063957214355e-01
7.790123820304870605e-01
7.816790342330932617e-01
8.067654371261596680e-01
8.095802664756774902e-01
8.179259896278381348e-01
8.251852393150329590e-01
8.388643264770507812e-01
8.439012169837951660e-01
8.505679965019226074e-01
8.595061898231506348e-01
8.678519129753112793e-01
8.660740852355957031e-01
8.747161626815795898e-01
8.807901740074157715e-01
8.889877200126647949e-01
8.933827877044677734e-01
8.945184946060180664e-01
9.023211002349853516e-01
9.023702740669250488e-01
9.067161083221435547e-01
9.141234755516052246e-01
9.169876575469970703e-01
9.197530150413513184e-01
9.222716093063354492e-01
9.268641471862792969e-01
9.318023920059204102e-01
9.295309185981750488e-01
9.371358752250671387e-01
9.377776980400085449e-01
9.399998784065246582e-01
9.403950572013854980e-01
9.422715902328491211e-01
9.458765387535095215e-01
9.472098350524902344e-01
9.472592473030090332e-01
9.505184292793273926e-01
9.042547345161437988e-01
9.151595830917358398e-01
9.243755340576171875e-01
9.290786385536193848e-01
9.334194064140319824e-01
9.372092485427856445e-01
9.437209367752075195e-01
9.458397626876831055e-01
9.485616683959960938e-01
9.520930051803588867e-01
