9.280020594596862793e-01
9.271342158317565918e-01
9.302154779434204102e-01
9.286101460456848145e-01
9.280890226364135742e-01
9.281320571899414062e-01
9.279593229293823242e-01
9.276551008224487305e-01
9.293910264968872070e-01
9.250508546829223633e-01
8.731914758682250977e-01
8.741639852523803711e-01
8.734197020530700684e-01
8.757041692733764648e-01
8.741001486778259277e-01
8.727678060531616211e-01
8.743630051612854004e-01
8.729476332664489746e-01
8.740327358245849609e-01
8.740598559379577637e-01
8.741264343261718750e-01
8.739282488822937012e-01
8.731846809387207031e-01
8.741644024848937988e-01
8.740689754486083984e-01
8.741084337234497070e-01
8.739556074142456055e-01
8.730608224868774414e-01
8.739100694656372070e-01
8.737411499023437500e-01
8.727603554725646973e-01
