7.548064589500427246e-01
8.055062294006347656e-01
8.364084959030151367e-01
8.596426844596862793e-01
8.738391399383544922e-01
8.844044804573059082e-01
8.914779424667358398e-01
8.980160355567932129e-01
9.016765356063842773e-01
9.066122770309448242e-01
9.074106216430664062e-01
9.100494980812072754e-01
9.134327173233032227e-01
9.145936965942382812e-01
9.149754047393798828e-01
9.165127873420715332e-01
9.164778590202331543e-01
9.167559742927551270e-01
9.173911809921264648e-01
9.176337718963623047e-01
9.180808067321777344e-01
9.184471964836120605e-01
9.186506271362304688e-01
9.195979237556457520e-01
9.184969663619995117e-01
9.188392758369445801e-01
9.189631938934326172e-01
9.193305373191833496e-01
9.200444817543029785e-01
9.206101894378662109e-01
9.205555915832519531e-01
9.204660654067993164e-01
9.208778738975524902e-01
9.208579659461975098e-01
9.211012721061706543e-01
9.213789701461791992e-01
9.216569066047668457e-01
9.209125638008117676e-01
9.215724468231201172e-01
9.219692349433898926e-01
9.223214983940124512e-01
9.226341843605041504e-01
9.224057197570800781e-01
9.214435815811157227e-01
9.221622347831726074e-01
9.225149750709533691e-01
9.226635694503784180e-01
9.231546521186828613e-01
9.232488274574279785e-01
9.239187240600585938e-01
9.234126210212707520e-01
9.243650436401367188e-01
9.233335852622985840e-01
9.235267043113708496e-01
9.236559271812438965e-01
9.235420227050781250e-01
9.241020083427429199e-01
9.243949651718139648e-01
9.243401885032653809e-01
9.242560863494873047e-01
9.235265851020812988e-01
9.249302744865417480e-01
9.243005514144897461e-01
9.249055981636047363e-01
9.250100255012512207e-01
9.248214364051818848e-01
9.251637458801269531e-01
9.253570437431335449e-01
9.256399273872375488e-01
9.247620701789855957e-01
9.254959821701049805e-01
9.247022271156311035e-01
9.261061549186706543e-01
9.256602525711059570e-01
9.265673756599426270e-01
9.254263043403625488e-01
9.259573817253112793e-01
9.266666769981384277e-01
9.261708259582519531e-01
9.264237880706787109e-01
9.261310100555419922e-01
9.271181821823120117e-01
9.261656999588012695e-01
9.266366958618164062e-01
9.271379709243774414e-01
9.268252849578857422e-01
9.271528720855712891e-01
9.274107813835144043e-01
9.270287156105041504e-01
9.272522926330566406e-01
9.274255633354187012e-01
9.270782470703125000e-01
9.271976947784423828e-01
9.276785850524902344e-01
9.272966384887695312e-01
9.276981949806213379e-01
9.281497597694396973e-01
9.274996519088745117e-01
9.275892972946166992e-01
9.276983737945556641e-01
