1.058311387896537781e-01
8.206991106271743774e-02
6.652951240539550781e-02
5.625565722584724426e-02
4.918720200657844543e-02
4.348852485418319702e-02
3.934483230113983154e-02
3.563024476170539856e-02
3.224042430520057678e-02
2.908136136829853058e-02
2.693451941013336182e-02
2.473425120115280151e-02
2.268633246421813965e-02
2.097488194704055786e-02
1.975326426327228546e-02
1.843495294451713562e-02
1.755474880337715149e-02
1.678036339581012726e-02
1.585433073341846466e-02
1.536813564598560333e-02
1.484623365104198456e-02
1.426324807107448578e-02
1.385471876710653305e-02
1.326985098421573639e-02
1.315466780215501785e-02
1.278727687895298004e-02
1.250032428652048111e-02
1.224992051720619202e-02
1.212528534233570099e-02
1.173930149525403976e-02
1.166139729321002960e-02
1.123424433171749115e-02
1.129472628235816956e-02
1.117031183093786240e-02
1.091371010988950729e-02
1.082706823945045471e-02
1.066260877996683121e-02
1.062422711402177811e-02
1.045747566968202591e-02
1.012951601296663284e-02
1.007200032472610474e-02
1.009310968220233917e-02
9.977412410080432892e-03
9.912224486470222473e-03
9.722943417727947235e-03
9.663593955338001251e-03
9.515864774584770203e-03
9.362931363284587860e-03
9.300681762397289276e-03
9.023473598062992096e-03
9.099773131310939789e-03
8.969029411673545837e-03
9.015237912535667419e-03
8.866065181791782379e-03
8.760604076087474823e-03
8.761216886341571808e-03
8.603520691394805908e-03
8.654260076582431793e-03
8.517879061400890350e-03
8.492154069244861603e-03
8.360476233065128326e-03
8.341282606124877930e-03
8.297120220959186554e-03
8.173860609531402588e-03
8.094967342913150787e-03
8.032224141061306000e-03
7.968299090862274170e-03
7.978105917572975159e-03
7.915196008980274200e-03
7.908954285085201263e-03
7.722985465079545975e-03
7.784431334584951401e-03
7.585900370031595230e-03
7.627564016729593277e-03
7.456819061189889908e-03
7.491884753108024597e-03
7.507920265197753906e-03
7.469999603927135468e-03
7.305261213332414627e-03
7.278838660567998886e-03
7.275808136910200119e-03
7.202620618045330048e-03
7.153028622269630432e-03
7.138161454349756241e-03
7.057619281113147736e-03
7.110555656254291534e-03
6.997718010097742081e-03
6.888816133141517639e-03
6.927610840648412704e-03
6.873076315969228745e-03
6.772064603865146637e-03
6.876105442643165588e-03
6.726485677063465118e-03
6.657460704445838928e-03
6.644347216933965683e-03
6.637408398091793060e-03
6.488785613328218460e-03
6.536790169775485992e-03
6.517751608043909073e-03
6.514639127999544144e-03
