9.335069656372070312e-01
9.276911616325378418e-01
9.244357943534851074e-01
9.240018129348754883e-01
9.267361760139465332e-01
9.318143129348754883e-01
9.273439645767211914e-01
9.240884780883789062e-01
9.330295324325561523e-01
9.194008708000183105e-01
9.291666746139526367e-01
9.302949905395507812e-01
9.318143129348754883e-01
9.257379770278930664e-01
9.353297948837280273e-01
9.394098520278930664e-01
9.407986402511596680e-01
9.460935592651367188e-01
9.542101025581359863e-01
9.587237238883972168e-01
9.630641937255859375e-01
9.613281488418579102e-01
9.631508588790893555e-01
9.638455510139465332e-01
9.633679389953613281e-01
9.652777910232543945e-01
9.653212428092956543e-01
9.692708849906921387e-01
9.641926884651184082e-01
9.689670801162719727e-01
9.675347208976745605e-01
9.632812738418579102e-01
9.658855199813842773e-01
9.664932489395141602e-01
9.680555462837219238e-01
9.684896469116210938e-01
9.655381441116333008e-01
9.669704437255859375e-01
9.680120348930358887e-01
9.677518010139465332e-01
9.667533040046691895e-01
9.687066078186035156e-01
9.685763120651245117e-01
9.672309160232543945e-01
9.684027433395385742e-01
9.692708253860473633e-01
9.690538644790649414e-01
9.686630964279174805e-01
9.672741889953613281e-01
9.690104722976684570e-01
9.674044847488403320e-01
9.665799140930175781e-01
9.699215888977050781e-01
9.687933921813964844e-01
9.687932133674621582e-01
9.684027433395385742e-01
9.697048068046569824e-01
9.678818583488464355e-01
9.658422470092773438e-01
9.688366651535034180e-01
9.705728292465209961e-01
9.328297376632690430e-01
9.403682351112365723e-01
9.437370896339416504e-01
9.464449882507324219e-01
9.474545121192932129e-01
9.485297799110412598e-01
9.500118494033813477e-01
9.510587453842163086e-01
9.519644379615783691e-01
9.528323411941528320e-01
9.525964856147766113e-01
9.525402188301086426e-01
9.539930224418640137e-01
9.541536569595336914e-01
9.548042416572570801e-01
9.545215964317321777e-01
9.545311927795410156e-01
9.554933309555053711e-01
9.549554586410522461e-01
9.546157121658325195e-01
9.562577009201049805e-01
9.556630849838256836e-01
9.557104706764221191e-01
9.558048248291015625e-01
9.559743404388427734e-01
9.564084410667419434e-01
9.570499062538146973e-01
9.565404653549194336e-01
9.566160440444946289e-01
9.560123085975646973e-01
9.566067457199096680e-01
9.569179415702819824e-01
9.575879573822021484e-01
9.567199349403381348e-01
9.559366703033447266e-01
