5.777847766876220703e-02
2.559753321111202240e-02
2.453758567571640015e-02
2.481142804026603699e-02
2.502201125025749207e-02
2.322953380644321442e-02
2.232098579406738281e-02
2.195970155298709869e-02
2.185975946485996246e-02
2.125025168061256409e-02
2.015759982168674469e-02
2.015734091401100159e-02
2.119157090783119202e-02
2.162668481469154358e-02
1.859976910054683685e-02
1.446601748466491699e-02
1.208927016705274582e-02
1.088187657296657562e-02
7.272592280060052872e-03
5.454557947814464569e-03
3.452626988291740417e-03
3.558002877980470657e-03
2.673774491995573044e-03
2.223004121333360672e-03
1.486750552430748940e-03
1.338172820396721363e-03
1.184783177450299263e-03
9.338420932181179523e-04
1.028041471727192402e-03
8.671923424117267132e-04
8.424745174124836922e-04
1.171420561149716377e-03
8.107774192467331886e-04
7.631703629158437252e-04
6.016590632498264313e-04
6.540552130900323391e-04
5.450772587209939957e-04
7.195557700470089912e-04
4.568658769130706787e-04
4.626337904483079910e-04
4.389616660773754120e-04
4.263514128979295492e-04
4.115659685339778662e-04
4.233439976815134287e-04
5.115182721056044102e-04
3.621085197664797306e-04
4.085585533175617456e-04
3.730856114998459816e-04
3.390090714674443007e-04
3.176502359565347433e-04
4.263707960490137339e-04
4.073871823493391275e-04
2.671236579772084951e-04
2.802189264912158251e-04
3.364775911904871464e-04
2.515513624530285597e-04
2.440418611513450742e-04
2.148785424651578069e-04
2.471495245117694139e-04
2.461553085595369339e-04
2.621567691676318645e-04
8.797878399491310120e-03
5.323563236743211746e-03
3.988171927630901337e-03
3.158762119710445404e-03
2.709578489884734154e-03
2.568719210103154182e-03
2.302604261785745621e-03
2.093734452500939369e-03
1.813685405068099499e-03
1.768796006217598915e-03
1.690519275143742561e-03
1.727551920339465141e-03
1.535014249384403229e-03
1.479030936025083065e-03
1.385992742143571377e-03
1.374437240883708000e-03
1.332490937784314156e-03
1.361218630336225033e-03
1.399638713337481022e-03
1.394937746226787567e-03
1.295897061936557293e-03
1.301733078435063362e-03
1.180694089271128178e-03
1.268273219466209412e-03
1.186502864584326744e-03
1.154431491158902645e-03
1.172533608041703701e-03
1.166239264421164989e-03
1.096688793040812016e-03
1.131833298131823540e-03
1.153276534751057625e-03
1.129406620748341084e-03
9.906069608405232430e-04
1.037014531902968884e-03
1.150107593275606632e-03
