6.036457419395446777e-01
6.629514098167419434e-01
6.779860854148864746e-01
6.945484876632690430e-01
7.037153840065002441e-01
6.772915720939636230e-01
6.777777671813964844e-01
6.378124952316284180e-01
6.393749713897705078e-01
6.392361521720886230e-01
6.507639288902282715e-01
6.373958587646484375e-01
6.388888955116271973e-01
6.296875476837158203e-01
5.789235830307006836e-01
4.914930462837219238e-01
4.836111068725585938e-01
4.856249690055847168e-01
4.727430343627929688e-01
4.746181964874267578e-01
4.460764229297637939e-01
4.743402600288391113e-01
4.732291698455810547e-01
4.907291531562805176e-01
4.655208587646484375e-01
4.920485615730285645e-01
5.524305105209350586e-01
5.415277481079101562e-01
5.529513359069824219e-01
5.549999475479125977e-01
5.688889622688293457e-01
5.746179819107055664e-01
5.805903077125549316e-01
5.892707705497741699e-01
6.076041460037231445e-01
5.870139002799987793e-01
5.904861092567443848e-01
5.907986164093017578e-01
6.061458587646484375e-01
6.218402981758117676e-01
6.207639575004577637e-01
6.105554699897766113e-01
5.953819751739501953e-01
6.012499928474426270e-01
5.823610424995422363e-01
5.965278148651123047e-01
6.147916913032531738e-01
6.259374022483825684e-01
6.302082538604736328e-01
6.357638835906982422e-01
6.195138692855834961e-01
6.597916483879089355e-01
6.535069942474365234e-01
6.227430105209350586e-01
6.343750953674316406e-01
6.355902552604675293e-01
6.344791054725646973e-01
6.420139074325561523e-01
6.311458349227905273e-01
6.268403530120849609e-01
6.288542747497558594e-01
6.255903840065002441e-01
6.319791674613952637e-01
6.345486640930175781e-01
6.359374523162841797e-01
6.357291936874389648e-01
6.382638812065124512e-01
6.404166221618652344e-01
6.441666483879089355e-01
6.468750238418579102e-01
6.372916698455810547e-01
6.419097185134887695e-01
6.370833516120910645e-01
6.424305438995361328e-01
6.548959612846374512e-01
6.472222208976745605e-01
6.423958539962768555e-01
6.455208659172058105e-01
6.484375000000000000e-01
6.492362022399902344e-01
6.563194990158081055e-01
6.564931273460388184e-01
6.629513502120971680e-01
6.602083444595336914e-01
6.562848091125488281e-01
6.578818559646606445e-01
6.527777314186096191e-01
6.514235734939575195e-01
6.525694131851196289e-01
6.567707657814025879e-01
6.470832228660583496e-01
6.570139527320861816e-01
6.510067582130432129e-01
6.539930701255798340e-01
6.570140123367309570e-01
6.562846302986145020e-01
6.473958492279052734e-01
6.513889431953430176e-01
6.562499403953552246e-01
6.551737189292907715e-01
6.536459326744079590e-01
6.548263430595397949e-01
6.871179938316345215e-01
6.945139169692993164e-01
6.980903744697570801e-01
6.989929676055908203e-01
7.041666507720947266e-01
6.964930891990661621e-01
7.015625834465026855e-01
6.992012858390808105e-01
6.961109638214111328e-01
6.992708444595336914e-01
7.027430534362792969e-01
6.999999284744262695e-01
7.021528482437133789e-01
7.020137906074523926e-01
7.034723162651062012e-01
7.016319036483764648e-01
7.016320228576660156e-01
7.092361450195312500e-01
7.017359137535095215e-01
7.048957347869873047e-01
7.035069465637207031e-01
7.068055868148803711e-01
7.127082943916320801e-01
7.094791531562805176e-01
7.068055868148803711e-01
7.113541960716247559e-01
7.145138382911682129e-01
7.100347876548767090e-01
7.078472971916198730e-01
7.105555534362792969e-01
7.061458826065063477e-01
7.110069394111633301e-01
7.089930176734924316e-01
7.134374976158142090e-01
7.117362022399902344e-01
7.079514265060424805e-01
7.093055844306945801e-01
7.162151336669921875e-01
7.099304795265197754e-01
7.088543176651000977e-01
7.160069346427917480e-01
7.144096493721008301e-01
7.085068225860595703e-01
7.113540768623352051e-01
7.164583802223205566e-01
7.148262858390808105e-01
7.188193798065185547e-01
7.206944227218627930e-01
7.157985568046569824e-01
7.182639837265014648e-01
7.179861664772033691e-01
7.112846374511718750e-01
7.218402028083801270e-01
7.151042222976684570e-01
7.162151932716369629e-01
7.005208730697631836e-01
7.091666460037231445e-01
7.118750810623168945e-01
7.072917222976684570e-01
7.144789695739746094e-01
7.066667079925537109e-01
7.130555510520935059e-01
7.090625166893005371e-01
7.116318345069885254e-01
7.147915363311767578e-01
7.083331942558288574e-01
7.149652838706970215e-01
7.125346660614013672e-01
7.095138430595397949e-01
7.147568464279174805e-01
7.124304771423339844e-01
7.111458778381347656e-01
7.148264050483703613e-01
7.146182060241699219e-01
7.135069370269775391e-01
7.158679962158203125e-01
7.084028124809265137e-01
7.090626358985900879e-01
7.109028100967407227e-01
7.165625095367431641e-01
7.078819274902343750e-01
