4.525877660000014657e+01
8.873252880000018195e+01
1.331296329000001606e+02
1.771907025999998950e+02
2.205178467000000637e+02
2.630980382000002464e+02
3.051692043000002741e+02
3.465294450000001234e+02
3.886722800000002280e+02
4.306833009000001766e+02
4.722389939999998205e+02
5.147378054000000702e+02
5.569353091000002678e+02
5.984996614000001500e+02
6.407695515999998861e+02
6.830779261000002407e+02
7.248697581999999784e+02
7.674172834000000876e+02
8.095600113999998939e+02
8.510920799999998962e+02
8.937955872000002273e+02
9.359819983000002139e+02
9.776226334000002680e+02
1.020467066799999884e+03
1.064036024999999881e+03
1.108005059099999926e+03
1.152609826600000360e+03
1.196884905399999752e+03
1.241192000300000018e+03
1.284600006299999677e+03
1.327505301800000325e+03
1.369810618300000442e+03
1.413190126699999837e+03
1.455899960100000044e+03
1.498194155900000169e+03
1.541644560700000056e+03
1.584920994300000075e+03
1.627455980799999907e+03
1.671188833599999725e+03
1.714480937900000299e+03
1.757238850600000205e+03
1.801096683999999641e+03
1.844377027699999871e+03
1.887264347900000303e+03
1.931063365499999691e+03
1.974495871300000090e+03
2.017446863200000280e+03
2.061492641299999832e+03
2.105074715100000049e+03
2.148047442800000226e+03
2.192360333899999659e+03
2.236011098100000254e+03
2.279245061299999634e+03
2.323339244799999960e+03
2.367407086300000174e+03
2.410734262899999976e+03
2.455006281999999828e+03
2.499056596400000217e+03
2.542653928899999755e+03
2.586801988900000197e+03
2.630830234900000050e+03
2.674251001500000257e+03
2.718156981999999971e+03
2.762357921500000430e+03
2.806556370300000253e+03
2.851579414100000122e+03
2.896460507600000255e+03
2.940883832600000005e+03
2.986335210599999755e+03
3.031568692800000008e+03
3.076487070300000141e+03
3.122295748400000321e+03
3.167918751400000019e+03
3.213148598100000072e+03
3.259058907000000090e+03
3.304794056700000056e+03
3.350736497399999735e+03
3.396387912499999857e+03
3.442142700099999729e+03
3.487223091600000316e+03
3.533346915800000261e+03
3.579487118999999893e+03
3.624907060900000488e+03
3.671203128300000117e+03
3.717138438700000279e+03
3.762718854999999621e+03
3.808999358800000209e+03
3.854872659799999838e+03
3.900561572299999625e+03
3.946642982400000164e+03
3.992569505099999787e+03
4.037929837500000303e+03
4.084103312499999902e+03
4.130136641099999906e+03
4.175719012899999143e+03
4.222196661300000414e+03
4.268482260900000256e+03
4.314199495900000329e+03
4.360780982399999630e+03
4.407343980100000408e+03
4.453276890200000707e+03
4.499928609500000675e+03
4.546465887300000759e+03
4.592645420299999387e+03
4.639736836399999447e+03
4.686617926700000680e+03
4.732871430099999998e+03
4.780248878500000501e+03
4.827023755599999276e+03
4.873541274799999883e+03
4.920909798000000592e+03
4.968062196700000641e+03
5.014949801200000365e+03
5.062548681300000680e+03
5.109806615800000145e+03
5.156892815900000642e+03
5.204550707899999907e+03
5.252105740300001344e+03
5.299257892499999798e+03
5.347455773400000908e+03
5.395209166700000424e+03
5.442544287400000030e+03
5.490690401200001361e+03
5.538670749500000966e+03
5.586298396800000774e+03
5.634856632700000773e+03
5.683132862300000852e+03
5.731186018600001262e+03
5.779916566500000044e+03
5.828280764799999815e+03
5.876451238800000283e+03
5.925398878600000899e+03
5.974088263499999812e+03
6.022301859799999875e+03
6.070739344100000380e+03
6.119321318700000120e+03
6.167761107399999673e+03
6.216965048800000659e+03
6.265952217300000484e+03
6.314240337700000964e+03
6.362861889900001188e+03
6.411766987000000881e+03
6.460454612600000473e+03
6.509744158999999854e+03
6.558801570999999967e+03
6.607564290600001186e+03
6.657033002300000589e+03
6.706298915800000032e+03
6.755299274799999694e+03
6.805247577699999965e+03
6.855047901600000841e+03
6.904443894699999873e+03
6.954814216800001304e+03
7.004926025300001129e+03
7.054608033100001194e+03
7.104811732400001347e+03
7.155132728900000075e+03
7.205199989400000049e+03
7.255816306800001257e+03
7.306151719800000137e+03
7.356384803000000829e+03
7.407394026199999644e+03
7.457860755400000926e+03
7.508058907700000418e+03
7.558728965899999821e+03
7.609628393900000447e+03
7.660292908900000839e+03
7.711316549700000905e+03
7.762495988700000453e+03
7.813141265899999780e+03
7.864007864299999710e+03
7.915008477600000333e+03
7.965635580100000880e+03
8.016875766200000726e+03
8.067904680100000405e+03
8.118649311600000146e+03
8.170085929900000338e+03
8.221440673200000674e+03
8.272473623900001257e+03
8.324050419000001057e+03
8.375342964400000710e+03
8.426248747200001162e+03
8.477508607900001152e+03
8.528653214800000569e+03
8.579302926100001059e+03
8.630701580900000408e+03
8.681798320100000637e+03
8.732820867100001124e+03
8.783966279700000086e+03
8.835352394999999888e+03
8.887365080900000976e+03
8.939919349400001011e+03
8.992404371300001003e+03
9.044922614299999623e+03
9.097863105200000064e+03
9.150809305900000254e+03
9.203490635000000111e+03
9.256684828499999639e+03
9.309707760000001144e+03
9.362595157900001141e+03
