6.981058716773986816e-01
6.962594985961914062e-01
6.994318366050720215e-01
6.973484158515930176e-01
7.016098499298095703e-01
7.008996605873107910e-01
7.009154558181762695e-01
7.028092741966247559e-01
7.059186697006225586e-01
7.037247419357299805e-01
7.020518779754638672e-01
7.050189375877380371e-01
7.045297622680664062e-01
7.049716711044311523e-01
7.065182924270629883e-01
7.037090063095092773e-01
7.053031325340270996e-01
7.065182328224182129e-01
7.096749544143676758e-01
7.087751626968383789e-01
7.079545855522155762e-01
7.085701227188110352e-01
7.092960476875305176e-01
7.086174488067626953e-01
7.115845680236816406e-01
7.142360210418701172e-01
7.124841809272766113e-01
7.121211886405944824e-01
7.109375596046447754e-01
7.120580673217773438e-01
7.130682468414306641e-01
7.138258218765258789e-01
7.155618071556091309e-01
7.139676809310913086e-01
7.166351079940795898e-01
7.184974551200866699e-01
7.165561318397521973e-01
7.160511612892150879e-01
7.188763022422790527e-01
7.181819677352905273e-01
7.164297699928283691e-01
7.183080315589904785e-01
7.191288471221923828e-01
7.185764908790588379e-01
7.186554074287414551e-01
7.194602489471435547e-01
7.219696640968322754e-01
7.196970582008361816e-01
7.208648920059204102e-01
7.216383218765258789e-01
7.201706171035766602e-01
7.209122180938720703e-01
7.239268422126770020e-01
7.238951921463012695e-01
7.248579263687133789e-01
7.252998352050781250e-01
7.255998253822326660e-01
7.267834544181823730e-01
7.252524495124816895e-01
7.250945568084716797e-01
7.264362573623657227e-01
7.243529558181762695e-01
7.300822138786315918e-01
7.280935049057006836e-01
7.291824221611022949e-01
7.297505736351013184e-01
7.299875617027282715e-01
7.308710217475891113e-01
7.305712699890136719e-01
7.291506528854370117e-01
7.321180701255798340e-01
7.282513976097106934e-01
7.311552762985229492e-01
7.317236661911010742e-01
7.320233583450317383e-01
7.317866683006286621e-01
7.332859635353088379e-01
7.323705554008483887e-01
7.327810525894165039e-01
7.308080792427062988e-01
7.332386970520019531e-01
7.332701683044433594e-01
7.310290932655334473e-01
7.340120077133178711e-01
7.337437868118286133e-01
7.324967980384826660e-01
7.336805462837219238e-01
7.365056872367858887e-01
7.379103302955627441e-01
7.354324460029602051e-01
7.360479831695556641e-01
7.349904775619506836e-01
7.362847328186035156e-01
7.363636493682861328e-01
7.361584901809692383e-01
7.370423078536987305e-01
7.377051711082458496e-01
7.417299151420593262e-01
7.400884032249450684e-01
7.418088316917419434e-01
7.130704522132873535e-01
7.158088088035583496e-01
7.158038020133972168e-01
7.163544297218322754e-01
7.175146341323852539e-01
7.178471684455871582e-01
7.177330255508422852e-01
7.192760705947875977e-01
7.187699079513549805e-01
7.188789248466491699e-01
7.209623456001281738e-01
7.206546664237976074e-01
7.221825718879699707e-01
7.218351364135742188e-01
7.219542860984802246e-01
7.242112159729003906e-01
7.235070466995239258e-01
7.244245409965515137e-01
7.247766256332397461e-01
7.255507707595825195e-01
7.255256772041320801e-01
7.265575528144836426e-01
7.285566329956054688e-01
7.286012768745422363e-01
7.283185124397277832e-01
7.297568917274475098e-01
7.299753427505493164e-01
7.297668457031250000e-01
7.307937145233154297e-01
7.308431863784790039e-01
7.312997579574584961e-01
7.314035892486572266e-01
7.323511838912963867e-01
7.326839566230773926e-01
7.335365414619445801e-01
7.337996959686279297e-01
7.348659634590148926e-01
7.349255084991455078e-01
7.334571480751037598e-01
7.346976399421691895e-01
7.361410260200500488e-01
7.369791269302368164e-01
7.374604940414428711e-01
7.366319298744201660e-01
7.371280193328857422e-01
7.382491827011108398e-01
7.377032637596130371e-01
7.391715645790100098e-01
7.389138340950012207e-01
7.403321862220764160e-01
7.401586771011352539e-01
7.396228909492492676e-01
7.399105429649353027e-01
7.416765689849853516e-01
7.427381873130798340e-01
7.427331805229187012e-01
7.424107193946838379e-01
7.433085441589355469e-01
7.428221106529235840e-01
7.439782023429870605e-01
7.431744337081909180e-01
7.439333796501159668e-01
7.455404996871948242e-01
7.458927631378173828e-01
7.445883750915527344e-01
7.447224855422973633e-01
7.447768449783325195e-01
7.460417747497558594e-01
7.471877336502075195e-01
7.472470402717590332e-01
7.472867965698242188e-01
7.485665678977966309e-01
7.495335340499877930e-01
7.483780980110168457e-01
7.488840222358703613e-01
7.486856579780578613e-01
7.496277689933776855e-01
7.501932978630065918e-01
7.484375238418579102e-01
7.502530217170715332e-01
7.500645518302917480e-01
7.530605792999267578e-01
7.521279454231262207e-01
7.513093948364257812e-01
7.537944912910461426e-01
7.527927160263061523e-01
7.518303394317626953e-01
7.533977627754211426e-01
7.537896037101745605e-01
7.527281641960144043e-01
7.535468339920043945e-01
7.539285421371459961e-01
7.531796097755432129e-01
7.551787495613098145e-01
7.549898624420166016e-01
7.557391524314880371e-01
7.559475898742675781e-01
7.557193636894226074e-01
7.584971189498901367e-01
7.560019493103027344e-01
