8.188657164573669434e-01
8.776041865348815918e-01
8.758680224418640137e-01
8.764467835426330566e-01
8.822337985038757324e-01
8.845486044883728027e-01
8.648726940155029297e-01
8.845486044883728027e-01
8.871527314186096191e-01
8.735532760620117188e-01
8.770254254341125488e-01
8.761574625968933105e-01
8.851273059844970703e-01
8.709490895271301270e-01
8.914930820465087891e-01
8.723958134651184082e-01
8.790509700775146484e-01
8.880208134651184082e-01
8.761574625968933105e-01
8.697916865348815918e-01
8.848379254341125488e-01
8.883101940155029297e-01
8.854166865348815918e-01
8.842592835426330566e-01
8.877314925193786621e-01
8.857060074806213379e-01
8.764467239379882812e-01
8.689236044883728027e-01
8.657407760620117188e-01
8.625578880310058594e-01
8.608217239379882812e-01
8.651620745658874512e-01
8.738425374031066895e-01
8.885995745658874512e-01
8.865740895271301270e-01
8.862847685813903809e-01
8.807870745658874512e-01
8.666087985038757324e-01
8.654513955116271973e-01
8.660300374031066895e-01
8.561632037162780762e-01
8.413193821907043457e-01
8.690972328186035156e-01
8.547742962837219238e-01
8.411458134651184082e-01
8.475694656372070312e-01
