5.588991641998291016e-01
5.968364477157592773e-01
6.182484030723571777e-01
6.303370594978332520e-01
6.451259851455688477e-01
6.501415371894836426e-01
6.629372239112854004e-01
6.730967760086059570e-01
6.772761940956115723e-01
6.898791790008544922e-01
6.960518360137939453e-01
7.044754624366760254e-01
7.069186568260192871e-01
7.170781493186950684e-01
7.227367162704467773e-01
7.316744327545166016e-01
7.339248061180114746e-01
7.435055971145629883e-01
7.494854927062988281e-01
7.471064329147338867e-01
7.572659850120544434e-01
7.631171941757202148e-01
7.719906568527221680e-01
7.717334628105163574e-01
7.802212238311767578e-01
7.875515222549438477e-01
7.962963581085205078e-01
7.966177463531494141e-01
8.028548955917358398e-01
8.090920448303222656e-01
8.198946714401245117e-01
8.202803730964660645e-01
8.247814178466796875e-01
8.330118656158447266e-01
8.363554477691650391e-01
8.415637612342834473e-01
8.498585224151611328e-01
8.543595671653747559e-01
8.589248657226562500e-01
8.652263283729553223e-01
8.662551641464233398e-01
8.754501342773437500e-01
8.813658356666564941e-01
8.859953880310058594e-01
8.898534178733825684e-01
8.931327462196350098e-01
8.984696269035339355e-01
9.001415371894836426e-01
9.085006117820739746e-01
9.140303134918212891e-01
9.140946269035339355e-01
9.210391640663146973e-01
9.243185520172119141e-01
9.286265373229980469e-01
9.314556717872619629e-01
9.344778656959533691e-01
9.380787014961242676e-01
9.412937760353088379e-01
9.452159404754638672e-01
9.447658658027648926e-01
9.538966417312622070e-01
9.529321193695068359e-01
9.530609250068664551e-01
9.568545222282409668e-01
9.607124328613281250e-01
9.608409404754638672e-01
9.645061492919921875e-01
9.646990895271301270e-01
9.685572385787963867e-01
9.704216718673706055e-01
9.713220000267028809e-01
9.725437164306640625e-01
9.741513133049011230e-01
9.747298955917358398e-01
9.765303730964660645e-01
9.758873581886291504e-01
9.775592684745788574e-01
9.793593883514404297e-01
9.809669852256774902e-01
9.807742834091186523e-01
9.807098507881164551e-01
9.814172387123107910e-01
9.837318658828735352e-01
9.830890297889709473e-01
9.834747910499572754e-01
9.846965074539184570e-01
9.842463731765747070e-01
9.851467013359069824e-01
9.861754179000854492e-01
9.873328208923339844e-01
9.850180149078369141e-01
9.851465821266174316e-01
9.881687760353088379e-01
9.886187911033630371e-01
9.876543879508972168e-01
9.880402088165283203e-01
9.895833134651184082e-01
9.890046119689941406e-01
9.894546866416931152e-01
9.892617464065551758e-01
9.608876705169677734e-01
9.629628658294677734e-01
9.650384187698364258e-01
9.662557840347290039e-01
9.651580452919006348e-01
9.660358428955078125e-01
9.680317044258117676e-01
9.667944908142089844e-01
9.658766984939575195e-01
9.677323102951049805e-01
9.659163355827331543e-01
9.672333002090454102e-01
9.664351344108581543e-01
9.665352106094360352e-01
9.678919911384582520e-01
9.661556482315063477e-01
9.667946100234985352e-01
9.668341279029846191e-01
9.658764600753784180e-01
9.652379155158996582e-01
9.646989703178405762e-01
9.663954973220825195e-01
9.654771685600280762e-01
9.662157297134399414e-01
9.652178287506103516e-01
9.650980830192565918e-01
9.647987484931945801e-01
9.664753675460815430e-01
9.648387432098388672e-01
9.646789431571960449e-01
9.659363031387329102e-01
9.661555886268615723e-01
9.646593332290649414e-01
9.662755131721496582e-01
9.648586511611938477e-01
9.643796682357788086e-01
9.650185108184814453e-01
9.655771255493164062e-01
9.656767845153808594e-01
9.644794464111328125e-01
9.643996953964233398e-01
9.651380777359008789e-01
9.656370282173156738e-01
9.653777480125427246e-01
9.634416699409484863e-01
9.650979638099670410e-01
9.654775261878967285e-01
9.644393324851989746e-01
9.657965302467346191e-01
9.647387862205505371e-01
9.667344093322753906e-01
9.657765626907348633e-01
9.645791649818420410e-01
9.658567309379577637e-01
9.654173851013183594e-01
9.647390246391296387e-01
9.656769037246704102e-01
9.645593762397766113e-01
9.648389220237731934e-01
9.662356376647949219e-01
9.666747450828552246e-01
9.657371044158935547e-01
9.650982618331909180e-01
9.653776288032531738e-01
9.649585485458374023e-01
9.654574394226074219e-01
9.664353132247924805e-01
9.661160111427307129e-01
9.670737385749816895e-01
9.657168984413146973e-01
9.653975367546081543e-01
9.657564759254455566e-01
9.668939709663391113e-01
9.656966924667358398e-01
9.673531055450439453e-01
9.672933220863342285e-01
9.658763408660888672e-01
9.661758542060852051e-01
9.666547179222106934e-01
9.678120017051696777e-01
9.663153290748596191e-01
9.674330353736877441e-01
9.661160111427307129e-01
9.666748642921447754e-01
9.668940305709838867e-01
9.669342041015625000e-01
9.681913256645202637e-01
9.668943285942077637e-01
9.669938087463378906e-01
9.678121805191040039e-01
9.664950370788574219e-01
9.659960269927978516e-01
