5.904513597488403320e-01
6.209374666213989258e-01
6.500694751739501953e-01
6.544445157051086426e-01
6.644096970558166504e-01
6.622916460037231445e-01
6.627083420753479004e-01
6.681596636772155762e-01
6.652083396911621094e-01
6.648263335227966309e-01
6.637848019599914551e-01
6.623264551162719727e-01
6.681598424911499023e-01
6.666666269302368164e-01
6.638540625572204590e-01
6.682986617088317871e-01
6.657637953758239746e-01
6.634722352027893066e-01
6.620832681655883789e-01
5.957639217376708984e-01
5.960068702697753906e-01
6.005554199218750000e-01
5.976389646530151367e-01
5.967013835906982422e-01
5.986111164093017578e-01
6.143750548362731934e-01
6.136111021041870117e-01
6.145485043525695801e-01
6.193055510520935059e-01
6.104167103767395020e-01
6.137499809265136719e-01
6.139235496520996094e-01
6.138889193534851074e-01
6.106944084167480469e-01
6.114235520362854004e-01
6.251388788223266602e-01
6.317707300186157227e-01
6.459028124809265137e-01
6.632292270660400391e-01
6.598264575004577637e-01
6.474652886390686035e-01
6.615971922874450684e-01
7.086458802223205566e-01
7.227429747581481934e-01
7.217360138893127441e-01
7.280555963516235352e-01
7.258332967758178711e-01
7.258679866790771484e-01
7.203124165534973145e-01
7.330554723739624023e-01
7.194792032241821289e-01
7.219790816307067871e-01
7.270138263702392578e-01
7.305208444595336914e-01
7.250694036483764648e-01
7.255208492279052734e-01
7.153818607330322266e-01
7.034027576446533203e-01
6.859722137451171875e-01
6.743749976158142090e-01
6.699652671813964844e-01
6.617014408111572266e-01
6.698263287544250488e-01
6.729165911674499512e-01
6.701387763023376465e-01
