4.788359254598617554e-02
4.647842422127723694e-02
4.654540866613388062e-02
4.778757691383361816e-02
4.818277806043624878e-02
4.729169234633445740e-02
4.621735587716102600e-02
4.959194362163543701e-02
4.683338105678558350e-02
4.562401771545410156e-02
4.838360846042633057e-02
4.795933887362480164e-02
4.843241348862648010e-02
4.594187438488006592e-02
4.918413609266281128e-02
4.819829389452934265e-02
4.786123707890510559e-02
4.551836848258972168e-02
4.947798699140548706e-02
5.078129470348358154e-02
4.970915615558624268e-02
4.955238848924636841e-02
4.867032170295715332e-02
5.097479373216629028e-02
4.893458262085914612e-02
5.045055225491523743e-02
4.991208389401435852e-02
4.955474287271499634e-02
4.923020303249359131e-02
5.033737793564796448e-02
5.022775754332542419e-02
4.985783621668815613e-02
5.053392052650451660e-02
5.558377876877784729e-02
5.678625404834747314e-02
5.640600994229316711e-02
5.673008412122726440e-02
5.706714466214179993e-02
5.620286613702774048e-02
5.665668472647666931e-02
5.641408264636993408e-02
5.736515671014785767e-02
6.672073155641555786e-02
6.656892597675323486e-02
6.659016013145446777e-02
6.622149795293807983e-02
6.578882038593292236e-02
6.668741255998611450e-02
6.656064838171005249e-02
6.608042120933532715e-02
6.670755147933959961e-02
6.610342860221862793e-02
6.693434715270996094e-02
6.675739586353302002e-02
6.736527383327484131e-02
6.654062122106552124e-02
6.731647998094558716e-02
6.614728271961212158e-02
6.651263684034347534e-02
6.599044799804687500e-02
6.711037456989288330e-02
6.664782017469406128e-02
6.648883968591690063e-02
6.636407971382141113e-02
6.757348775863647461e-02
