8.771464824676513672e-01
8.733744621276855469e-01
8.750317096710205078e-01
8.733901381492614746e-01
8.767046332359313965e-01
8.739108443260192871e-01
8.753629922866821289e-01
8.750947713851928711e-01
8.748422265052795410e-01
8.735637068748474121e-01
8.754102587699890137e-01
8.735638856887817383e-01
8.529759645462036133e-01
8.531991839408874512e-01
8.518750667572021484e-01
8.512350916862487793e-01
8.602383136749267578e-01
9.006300568580627441e-01
9.131299853324890137e-01
9.260166883468627930e-01
9.287946224212646484e-01
9.312006235122680664e-01
9.320287108421325684e-01
9.335960149765014648e-01
9.333924055099487305e-01
9.353370666503906250e-01
9.352576732635498047e-01
9.355706572532653809e-01
9.364035725593566895e-01
9.366813302040100098e-01
9.380109310150146484e-01
9.379763603210449219e-01
9.385812878608703613e-01
9.381104111671447754e-01
9.378914833068847656e-01
9.385121464729309082e-01
9.388941526412963867e-01
9.398909807205200195e-01
9.394691586494445801e-01
9.397470355033874512e-01
9.407191872596740723e-01
9.401137828826904297e-01
9.400196075439453125e-01
9.406445026397705078e-01
9.403270483016967773e-01
9.403474926948547363e-01
9.403520822525024414e-01
9.411059617996215820e-01
9.403523206710815430e-01
9.411456584930419922e-01
9.411058425903320312e-01
9.412400722503662109e-01
9.419344663619995117e-01
9.421083331108093262e-01
9.417111873626708984e-01
9.414485096931457520e-01
9.422272443771362305e-01
9.430107474327087402e-01
9.411954879760742188e-01
9.420536756515502930e-01
9.425193667411804199e-01
9.424999356269836426e-01
9.414535164833068848e-01
