6.472557783126831055e-02
4.628308862447738647e-02
4.619384929537773132e-02
4.621355235576629639e-02
4.612385109066963196e-02
4.608090221881866455e-02
4.609148204326629639e-02
4.608695581555366516e-02
4.613325744867324829e-02
4.616059362888336182e-02
4.613019153475761414e-02
4.616760462522506714e-02
4.429464414715766907e-02
4.406946524977684021e-02
4.405523464083671570e-02
4.396937415003776550e-02
3.926343098282814026e-02
1.879411935806274414e-02
1.280542090535163879e-02
8.621478453278541565e-03
7.358968723565340042e-03
6.310625933110713959e-03
5.799396429210901260e-03
5.308589898049831390e-03
5.026529077440500259e-03
4.750954918563365936e-03
4.648291040211915970e-03
4.470379557460546494e-03
4.133746959269046783e-03
4.141209181398153305e-03
3.930199425667524338e-03
3.889397485181689262e-03
3.766259411349892616e-03
3.756166901439428329e-03
3.653096035122871399e-03
3.688676748424768448e-03
3.555535571649670601e-03
3.413723548874258995e-03
3.477970603853464127e-03
3.363884752616286278e-03
3.298511961475014687e-03
3.344008466228842735e-03
3.321524010971188545e-03
3.196781268343329430e-03
3.230424365028738976e-03
3.202761523425579071e-03
3.201201558113098145e-03
3.057966241613030434e-03
3.046406665816903114e-03
3.124828916043043137e-03
3.048294689506292343e-03
3.069136524572968483e-03
2.917007077485322952e-03
2.905071480199694633e-03
3.000861965119838715e-03
2.942430321127176285e-03
2.833715872839093208e-03
2.887565409764647484e-03
2.962895203381776810e-03
2.991453278809785843e-03
2.890662522986531258e-03
2.821516245603561401e-03
2.981731202453374863e-03
