3.350879251956939697e-01
2.661129534244537354e-01
2.398103326559066772e-01
2.323232144117355347e-01
2.279486656188964844e-01
2.253566086292266846e-01
2.221163660287857056e-01
2.191695570945739746e-01
2.185467034578323364e-01
2.172609120607376099e-01
2.163529843091964722e-01
2.165994346141815186e-01
2.159894704818725586e-01
2.146326750516891479e-01
2.152160257101058960e-01
2.129721194505691528e-01
2.136257737874984741e-01
2.131072431802749634e-01
2.120895236730575562e-01
2.120745629072189331e-01
2.106256633996963501e-01
2.117659300565719604e-01
2.106007039546966553e-01
2.101358920335769653e-01
2.107908129692077637e-01
2.089387029409408569e-01
2.091409116983413696e-01
2.094262391328811646e-01
2.090799510478973389e-01
2.100774496793746948e-01
