1.772135066000000734e+02
3.515377229999999145e+02
5.268658544999998412e+02
7.008694734000000608e+02
8.754650060999997550e+02
1.051697801900000286e+03
1.223845395499999995e+03
1.397348574500000268e+03
1.571632044700000279e+03
1.744946514499999921e+03
1.919360007799999494e+03
2.091869089700000131e+03
2.265577350699999897e+03
2.443096743300000071e+03
2.618317274900000029e+03
2.793488146099999994e+03
2.968108457099999669e+03
3.140840876199999457e+03
3.314197426399999586e+03
3.486675959199999397e+03
3.660191563500000029e+03
3.832147052599999824e+03
4.008502227200000107e+03
4.183084278700000141e+03
4.358765658199999962e+03
4.532486362499999814e+03
4.706000672000000122e+03
4.878665849699998944e+03
5.052403043099999195e+03
5.227747248099998615e+03
