4.583423584699630737e-02
4.260227829217910767e-02
4.070879146456718445e-02
3.983191028237342834e-02
3.866900503635406494e-02
3.825724124908447266e-02
3.837512433528900146e-02
3.739826381206512451e-02
3.690565004944801331e-02
3.650578483939170837e-02
3.600959107279777527e-02
3.609682619571685791e-02
3.570141643285751343e-02
3.651132434606552124e-02
3.556202352046966553e-02
3.579961881041526794e-02
3.533728793263435364e-02
3.475787490606307983e-02
3.593552112579345703e-02
3.491183742880821228e-02
3.436533361673355103e-02
3.458896279335021973e-02
3.466576710343360901e-02
3.534684330224990845e-02
3.494878485798835754e-02
3.529465198516845703e-02
4.703408852219581604e-02
4.196009784936904907e-02
3.957399725914001465e-02
3.839574381709098816e-02
3.816184028983116150e-02
3.713060170412063599e-02
3.642158955335617065e-02
3.487734869122505188e-02
3.538867831230163574e-02
3.500451892614364624e-02
3.530534729361534119e-02
3.401550650596618652e-02
3.443867340683937073e-02
3.424914181232452393e-02
3.379882872104644775e-02
3.343039378523826599e-02
3.342592343688011169e-02
3.267289325594902039e-02
3.306543081998825073e-02
3.313772007822990417e-02
3.307604044675827026e-02
3.265024349093437195e-02
3.221485391259193420e-02
3.235810995101928711e-02
3.296627849340438843e-02
3.243141621351242065e-02
3.219820186495780945e-02
3.212984651327133179e-02
3.245035558938980103e-02
3.196278959512710571e-02
3.201698884367942810e-02
3.171441704034805298e-02
3.167827799916267395e-02
3.162301704287528992e-02
3.201420232653617859e-02
4.505058005452156067e-02
4.080190509557723999e-02
3.876994922757148743e-02
3.748383373022079468e-02
3.641682490706443787e-02
3.579986095428466797e-02
3.518731519579887390e-02
3.480879962444305420e-02
3.456125035881996155e-02
3.463979065418243408e-02
3.377024829387664795e-02
3.378282859921455383e-02
3.354111686348915100e-02
3.359254449605941772e-02
3.295212611556053162e-02
3.319672867655754089e-02
3.237862512469291687e-02
3.279313072562217712e-02
3.262215852737426758e-02
3.236360475420951843e-02
3.243190795183181763e-02
3.184714913368225098e-02
3.213587775826454163e-02
3.181250765919685364e-02
3.144367039203643799e-02
3.147444501519203186e-02
3.142516314983367920e-02
3.132989630103111267e-02
3.167515620589256287e-02
3.110887482762336731e-02
3.083884157240390778e-02
3.133385628461837769e-02
3.091727942228317261e-02
3.104891441762447357e-02
3.095422126352787018e-02
3.050271607935428619e-02
3.069219179451465607e-02
3.054882772266864777e-02
3.002339042723178864e-02
3.033997304737567902e-02
2.982051298022270203e-02
3.011217154562473297e-02
2.996630966663360596e-02
2.984829246997833252e-02
2.978420257568359375e-02
2.981146238744258881e-02
2.980645559728145599e-02
2.984308823943138123e-02
2.977786399424076080e-02
4.390634596347808838e-02
3.847862407565116882e-02
3.600956872105598450e-02
3.460506349802017212e-02
3.371170163154602051e-02
3.346227481961250305e-02
3.267582878470420837e-02
3.210554644465446472e-02
3.197180479764938354e-02
3.174999728798866272e-02
3.179869800806045532e-02
3.140977397561073303e-02
3.123731538653373718e-02
3.125846758484840393e-02
3.049603104591369629e-02
3.081799857318401337e-02
3.104409761726856232e-02
3.000671043992042542e-02
3.039674833416938782e-02
2.949844673275947571e-02
2.958508767187595367e-02
2.978562004864215851e-02
2.947277389466762543e-02
2.936958335340023041e-02
2.928755991160869598e-02
2.918032556772232056e-02
2.880896814167499542e-02
2.900532633066177368e-02
2.861316315829753876e-02
2.853160165250301361e-02
2.870516106486320496e-02
2.879932709038257599e-02
2.817281708121299744e-02
2.807537093758583069e-02
2.784986421465873718e-02
2.804232202470302582e-02
2.800564467906951904e-02
2.789637632668018341e-02
2.795503847301006317e-02
2.789205312728881836e-02
2.777183614671230316e-02
2.743993513286113739e-02
2.743680030107498169e-02
2.786185219883918762e-02
2.725520730018615723e-02
2.747997827827930450e-02
2.744367904961109161e-02
2.732148580253124237e-02
2.725593559443950653e-02
2.698251791298389435e-02
2.699377387762069702e-02
2.710274420678615570e-02
2.709169313311576843e-02
2.709594741463661194e-02
2.691845595836639404e-02
2.695461921393871307e-02
2.678612060844898224e-02
2.667231298983097076e-02
2.708980813622474670e-02
2.803506888449192047e-02
2.790212072432041168e-02
2.746065147221088409e-02
2.740514092147350311e-02
2.731509879231452942e-02
2.707793004810810089e-02
2.705878578126430511e-02
2.696503885090351105e-02
2.684815041720867157e-02
2.695089392364025116e-02
2.712021581828594208e-02
