8.571054199999707635e+00
1.487927419999959966e+01
2.168529279999984283e+01
2.862284909999925731e+01
3.538428629999998520e+01
4.212649710000005143e+01
4.877314849999947910e+01
5.528212359999997716e+01
6.202880979999918054e+01
6.864006249999965803e+01
7.527251049999995303e+01
8.188742029999957595e+01
8.844704120000005787e+01
9.533708149999984016e+01
1.020833522999992056e+02
1.085375686999996105e+02
1.145942188999997597e+02
1.211031774999992194e+02
1.276563174999992043e+02
1.341224412999999913e+02
1.407675122000000556e+02
1.472949968999992052e+02
1.536658515999997690e+02
1.602082972999996855e+02
1.665905862999998135e+02
1.727362166999992041e+02
1.790882793000000675e+02
1.852436324999998760e+02
1.914137557999993078e+02
1.977289700999999695e+02
2.038670686999994359e+02
2.098407651999996233e+02
2.160445250999991913e+02
2.222882993999992323e+02
2.283946783999999752e+02
2.342490367999998853e+02
2.399543229999999312e+02
2.455601420999992115e+02
2.513617789999998422e+02
2.570211245999998937e+02
2.630632382999992842e+02
2.688495132999996713e+02
2.745617320999999720e+02
2.802638466999997036e+02
2.860822078999999576e+02
2.917572439999994458e+02
2.973666199999997843e+02
3.032203823999998349e+02
3.088968202999994901e+02
3.144736106000000291e+02
3.207381332999993901e+02
3.268940733999997974e+02
3.329723784999996496e+02
3.393358982999998261e+02
3.455565505999993547e+02
3.516717002999994293e+02
3.580372498999995514e+02
3.642964297999997143e+02
3.703898289999997360e+02
3.767107958999995390e+02
3.828535291999996844e+02
3.889273890999993455e+02
3.952773656999997911e+02
4.014028484999998909e+02
4.075117127999992590e+02
4.137209208999993280e+02
4.197654382000000624e+02
4.262477765999992698e+02
4.325412676999994801e+02
4.387095076999994490e+02
4.448503470999994533e+02
4.509877646999993885e+02
4.569670712999995885e+02
4.630620739999994839e+02
4.694415343000000576e+02
4.755745637999998507e+02
4.817609354999995048e+02
4.881141024999997171e+02
4.942828233999998702e+02
5.003814562999996269e+02
5.066495322999999189e+02
5.128128693999997267e+02
5.189283304999999018e+02
5.252559283999999025e+02
5.314939129999993384e+02
5.377014149999995425e+02
5.438983620999997584e+02
5.500505812999999762e+02
5.562874638999992385e+02
5.626156785999992280e+02
5.688749702999994042e+02
5.750240389999999024e+02
5.814517966999992495e+02
5.876399806999997963e+02
5.938398697999991782e+02
6.002907449999993332e+02
6.065088372000000163e+02
6.132026507999999012e+02
6.196629360999995697e+02
6.259809785999996166e+02
6.479332263999995121e+02
6.685133778999997958e+02
6.894445204999992711e+02
7.104728746999999203e+02
7.327205221999993228e+02
7.546571205000000191e+02
7.756373825999999099e+02
7.962834802999996100e+02
8.167839020999999775e+02
8.371638122999993357e+02
8.578047964999996111e+02
8.782833560999997644e+02
8.986534582999993290e+02
9.192775699999992867e+02
9.403101535999994667e+02
9.607199798999999985e+02
9.813682281999999759e+02
1.001998829199999818e+03
1.022479771899999832e+03
1.043259663999999248e+03
1.063959741199999371e+03
1.084625919099999919e+03
1.105584597899999608e+03
1.126374742999999398e+03
1.146885088699999869e+03
1.167937552800000049e+03
1.188893130699999347e+03
1.209521689799999876e+03
1.230469776399999319e+03
1.251281030099999953e+03
1.272616292099999555e+03
1.293723141299999952e+03
1.314623563199999808e+03
1.335432041499999286e+03
1.356517878800000290e+03
1.377515248099999553e+03
1.398394937099998970e+03
1.419488255299999764e+03
1.440438400699999875e+03
