6.766928434371948242e-01
7.767482995986938477e-01
8.335068225860595703e-01
8.733191490173339844e-01
9.023637175559997559e-01
9.237689375877380371e-01
9.424954056739807129e-01
9.540483355522155762e-01
9.627049565315246582e-01
9.690498113632202148e-01
9.731340408325195312e-01
9.767991900444030762e-01
9.789847731590270996e-01
9.818022251129150391e-01
9.829980731010437012e-01
9.832265973091125488e-01
9.835817217826843262e-01
9.842330217361450195e-01
9.859176874160766602e-01
9.863871932029724121e-01
9.866908788681030273e-01
9.870464801788330078e-01
9.877648353576660156e-01
9.875316023826599121e-01
9.874525070190429688e-01
9.879066944122314453e-01
9.879103302955627441e-01
9.876106381416320801e-01
9.880092144012451172e-01
9.882336258888244629e-01
9.881001114845275879e-01
9.883956313133239746e-01
9.877640008926391602e-01
9.881269335746765137e-01
9.883242249488830566e-01
9.884942770004272461e-01
9.884512424468994141e-01
9.884312748908996582e-01
9.885811805725097656e-01
9.884468913078308105e-01
9.886913895606994629e-01
9.886169433593750000e-01
9.886521100997924805e-01
9.888258576393127441e-01
9.888378381729125977e-01
9.890152215957641602e-01
9.890150427818298340e-01
9.889361858367919922e-01
9.894447922706604004e-01
9.892473816871643066e-01
9.894964694976806641e-01
9.895042181015014648e-01
9.897807240486145020e-01
9.896150827407836914e-01
9.895317554473876953e-01
9.896506667137145996e-01
9.896543622016906738e-01
9.896346926689147949e-01
9.899699687957763672e-01
9.900959134101867676e-01
9.898752570152282715e-01
9.899699687957763672e-01
9.898473620414733887e-01
9.901904463768005371e-01
9.901869297027587891e-01
9.902071356773376465e-01
9.905697107315063477e-01
9.904317259788513184e-01
9.907591342926025391e-01
9.906602501869201660e-01
9.639903903007507324e-01
9.666693210601806641e-01
9.671909809112548828e-01
9.681072235107421875e-01
9.682754278182983398e-01
9.683967232704162598e-01
9.687103033065795898e-01
9.695087671279907227e-01
9.695652723312377930e-01
9.700540304183959961e-01
9.704883098602294922e-01
9.707046151161193848e-01
9.709933996200561523e-01
9.716237783432006836e-01
9.720086455345153809e-01
9.718105792999267578e-01
9.725463986396789551e-01
9.726517200469970703e-01
9.729866385459899902e-01
9.735608696937561035e-01
9.737030267715454102e-01
9.737731814384460449e-01
9.742580652236938477e-01
9.742797017097473145e-01
9.745714664459228516e-01
9.751108288764953613e-01
9.751526713371276855e-01
9.752408862113952637e-01
9.756004214286804199e-01
9.756710529327392578e-01
9.758723378181457520e-01
9.761340618133544922e-01
9.761695861816406250e-01
9.766997694969177246e-01
9.768205881118774414e-01
9.770507812500000000e-01
9.774045348167419434e-01
9.771451950073242188e-01
9.775133132934570312e-01
9.775829315185546875e-01
9.776234626770019531e-01
9.778798222541809082e-01
9.779879450798034668e-01
9.780962467193603516e-01
9.779354333877563477e-01
9.782097339630126953e-01
9.787997007369995117e-01
9.785106778144836426e-01
9.788491129875183105e-01
9.789151549339294434e-01
9.787130951881408691e-01
