5.307986140251159668e-01
5.397742390632629395e-01
5.420658588409423828e-01
5.454686880111694336e-01
5.484721660614013672e-01
5.570486187934875488e-01
5.573958158493041992e-01
5.600867271423339844e-01
5.623090267181396484e-01
5.625519752502441406e-01
5.682812333106994629e-01
5.687847733497619629e-01
5.689062476158142090e-01
5.691146254539489746e-01
5.708507299423217773e-01
5.756423473358154297e-01
5.710937380790710449e-01
5.759895443916320801e-01
5.771874785423278809e-01
5.772221088409423828e-01
5.749999284744262695e-01
5.751388669013977051e-01
5.773958563804626465e-01
5.741840004920959473e-01
5.733854174613952637e-01
5.752429962158203125e-01
5.737500190734863281e-01
5.706943869590759277e-01
5.729513764381408691e-01
5.764756798744201660e-01
5.776215791702270508e-01
5.699305534362792969e-01
5.732986330986022949e-01
5.621007680892944336e-01
5.783506631851196289e-01
5.901216268539428711e-01
5.956944823265075684e-01
6.004166603088378906e-01
6.048611402511596680e-01
6.045486330986022949e-01
6.078993082046508789e-01
6.063194870948791504e-01
6.092882752418518066e-01
6.117361187934875488e-01
6.133334040641784668e-01
6.105207800865173340e-01
6.107637882232666016e-01
6.144618391990661621e-01
6.141840815544128418e-01
6.176040768623352051e-01
6.189756989479064941e-01
6.181423664093017578e-01
6.132292151451110840e-01
6.168922781944274902e-01
6.233506798744201660e-01
6.197568774223327637e-01
6.175694465637207031e-01
6.205381155014038086e-01
6.205381155014038086e-01
6.184201240539550781e-01
6.166840791702270508e-01
6.201736330986022949e-01
6.197569370269775391e-01
6.255034804344177246e-01
6.170660257339477539e-01
6.214409470558166504e-01
6.167535185813903809e-01
6.193749904632568359e-01
6.213887929916381836e-01
6.236284375190734863e-01
6.228471398353576660e-01
6.187673211097717285e-01
6.202256679534912109e-01
6.284027695655822754e-01
6.234548687934875488e-01
6.211980581283569336e-01
6.251561641693115234e-01
6.248437762260437012e-01
6.250346899032592773e-01
6.273263096809387207e-01
6.264063119888305664e-01
6.276041269302368164e-01
6.242187023162841797e-01
6.272222399711608887e-01
6.279166936874389648e-01
6.264061331748962402e-01
5.986979007720947266e-01
6.135069727897644043e-01
6.210763454437255859e-01
6.261805295944213867e-01
6.336110830307006836e-01
6.339757442474365234e-01
6.396006345748901367e-01
6.433680057525634766e-01
6.437500119209289551e-01
6.434374451637268066e-01
6.478298902511596680e-01
6.475346088409423828e-01
6.498437523841857910e-01
6.530034542083740234e-01
6.562153697013854980e-01
6.532985568046569824e-01
6.544096469879150391e-01
6.564237475395202637e-01
6.593401432037353516e-01
6.580902338027954102e-01
6.552082896232604980e-01
6.583680510520935059e-01
6.619791388511657715e-01
6.628124117851257324e-01
6.614583730697631836e-01
6.639756560325622559e-01
6.650347709655761719e-01
6.636979579925537109e-01
6.637673974037170410e-01
6.645139455795288086e-01
6.662847399711608887e-01
6.662673950195312500e-01
6.667534708976745605e-01
6.663368344306945801e-01
6.679339408874511719e-01
6.653472185134887695e-01
6.666667461395263672e-01
6.730034351348876953e-01
6.689409017562866211e-01
6.699998974800109863e-01
6.719619035720825195e-01
6.730207800865173340e-01
6.696527600288391113e-01
6.695138812065124512e-01
6.689063310623168945e-01
6.696006059646606445e-01
6.750000119209289551e-01
6.734548807144165039e-01
6.712325215339660645e-01
6.723089814186096191e-01
6.731076836585998535e-01
6.750520467758178711e-01
6.703298687934875488e-01
6.736805438995361328e-01
6.749825477600097656e-01
6.759201288223266602e-01
6.580556631088256836e-01
6.679687500000000000e-01
6.763194203376770020e-01
6.843228936195373535e-01
6.868054866790771484e-01
6.924825310707092285e-01
6.946527957916259766e-01
7.054512500762939453e-01
7.020310759544372559e-01
7.034026384353637695e-01
7.076561450958251953e-01
7.067707777023315430e-01
7.106770873069763184e-01
7.103644609451293945e-01
7.107465267181396484e-01
7.152605652809143066e-01
7.205381989479064941e-01
7.172395586967468262e-01
7.139062285423278809e-01
7.190104126930236816e-01
7.173784375190734863e-01
7.195138335227966309e-01
7.222049832344055176e-01
7.223783731460571289e-01
7.234547138214111328e-01
7.233680486679077148e-01
7.259374260902404785e-01
7.279166579246520996e-01
7.267709970474243164e-01
7.248265147209167480e-01
7.292013764381408691e-01
7.264062762260437012e-01
7.232117652893066406e-01
7.260764241218566895e-01
7.301562428474426270e-01
7.238714694976806641e-01
7.252083420753479004e-01
7.269271612167358398e-01
7.268401980400085449e-01
7.268403768539428711e-01
7.283505201339721680e-01
7.287153005599975586e-01
7.262328267097473145e-01
7.315278053283691406e-01
7.247049212455749512e-01
7.289062738418579102e-01
7.284722924232482910e-01
7.301215529441833496e-01
7.294618487358093262e-01
7.279687523841857910e-01
7.262499928474426270e-01
7.246353030204772949e-01
7.271182537078857422e-01
7.285764217376708984e-01
7.305034399032592773e-01
7.270658612251281738e-01
7.311978936195373535e-01
7.299131751060485840e-01
