8.713144659996032715e-01
8.996748924255371094e-01
9.055028557777404785e-01
9.092190265655517578e-01
9.119044542312622070e-01
9.102612137794494629e-01
9.109574556350708008e-01
9.138058423995971680e-01
9.161380529403686523e-01
9.197431802749633789e-01
9.205815792083740234e-01
9.223991632461547852e-01
9.227730631828308105e-01
9.214805364608764648e-01
9.222883582115173340e-01
9.242674708366394043e-01
9.228535890579223633e-01
9.240153431892395020e-01
9.274671673774719238e-01
9.266101717948913574e-01
9.278921484947204590e-01
9.150488972663879395e-01
9.210248589515686035e-01
8.899309039115905762e-01
8.984045386314392090e-01
8.964514732360839844e-01
8.988624811172485352e-01
9.004867672920227051e-01
9.009448885917663574e-01
8.983603715896606445e-01
8.933840394020080566e-01
8.944448232650756836e-01
