7.063240719999998873e+01
1.030435116000001017e+02
1.355007443000001786e+02
1.679697431000001870e+02
2.003910185000002002e+02
2.327902689000000009e+02
2.652490728000000217e+02
2.976726382000001649e+02
3.301011687000000165e+02
3.625179835000001276e+02
3.949704661000000669e+02
4.275663133000000471e+02
4.599670146000000841e+02
4.923968170000000555e+02
5.248191040000001522e+02
5.572101362000000790e+02
5.896280463000000509e+02
6.220372730000001411e+02
6.544811614000002464e+02
6.868892932000001110e+02
7.193030215000001135e+02
7.517225624999998672e+02
7.841179319000000305e+02
9.712335752000001321e+02
1.074338362400000051e+03
1.177374210700000049e+03
1.280580088400000250e+03
1.383695154799999955e+03
1.486720372200000156e+03
1.589883219399999916e+03
1.692931830300000229e+03
1.796102349500000173e+03
