9.121961593627929688e-01
9.269097447395324707e-01
9.339843988418579102e-01
9.312934875488281250e-01
9.242621660232543945e-01
9.306424856185913086e-01
9.274739027023315430e-01
9.404079318046569824e-01
9.377603530883789062e-01
9.329426884651184082e-01
9.346354603767395020e-01
9.394098520278930664e-01
9.437499046325683594e-01
9.499999880790710449e-01
9.560764431953430176e-01
9.604166746139526367e-01
9.621528387069702148e-01
9.585936665534973145e-01
9.639323949813842773e-01
9.651476740837097168e-01
9.656249880790710449e-01
9.613281488418579102e-01
9.658421277999877930e-01
9.661458134651184082e-01
9.673175811767578125e-01
9.662327766418457031e-01
9.645398855209350586e-01
9.649739265441894531e-01
9.680122137069702148e-01
9.681423902511596680e-01
9.666666984558105469e-01
9.667099714279174805e-01
9.677951931953430176e-01
9.678819775581359863e-01
9.678819775581359863e-01
9.677516818046569824e-01
9.681423306465148926e-01
9.683594703674316406e-01
9.685330390930175781e-01
9.688801765441894531e-01
9.688369035720825195e-01
9.681857824325561523e-01
9.681423902511596680e-01
9.681422114372253418e-01
9.682291150093078613e-01
9.313860535621643066e-01
9.399814605712890625e-01
9.435669183731079102e-01
9.475582838058471680e-01
9.493317604064941406e-01
9.506619572639465332e-01
9.516440033912658691e-01
9.516815543174743652e-01
9.512286186218261719e-01
9.522476196289062500e-01
9.534460306167602539e-01
9.541726112365722656e-01
9.529925584793090820e-01
9.539839029312133789e-01
9.548420906066894531e-01
9.550404548645019531e-01
9.548799991607666016e-01
9.546723365783691406e-01
9.544175863265991211e-01
9.560028314590454102e-01
9.553422331809997559e-01
9.558520317077636719e-01
9.560970067977905273e-01
9.560216665267944336e-01
9.562573432922363281e-01
9.562291502952575684e-01
9.575408697128295898e-01
9.569746851921081543e-01
9.570595026016235352e-01
9.567764401435852051e-01
9.571539163589477539e-01
9.560875892639160156e-01
9.568235278129577637e-01
