7.169842000000000937e+00
1.059966710000000134e+01
1.397166960000000024e+01
1.730918559999999928e+01
2.070120869999999869e+01
2.406443780000000032e+01
2.742456759999999960e+01
3.087071590000000043e+01
3.438087819999999795e+01
3.760130929999999694e+01
4.108158399999999943e+01
4.449937039999999655e+01
4.792326359999999852e+01
5.120319399999999632e+01
5.463528289999999998e+01
5.785637810000000059e+01
6.124987879999999763e+01
6.448884020000001271e+01
6.792271090000001266e+01
7.117542270000001281e+01
7.459594620000000020e+01
7.787013800000001140e+01
8.126595100000000116e+01
8.459755210000000147e+01
8.788158030000001020e+01
9.121049930000000927e+01
9.446442060000001106e+01
9.786216690000000540e+01
1.012142225000000053e+02
1.045426017999999999e+02
1.077563317000000040e+02
1.111924056000000007e+02
1.145847681000000051e+02
1.177653627000000114e+02
1.211664359000000104e+02
1.244999319000000071e+02
1.277544834999999921e+02
1.310479868000000181e+02
1.344327288000000067e+02
1.376849809999999934e+02
1.412085266999999931e+02
1.447032645000000173e+02
1.480919662999999957e+02
1.515017811000000165e+02
1.549988512000000185e+02
1.663260128999999949e+02
1.768624068000000022e+02
1.871734103999999945e+02
1.976308199999999999e+02
2.080783631000000184e+02
2.185030312000000094e+02
2.288119509999999934e+02
2.392814729000000114e+02
2.497320473000000050e+02
2.599976267999999777e+02
2.703368130000000065e+02
2.805819144000000165e+02
2.909481066000000169e+02
3.014444376999999804e+02
3.117833244000000263e+02
3.221981552000000306e+02
3.325537489000000164e+02
3.430437102999999865e+02
3.534263477000000080e+02
3.637494413000000009e+02
3.743222643000000289e+02
3.846337520000000154e+02
3.949680218000000309e+02
4.054156487000000197e+02
4.157870947000000115e+02
4.261168903000000228e+02
4.365691178000000150e+02
4.469277731999999901e+02
4.572722135999999864e+02
4.679339856999999938e+02
4.782714076000000318e+02
4.884916038000000071e+02
4.988236741000000052e+02
