6.004391908645629883e-01
6.686580777168273926e-01
7.122650742530822754e-01
7.523488402366638184e-01
7.850285768508911133e-01
8.180146813392639160e-01
8.478350043296813965e-01
8.721916079521179199e-01
8.834252357482910156e-01
9.051266312599182129e-01
9.168199300765991211e-01
9.275429844856262207e-01
9.276960492134094238e-01
9.373978376388549805e-01
9.403084516525268555e-01
9.428614377975463867e-01
9.523589015007019043e-01
9.488868713378906250e-01
9.539930820465087891e-01
9.527675509452819824e-01
9.517463445663452148e-01
9.561887383460998535e-01
9.521548151969909668e-01
9.548099637031555176e-01
9.542483091354370117e-01
9.602227210998535156e-01
9.558312892913818359e-01
9.587928652763366699e-01
9.572610259056091309e-01
9.598140716552734375e-01
9.638481140136718750e-01
9.637970924377441406e-01
9.641544222831726074e-01
9.612949490547180176e-01
9.597119688987731934e-01
9.642565250396728516e-01
9.609885215759277344e-01
9.630311131477355957e-01
9.643076658248901367e-01
9.631332159042358398e-01
9.632864594459533691e-01
9.630821347236633301e-01
9.610396027565002441e-01
9.576184749603271484e-01
9.644097685813903809e-01
9.611928462982177734e-01
9.634906649589538574e-01
9.626735448837280273e-01
9.636437892913818359e-01
9.636437892913818359e-01
9.640012383460998535e-01
9.604779481887817383e-01
9.634395837783813477e-01
9.625204801559448242e-01
9.624182581901550293e-01
9.632863402366638184e-01
9.647160768508911133e-01
9.627756476402282715e-01
9.634394645690917969e-01
9.631842374801635742e-01
9.637969732284545898e-01
9.660948514938354492e-01
9.659925103187561035e-01
9.648693203926086426e-01
9.634905457496643066e-01
9.625715613365173340e-01
9.634395837783813477e-01
9.621119499206542969e-01
9.641033411026000977e-01
9.655329585075378418e-01
9.625204801559448242e-01
9.647161960601806641e-01
9.639502167701721191e-01
9.643587470054626465e-01
9.622140526771545410e-01
9.654820561408996582e-01
9.632351994514465332e-01
9.638990759849548340e-01
9.656862616539001465e-01
9.655331969261169434e-01
9.626736640930175781e-01
9.650735259056091309e-01
9.640523195266723633e-01
