2.338092476129531860e-01
1.990210562944412231e-01
1.799480766057968140e-01
1.642368286848068237e-01
1.506637036800384521e-01
1.356356143951416016e-01
1.214137822389602661e-01
1.081978604197502136e-01
9.767465293407440186e-02
8.633518218994140625e-02
7.573701441287994385e-02
6.664504855871200562e-02
6.079385429620742798e-02
5.384019017219543457e-02
4.664766043424606323e-02
4.214581102132797241e-02
3.682227805256843567e-02
3.417927399277687073e-02
3.048478998243808746e-02
2.805045433342456818e-02
2.643828839063644409e-02
2.417644672095775604e-02
2.258980274200439453e-02
2.167185954749584198e-02
2.003443427383899689e-02
1.841253973543643951e-02
1.752629317343235016e-02
1.656357571482658386e-02
1.615804620087146759e-02
1.526598539203405380e-02
1.416501216590404510e-02
1.357831619679927826e-02
1.284920424222946167e-02
1.263251062482595444e-02
1.201361790299415588e-02
1.177674345672130585e-02
1.095025613903999329e-02
1.046518329530954361e-02
1.033851038664579391e-02
1.013297587633132935e-02
9.812303818762302399e-03
9.629388339817523956e-03
9.353618137538433075e-03
9.532062336802482605e-03
9.280270896852016449e-03
9.124577976763248444e-03
8.745043538510799408e-03
8.385650813579559326e-03
8.514489047229290009e-03
8.181302808225154877e-03
8.160481229424476624e-03
8.278773166239261627e-03
8.021244779229164124e-03
7.838124409317970276e-03
7.912073284387588501e-03
7.827538065612316132e-03
7.624457124620676041e-03
7.804549764841794968e-03
7.400443777441978455e-03
7.228990085422992706e-03
7.142088841646909714e-03
7.188443560153245926e-03
6.919964682310819626e-03
7.041324861347675323e-03
6.853352766484022141e-03
6.813324056565761566e-03
6.853966973721981049e-03
6.878905929625034332e-03
6.588342599570751190e-03
6.697569973766803741e-03
6.691298447549343109e-03
6.577416323125362396e-03
6.596431601792573929e-03
6.312602199614048004e-03
6.352405529469251633e-03
6.106849294155836105e-03
6.461450830101966858e-03
6.020598113536834717e-03
6.052982527762651443e-03
5.876265000551939011e-03
5.938827991485595703e-03
5.944748409092426300e-03
6.181225180625915527e-03
