7.504552099999983739e+00
1.412963749999997276e+01
2.065770080000001485e+01
2.719123970000001123e+01
3.374763569999996093e+01
4.027865669999997067e+01
4.667921440000000644e+01
5.322010309999998867e+01
5.963213540000000989e+01
6.609241749999998206e+01
8.341865929999997320e+01
1.009405730999999662e+02
1.180048371000000031e+02
1.351451553999999931e+02
1.522899372999999912e+02
1.694004386999999667e+02
1.866972781999999995e+02
2.039212583000000052e+02
2.210211690999999803e+02
2.379888933000000009e+02
