4.113131463527679443e-01
4.115151464939117432e-01
4.157575964927673340e-01
4.270707368850708008e-01
4.258585572242736816e-01
4.264646768569946289e-01
4.339393973350524902e-01
4.383838474750518799e-01
4.395959675312042236e-01
4.371717274188995361e-01
4.387878775596618652e-01
4.462626576423645020e-01
4.470707178115844727e-01
4.456565678119659424e-01
4.575757682323455811e-01
4.571717381477355957e-01
4.573737680912017822e-01
4.606060385704040527e-01
4.597979784011840820e-01
4.624242484569549561e-01
4.636363387107849121e-01
4.604040384292602539e-01
4.735353887081146240e-01
4.717172086238861084e-01
4.727272689342498779e-01
4.698990285396575928e-01
4.715151786804199219e-01
4.644444286823272705e-01
4.721211791038513184e-01
4.723232090473175049e-01
4.745454490184783936e-01
4.763636291027069092e-01
4.884848296642303467e-01
4.763636887073516846e-01
4.816161692142486572e-01
4.834343492984771729e-01
4.852525293827056885e-01
4.923232197761535645e-01
4.834343791007995605e-01
4.838383793830871582e-01
4.890909194946289062e-01
4.907070696353912354e-01
4.878787994384765625e-01
4.917171895503997803e-01
4.858585894107818604e-01
5.014141201972961426e-01
5.012121796607971191e-01
4.975757896900177002e-01
5.004040598869323730e-01
4.987879097461700439e-01
4.905050396919250488e-01
5.076767802238464355e-01
5.032323598861694336e-01
5.086868405342102051e-01
5.125252604484558105e-01
5.076767802238464355e-01
5.016161799430847168e-01
5.167676806449890137e-01
5.167676806449890137e-01
5.014141798019409180e-01
5.092929601669311523e-01
5.137373805046081543e-01
5.092929005622863770e-01
5.181818604469299316e-01
5.119191408157348633e-01
5.252525806427001953e-01
5.175757408142089844e-01
5.167676806449890137e-01
5.208080410957336426e-01
5.141413807868957520e-01
5.202020406723022461e-01
5.163636207580566406e-01
5.236363410949707031e-01
5.187879204750061035e-01
5.268687009811401367e-01
5.169697403907775879e-01
5.238384008407592773e-01
5.226262211799621582e-01
5.157575607299804688e-01
5.327273011207580566e-01
5.250505208969116211e-01
5.313131213188171387e-01
5.230302810668945312e-01
5.286869406700134277e-01
5.280808210372924805e-01
5.337374210357666016e-01
5.240403413772583008e-01
5.303031206130981445e-01
5.321212410926818848e-01
5.321211814880371094e-01
5.319191813468933105e-01
5.357575416564941406e-01
5.325252413749694824e-01
5.286869406700134277e-01
5.363637208938598633e-01
5.418182015419006348e-01
5.373737812042236328e-01
5.404040813446044922e-01
5.466666817665100098e-01
5.353534817695617676e-01
5.456565618515014648e-01
5.397979617118835449e-01
5.420202016830444336e-01
5.428283214569091797e-01
5.444444417953491211e-01
5.391919612884521484e-01
5.391919016838073730e-01
5.387879014015197754e-01
5.474747419357299805e-01
5.381819009780883789e-01
5.416161417961120605e-01
5.519192218780517578e-01
5.553535819053649902e-01
5.470706820487976074e-01
5.466666817665100098e-01
5.545454621315002441e-01
5.525252223014831543e-01
5.630303025245666504e-01
5.494949817657470703e-01
5.519191622734069824e-01
5.575758218765258789e-01
5.567677021026611328e-01
5.529292821884155273e-01
5.567677021026611328e-01
5.535353422164916992e-01
5.537374019622802734e-01
5.543434023857116699e-01
5.632323622703552246e-01
5.597980022430419922e-01
5.614141821861267090e-01
5.583838224411010742e-01
5.593939423561096191e-01
5.610100626945495605e-01
5.581818222999572754e-01
5.606061220169067383e-01
5.648485422134399414e-01
5.662626624107360840e-01
5.640404820442199707e-01
5.587878823280334473e-01
5.646464824676513672e-01
5.670707821846008301e-01
5.672726631164550781e-01
5.688889026641845703e-01
5.648484826087951660e-01
5.682828426361083984e-01
5.573737025260925293e-01
5.688889026641845703e-01
5.717172026634216309e-01
5.737373828887939453e-01
5.682828426361083984e-01
5.753535032272338867e-01
5.676768422126770020e-01
5.690909028053283691e-01
5.812121629714965820e-01
5.719192028045654297e-01
5.686868429183959961e-01
5.680808424949645996e-01
5.757576227188110352e-01
5.854545831680297852e-01
5.810101032257080078e-01
5.765656828880310059e-01
5.929293036460876465e-01
5.844444632530212402e-01
5.812121629714965820e-01
5.909090638160705566e-01
5.789899230003356934e-01
5.892928838729858398e-01
5.901010036468505859e-01
5.737373828887939453e-01
5.898990035057067871e-01
5.787879228591918945e-01
5.866667032241821289e-01
5.820202231407165527e-01
5.806060433387756348e-01
5.888889431953430176e-01
5.848485231399536133e-01
5.824242830276489258e-01
5.789898633956909180e-01
5.870707631111145020e-01
5.866667032241821289e-01
5.933334231376647949e-01
5.943434238433837891e-01
5.943434834480285645e-01
5.836364030838012695e-01
5.876767635345458984e-01
5.894949436187744141e-01
5.866666436195373535e-01
5.977778434753417969e-01
5.856565833091735840e-01
5.955556631088256836e-01
5.939394235610961914e-01
5.901010036468505859e-01
5.977778434753417969e-01
5.939393639564514160e-01
6.016162037849426270e-01
5.890908837318420410e-01
5.987878441810607910e-01
5.929293632507324219e-01
5.945454835891723633e-01
6.008080840110778809e-01
5.155555605888366699e-01
5.193651318550109863e-01
5.176507830619812012e-01
5.214602947235107422e-01
5.198730230331420898e-01
5.263491868972778320e-01
5.262857079505920410e-01
5.273015499114990234e-01
5.249523520469665527e-01
5.290794372558593750e-01
5.317460298538208008e-01
5.311111211776733398e-01
5.342221260070800781e-01
5.290158987045288086e-01
5.363174676895141602e-01
5.335872769355773926e-01
5.357460379600524902e-01
5.398095846176147461e-01
5.362539887428283691e-01
5.396825671195983887e-01
5.396190881729125977e-01
5.412063598632812500e-01
5.453968048095703125e-01
5.410792827606201172e-01
5.426031947135925293e-01
5.442540049552917480e-01
5.464761853218078613e-01
5.498413443565368652e-01
5.513650774955749512e-01
5.486350059509277344e-01
5.488253831863403320e-01
5.566349625587463379e-01
5.547936558723449707e-01
5.492698550224304199e-01
5.562540292739868164e-01
5.576508045196533203e-01
5.554921030998229980e-01
5.554920434951782227e-01
5.584127306938171387e-01
5.590476393699645996e-01
5.616507530212402344e-01
5.589206814765930176e-01
5.596825480461120605e-01
5.610793828964233398e-01
5.633651018142700195e-01
5.637460350990295410e-01
5.650793910026550293e-01
5.643809437751770020e-01
5.673651099205017090e-01
5.666666626930236816e-01
5.645079612731933594e-01
5.692698955535888672e-01
5.667301416397094727e-01
5.713651180267333984e-01
5.716191530227661133e-01
5.735872983932495117e-01
5.720635652542114258e-01
5.706667304039001465e-01
5.743492245674133301e-01
5.725079774856567383e-01
5.761270523071289062e-01
5.732698440551757812e-01
5.753651261329650879e-01
5.782857537269592285e-01
5.756191611289978027e-01
5.773332715034484863e-01
5.813333392143249512e-01
5.797460079193115234e-01
5.787301659584045410e-01
5.819682478904724121e-01
5.828571319580078125e-01
5.803809762001037598e-01
5.799365043640136719e-01
5.853333473205566406e-01
5.852698683738708496e-01
5.854603052139282227e-01
5.833651423454284668e-01
5.819682478904724121e-01
5.886983871459960938e-01
5.875555872917175293e-01
5.897778272628784180e-01
5.896508097648620605e-01
5.884444117546081543e-01
5.896508097648620605e-01
5.913650989532470703e-01
5.910476446151733398e-01
5.914920568466186523e-01
5.952381491661071777e-01
5.916825532913208008e-01
5.942222476005554199e-01
5.925079584121704102e-01
5.951111912727355957e-01
5.915556550025939941e-01
5.956826210021972656e-01
5.910477042198181152e-01
5.990476608276367188e-01
5.956190824508666992e-01
6.024762392044067383e-01
6.004444956779479980e-01
6.004444956779479980e-01
6.015238761901855469e-01
5.958095192909240723e-01
6.008254885673522949e-01
6.006984114646911621e-01
6.010159254074096680e-01
6.003810167312622070e-01
6.015872359275817871e-01
6.024126410484313965e-01
6.039365530014038086e-01
6.064127087593078613e-01
6.058413982391357422e-01
6.074285507202148438e-01
6.069205999374389648e-01
6.064761877059936523e-01
6.060318350791931152e-01
6.086348891258239746e-01
6.077460050582885742e-01
6.079999804496765137e-01
6.058412790298461914e-01
6.083809137344360352e-01
6.102222204208374023e-01
6.118730306625366211e-01
6.114286184310913086e-01
6.091428995132446289e-01
6.150476932525634766e-01
