4.416826300000025185e+00
7.063820800000030431e+00
1.055588110000007873e+01
1.305279070000005959e+01
1.603014040000005025e+01
1.908187880000002679e+01
2.202154389999998330e+01
2.499060560000009446e+01
2.797814080000000558e+01
3.090264390000004369e+01
3.381452830000000631e+01
3.690709600000002411e+01
3.972298440000008668e+01
4.346716270000001714e+01
4.598592130000008638e+01
4.897741260000009333e+01
5.193972360000009303e+01
5.492320370000004459e+01
5.788168330000007700e+01
6.128661640000007083e+01
6.384045910000008917e+01
6.679749500000002627e+01
6.983006790000001729e+01
7.274664880000000267e+01
7.596828630000004523e+01
7.952255840000009357e+01
8.278189129999998386e+01
8.605665340000007291e+01
8.929355290000000878e+01
9.250980460000005223e+01
9.525965640000003987e+01
9.850373590000003787e+01
1.022547302000000400e+02
1.054957222000000456e+02
1.087343134000000191e+02
1.115158335000000989e+02
1.151780756000000565e+02
1.181040001000001212e+02
1.211596793999999591e+02
1.245073505000000296e+02
1.271243753000001107e+02
1.300638954000000922e+02
1.334308648000001085e+02
1.365126585000000432e+02
1.390643216999999368e+02
1.419524324999999862e+02
1.449329595000001518e+02
1.479799252000000251e+02
1.509162848000000849e+02
1.542062313000001268e+02
1.576567827000001216e+02
1.601155802000000676e+02
1.631425736000001052e+02
1.662178046000001359e+02
1.690528769000000011e+02
1.721952810000000227e+02
1.750428279000000202e+02
1.780830745000000661e+02
1.810620217000000594e+02
1.840192552999999407e+02
1.868861429999999473e+02
1.901781201999999666e+02
1.936342498999999862e+02
1.966855981000001066e+02
1.999185502000000270e+02
2.026113440000001447e+02
2.062682738999999401e+02
2.089834918999999900e+02
2.122885694000001422e+02
2.152460810000000038e+02
2.189673500000001241e+02
2.221176867000001494e+02
2.253333466000001408e+02
2.283270972000000256e+02
2.315735101000000213e+02
2.352183030000001054e+02
2.383905658999999559e+02
2.411116947000000437e+02
2.447422897000001285e+02
2.475232705999999325e+02
2.510750553000000309e+02
2.542603100999999697e+02
2.569566270000000259e+02
2.606143859999999677e+02
2.637742597000001297e+02
2.664936660999999276e+02
2.700063188000001446e+02
2.736287353000000167e+02
2.768031307999999626e+02
2.800230283000000782e+02
2.831757602000000134e+02
2.858350531000000956e+02
2.890133796000000075e+02
2.927173715000001266e+02
2.954212506000001213e+02
2.990803086000000803e+02
3.017997230999999374e+02
3.050355693000001338e+02
3.087732556999999360e+02
3.120333448999999746e+02
3.211988077000000885e+02
3.308366661000000022e+02
3.401809760999999526e+02
3.496612067000000934e+02
3.598993113999999878e+02
3.687725331000001461e+02
3.793384753000000273e+02
3.883366828000000623e+02
3.983170780000000377e+02
4.073532755000001089e+02
4.175073221000000103e+02
4.263300314000000526e+02
4.362764194000001226e+02
4.463395179999999982e+02
4.560038475000001199e+02
4.650072646000000987e+02
4.745231948000000557e+02
4.839415057000001070e+02
4.939951630000000478e+02
5.040564870000000610e+02
5.135579639000000043e+02
5.231945304000000760e+02
5.326319055000001299e+02
5.421102247999999690e+02
5.515360378000000310e+02
5.614618892000000869e+02
5.710428890000000592e+02
5.800101643000000422e+02
5.895495149000000765e+02
5.991245808999999554e+02
6.087115871999999399e+02
6.184604017000001477e+02
6.280150281999999606e+02
6.377126496999999290e+02
6.477574861000000510e+02
6.567709929000000102e+02
6.667059481000001142e+02
6.761687630000001263e+02
6.856517777999999907e+02
6.957989993999999569e+02
7.052712410000001455e+02
7.142641353999999865e+02
7.243550993999999719e+02
7.332587576000000809e+02
7.436927935000001071e+02
7.527500598999999966e+02
7.623164116000000377e+02
7.718239559000001009e+02
7.818682598000000326e+02
7.907514997000000676e+02
8.013212310999999772e+02
8.107565246000001480e+02
8.203579707000001235e+02
8.294142484999999851e+02
8.387761654000000817e+02
8.490247495999999501e+02
8.580519868000001225e+02
8.683617481999999654e+02
8.780100560999999288e+02
8.869281828000000587e+02
8.965309913999999480e+02
9.059693225000000893e+02
9.160359452000000147e+02
9.261049422000000959e+02
9.354812345000000278e+02
9.445492005000000972e+02
9.540945507999999791e+02
9.634958409000000756e+02
9.736461509000000660e+02
9.831444109000001390e+02
9.925516059000001405e+02
1.002072397099999989e+03
1.011779178199999933e+03
1.021209963100000095e+03
