7.301135659217834473e-01
7.613952159881591797e-01
7.824969291687011719e-01
7.994003295898437500e-01
8.105745315551757812e-01
8.236899375915527344e-01
8.348011970520019531e-01
8.438605666160583496e-01
8.515310287475585938e-01
8.589646220207214355e-01
8.672979474067687988e-01
8.740845918655395508e-01
8.804451227188110352e-01
8.836963772773742676e-01
8.907355666160583496e-01
8.944444656372070312e-01
9.021936655044555664e-01
9.038826227188110352e-01
9.084596633911132812e-01
9.108741879463195801e-01
9.149147868156433105e-01
9.179924726486206055e-01
9.195074439048767090e-01
9.208175539970397949e-01
9.247000813484191895e-01
9.255366325378417969e-01
9.283459782600402832e-01
9.291034340858459473e-01
9.303977489471435547e-01
9.311552047729492188e-01
9.327650666236877441e-01
9.320548176765441895e-01
9.341857433319091797e-01
9.334279298782348633e-01
9.338698387145996094e-01
9.352430701255798340e-01
9.379261136054992676e-01
9.383049011230468750e-01
9.369160532951354980e-01
9.381315708160400391e-01
9.389521479606628418e-01
9.380205869674682617e-01
9.390150308609008789e-01
9.393308758735656738e-01
9.396619796752929688e-01
9.406879544258117676e-01
9.409090280532836914e-01
9.404830932617187500e-01
9.407827854156494141e-01
9.402620196342468262e-01
9.421874880790710449e-01
9.413985013961791992e-01
9.429451227188110352e-01
9.419822692871093750e-01
9.418877363204956055e-01
9.428188800811767578e-01
9.437658190727233887e-01
9.436078667640686035e-01
9.439550042152404785e-01
9.448705911636352539e-01
9.434500336647033691e-01
9.435921311378479004e-01
9.443023204803466797e-01
9.453124403953552246e-01
9.441447257995605469e-01
9.433238506317138672e-01
9.442075490951538086e-01
9.457228779792785645e-01
9.448546767234802246e-01
9.460227489471435547e-01
9.451704621315002441e-01
9.463227987289428711e-01
9.450128674507141113e-01
9.461331963539123535e-01
9.465594887733459473e-01
9.457546472549438477e-01
9.454071521759033203e-01
9.458648562431335449e-01
9.458019137382507324e-01
9.469697475433349609e-01
9.460384249687194824e-01
9.466697573661804199e-01
9.459123015403747559e-01
9.472381472587585449e-01
9.470801353454589844e-01
9.471274614334106445e-01
9.468435049057006836e-01
9.477589130401611328e-01
9.468747377395629883e-01
9.480271339416503906e-01
9.466540813446044922e-01
9.467642903327941895e-01
9.482006430625915527e-01
9.469381570816040039e-01
9.478850364685058594e-01
9.466854929924011230e-01
9.478849768638610840e-01
9.485005736351013184e-01
9.488793015480041504e-01
9.488003849983215332e-01
9.104464054107666016e-01
9.103618264198303223e-01
9.107392430305480957e-01
9.106895327568054199e-01
9.116616249084472656e-01
9.116714000701904297e-01
9.118899703025817871e-01
9.128274917602539062e-01
9.130408763885498047e-01
9.124599099159240723e-01
9.127180576324462891e-01
9.124402999877929688e-01
9.140920639038085938e-01
9.138841629028320312e-01
9.131746888160705566e-01
9.133629202842712402e-01
9.140378236770629883e-01
9.136161804199218750e-01
9.146776199340820312e-01
9.155753850936889648e-01
9.145138263702392578e-01
9.154962301254272461e-01
9.148561954498291016e-01
9.163888096809387207e-01
9.148064255714416504e-01
9.163045883178710938e-01
9.157838821411132812e-01
9.162598252296447754e-01
9.162648916244506836e-01
9.163439273834228516e-01
9.161455631256103516e-01
9.158135056495666504e-01
9.167214632034301758e-01
9.160365462303161621e-01
9.170933961868286133e-01
9.168055653572082520e-01
9.167211651802062988e-01
9.164929986000061035e-01
9.169594645500183105e-01
9.171776175498962402e-01
9.182340502738952637e-01
9.180405735969543457e-01
9.167512655258178711e-01
9.186410307884216309e-01
9.185814261436462402e-01
9.185863137245178223e-01
9.181546568870544434e-01
9.177975654602050781e-01
9.173661470413208008e-01
9.180899262428283691e-01
9.183730483055114746e-01
9.187448620796203613e-01
9.180656075477600098e-01
9.184624552726745605e-01
9.186009764671325684e-01
9.183136224746704102e-01
9.191717505455017090e-01
9.195733666419982910e-01
9.194939136505126953e-01
9.192260503768920898e-01
9.195883870124816895e-01
9.202281832695007324e-01
9.189385175704956055e-01
9.193697571754455566e-01
9.192559123039245605e-01
9.183577895164489746e-01
9.197863936424255371e-01
9.196133017539978027e-01
9.194692373275756836e-01
9.198708534240722656e-01
9.198018312454223633e-01
9.201982617378234863e-01
9.200398325920104980e-01
9.203570485115051270e-01
9.197917580604553223e-01
