8.691405057907104492e-01
8.814671635627746582e-01
8.820747137069702148e-01
8.832466006278991699e-01
8.823783993721008301e-01
8.840711712837219238e-01
8.819011449813842773e-01
8.807727098464965820e-01
8.824651837348937988e-01
8.837674260139465332e-01
8.828125000000000000e-01
8.812065124511718750e-01
8.844183683395385742e-01
8.843315243721008301e-01
8.842013478279113770e-01
8.824651837348937988e-01
8.838106393814086914e-01
8.833333849906921387e-01
8.852865099906921387e-01
8.821181058883666992e-01
8.835504651069641113e-01
8.832899332046508789e-01
8.832466006278991699e-01
8.837672472000122070e-01
8.830729722976684570e-01
8.836372494697570801e-01
8.850693702697753906e-01
8.832899332046508789e-01
8.834199905395507812e-01
8.833767175674438477e-01
8.829860687255859375e-01
8.824653625488281250e-01
8.834198117256164551e-01
8.842447400093078613e-01
8.838542103767395020e-01
8.830296397209167480e-01
8.833767771720886230e-01
8.851128816604614258e-01
8.845485448837280273e-01
8.826822042465209961e-01
8.855034112930297852e-01
8.837673068046569824e-01
8.826388120651245117e-01
8.833767771720886230e-01
8.838108181953430176e-01
8.836806416511535645e-01
8.845486640930175781e-01
8.844183683395385742e-01
8.832466006278991699e-01
8.850258588790893555e-01
8.847223520278930664e-01
8.827692270278930664e-01
8.841578364372253418e-01
8.835070729255676270e-01
8.838106989860534668e-01
8.825087547302246094e-01
8.838540911674499512e-01
8.822482228279113770e-01
8.832901120185852051e-01
8.833767175674438477e-01
8.827689886093139648e-01
8.828125000000000000e-01
8.827255964279174805e-01
8.824653625488281250e-01
8.839409947395324707e-01
8.837674260139465332e-01
8.833767175674438477e-01
8.837240338325500488e-01
8.823351860046386719e-01
8.842447400093078613e-01
8.830727338790893555e-01
8.833767771720886230e-01
8.834635615348815918e-01
8.826822042465209961e-01
8.821614980697631836e-01
8.832899332046508789e-01
8.822916150093078613e-01
8.825521469116210938e-01
8.836371302604675293e-01
8.828123807907104492e-01
8.830295801162719727e-01
8.844183683395385742e-01
8.828558921813964844e-01
8.828558921813964844e-01
8.822481036186218262e-01
8.839844465255737305e-01
8.837674856185913086e-01
8.839842677116394043e-01
8.818141818046569824e-01
8.819879293441772461e-01
8.821180462837219238e-01
8.851562738418579102e-01
8.846790194511413574e-01
8.834635615348815918e-01
8.825521469116210938e-01
8.834202885627746582e-01
8.828992843627929688e-01
8.848525285720825195e-01
8.838976025581359863e-01
8.357773423194885254e-01
8.380698561668395996e-01
8.479487299919128418e-01
8.472221493721008301e-01
8.469770550727844238e-01
8.466563224792480469e-01
8.472408652305603027e-01
8.464388847351074219e-01
8.476752638816833496e-01
8.483543395996093750e-01
8.477410674095153809e-01
8.472692370414733887e-01
8.476278781890869141e-01
8.469768762588500977e-01
8.481941223144531250e-01
8.471275568008422852e-01
8.463732004165649414e-01
8.466088771820068359e-01
8.465991616249084473e-01
8.475146889686584473e-01
8.487033843994140625e-01
8.483545184135437012e-01
8.476941585540771484e-01
8.469201922416687012e-01
8.482127785682678223e-01
8.465995788574218750e-01
8.472219705581665039e-01
8.472786545753479004e-01
8.467975258827209473e-01
8.466184735298156738e-01
8.465995788574218750e-01
8.465527892112731934e-01
8.473352193832397461e-01
8.476185798645019531e-01
8.468920588493347168e-01
8.473449945449829102e-01
8.472317457199096680e-01
8.470429778099060059e-01
8.467223048210144043e-01
8.480902314186096191e-01
8.470146059989929199e-01
8.466467857360839844e-01
8.473258614540100098e-01
8.473730683326721191e-01
8.461840152740478516e-01
8.464202284812927246e-01
8.472692966461181641e-01
8.476372361183166504e-01
8.474015593528747559e-01
8.483354449272155762e-01
8.474109768867492676e-01
8.470240831375122070e-01
8.479296565055847168e-01
8.469957113265991211e-01
8.473354578018188477e-01
8.475714325904846191e-01
8.458448648452758789e-01
8.490242362022399902e-01
8.550723791122436523e-01
8.539595603942871094e-01
8.540443181991577148e-01
8.548840284347534180e-01
8.545818328857421875e-01
8.544402718544006348e-01
8.572425842285156250e-01
8.584029078483581543e-01
8.623660802841186523e-01
8.630924224853515625e-01
8.631585836410522461e-01
8.630451560020446777e-01
8.624599575996398926e-01
8.619225621223449707e-01
8.620827794075012207e-01
8.624793291091918945e-01
8.635270595550537109e-01
8.620550036430358887e-01
8.628849387168884277e-01
8.628942370414733887e-01
8.631772398948669434e-01
8.629418015480041504e-01
8.616867661476135254e-01
8.634516000747680664e-01
8.636019229888916016e-01
8.616300821304321289e-01
8.640927672386169434e-01
8.616393804550170898e-01
8.624509572982788086e-01
8.627524971961975098e-01
8.632531166076660156e-01
8.635453581809997559e-01
8.627524971961975098e-01
8.627716302871704102e-01
8.631207942962646484e-01
8.633093833923339844e-01
8.629981279373168945e-01
8.634319901466369629e-01
8.613090515136718750e-01
8.621963262557983398e-01
8.623000383377075195e-01
8.635830283164978027e-01
8.638190627098083496e-01
8.621677756309509277e-01
8.617619872093200684e-01
8.624983429908752441e-01
8.632624149322509766e-01
8.630735278129577637e-01
8.621960282325744629e-01
8.625549077987670898e-01
8.619602322578430176e-01
8.619226217269897461e-01
8.627620935440063477e-01
8.616396188735961914e-01
8.633379936218261719e-01
8.622999787330627441e-01
8.628849983215332031e-01
8.629512190818786621e-01
8.624982237815856934e-01
8.629608154296875000e-01
8.628379106521606445e-01
8.642817139625549316e-01
8.620263934135437012e-01
8.638756871223449707e-01
8.621109724044799805e-01
8.624981641769409180e-01
8.630644083023071289e-01
8.630172014236450195e-01
8.614887595176696777e-01
8.614601492881774902e-01
8.615640401840209961e-01
8.629320263862609863e-01
8.629889488220214844e-01
8.638945221900939941e-01
8.630642294883728027e-01
8.625829815864562988e-01
8.618751168251037598e-01
8.621302247047424316e-01
8.634889125823974609e-01
8.631584048271179199e-01
8.625643253326416016e-01
8.624415993690490723e-01
8.629881739616394043e-01
8.643379211425781250e-01
8.617053627967834473e-01
8.632056117057800293e-01
8.611395359039306641e-01
8.628191947937011719e-01
8.627057075500488281e-01
8.633848428726196289e-01
8.620637655258178711e-01
8.627904653549194336e-01
