1.123441681265830994e-01
1.122277006506919861e-01
1.122051030397415161e-01
1.124292835593223572e-01
1.120111793279647827e-01
1.118096485733985901e-01
1.119767650961875916e-01
1.121393665671348572e-01
1.119430065155029297e-01
1.118987649679183960e-01
1.120425686240196228e-01
1.119005456566810608e-01
1.117207258939743042e-01
1.119942665100097656e-01
1.119525432586669922e-01
1.117369085550308228e-01
1.119176521897315979e-01
1.118988618254661560e-01
1.116938814520835876e-01
1.116633638739585876e-01
1.115910187363624573e-01
1.117830127477645874e-01
1.113385334610939026e-01
1.115333288908004761e-01
1.113855242729187012e-01
1.115676015615463257e-01
1.113485470414161682e-01
1.112935096025466919e-01
1.112794503569602966e-01
1.114265173673629761e-01
1.112517341971397400e-01
1.112168282270431519e-01
1.114525571465492249e-01
1.112729683518409729e-01
1.109708994626998901e-01
1.113546118140220642e-01
1.113665476441383362e-01
1.108113527297973633e-01
1.110526323318481445e-01
1.111756712198257446e-01
1.113987788558006287e-01
1.111398935317993164e-01
1.111697703599929810e-01
1.110963672399520874e-01
1.109589785337448120e-01
1.109314933419227600e-01
1.109452396631240845e-01
1.109722405672073364e-01
1.109288558363914490e-01
1.104299202561378479e-01
1.107937097549438477e-01
1.107208579778671265e-01
1.107238158583641052e-01
1.107318848371505737e-01
1.108221560716629028e-01
1.109302490949630737e-01
1.104191392660140991e-01
1.104485988616943359e-01
1.103778481483459473e-01
1.103250235319137573e-01
1.104298681020736694e-01
1.105262637138366699e-01
1.105820983648300171e-01
1.106352210044860840e-01
1.100584641098976135e-01
1.102728992700576782e-01
1.105305403470993042e-01
1.102062612771987915e-01
1.102888956665992737e-01
1.102045923471450806e-01
1.101334244012832642e-01
1.102335825562477112e-01
1.103101000189781189e-01
1.101221814751625061e-01
1.103983372449874878e-01
1.101429089903831482e-01
1.101181283593177795e-01
1.100086197257041931e-01
1.101080626249313354e-01
1.098059266805648804e-01
1.099271029233932495e-01
1.099286079406738281e-01
1.099679619073867798e-01
1.099960431456565857e-01
1.097160354256629944e-01
1.097056642174720764e-01
1.098829954862594604e-01
1.098940819501876831e-01
1.098284274339675903e-01
1.094476729631423950e-01
1.097597703337669373e-01
1.097972765564918518e-01
1.095448583364486694e-01
1.093981415033340454e-01
1.094136834144592285e-01
1.096788048744201660e-01
1.095101982355117798e-01
1.096723526716232300e-01
1.099948883056640625e-01
9.953633695840835571e-02
9.969371557235717773e-02
9.928335249423980713e-02
9.924004226922988892e-02
9.927561879158020020e-02
9.912080317735671997e-02
9.905756264925003052e-02
9.888437390327453613e-02
9.893277287483215332e-02
9.871373325586318970e-02
9.870218485593795776e-02
9.875185787677764893e-02
9.853023290634155273e-02
9.848684817552566528e-02
9.842420369386672974e-02
9.831962734460830688e-02
9.824220836162567139e-02
9.808074682950973511e-02
9.796255826950073242e-02
9.790012985467910767e-02
9.784279018640518188e-02
9.756059944629669189e-02
9.755080938339233398e-02
9.779670834541320801e-02
9.751372039318084717e-02
9.736183285713195801e-02
9.727046638727188110e-02
9.719920158386230469e-02
9.718883782625198364e-02
9.709800034761428833e-02
9.702345728874206543e-02
9.707569330930709839e-02
9.701278805732727051e-02
9.681929647922515869e-02
9.659832715988159180e-02
9.647287428379058838e-02
9.635663032531738281e-02
9.636192768812179565e-02
9.630603343248367310e-02
9.616963565349578857e-02
9.603419154882431030e-02
9.613580256700515747e-02
9.577704221010208130e-02
9.591557830572128296e-02
9.560376405715942383e-02
9.564422816038131714e-02
9.565863758325576782e-02
9.521389007568359375e-02
9.535069763660430908e-02
9.526658058166503906e-02
9.519561380147933960e-02
9.520991891622543335e-02
9.496349841356277466e-02
9.489673376083374023e-02
9.492773562669754028e-02
9.467446058988571167e-02
9.473603963851928711e-02
9.451136738061904907e-02
9.462150186300277710e-02
9.448038041591644287e-02
9.432495385408401489e-02
9.434528648853302002e-02
9.413224458694458008e-02
9.404040127992630005e-02
9.388446062803268433e-02
9.389024227857589722e-02
9.372194111347198486e-02
9.361013025045394897e-02
9.359139949083328247e-02
9.347876161336898804e-02
9.327515214681625366e-02
9.325816482305526733e-02
9.329316020011901855e-02
9.332159161567687988e-02
9.309081733226776123e-02
9.291598945856094360e-02
9.282631427049636841e-02
9.266852587461471558e-02
9.265818446874618530e-02
9.257043898105621338e-02
9.218228608369827271e-02
9.229342639446258545e-02
9.220862388610839844e-02
9.214571118354797363e-02
9.215178340673446655e-02
9.202440083026885986e-02
9.179969131946563721e-02
9.170506149530410767e-02
9.160550683736801147e-02
9.166789054870605469e-02
9.150303155183792114e-02
9.136983752250671387e-02
9.141977876424789429e-02
9.124120324850082397e-02
9.110275655984878540e-02
9.073152393102645874e-02
9.087210893630981445e-02
9.079468995332717896e-02
9.075872600078582764e-02
9.038620442152023315e-02
9.042920172214508057e-02
9.040383994579315186e-02
9.035070240497589111e-02
9.016625583171844482e-02
9.003093093633651733e-02
8.988812565803527832e-02
8.976475894451141357e-02
8.969985693693161011e-02
8.963788300752639771e-02
8.956319093704223633e-02
8.944291621446609497e-02
8.934286236763000488e-02
8.923441171646118164e-02
8.911652863025665283e-02
8.894281089305877686e-02
8.879654109477996826e-02
8.872347325086593628e-02
8.874331414699554443e-02
8.838242292404174805e-02
8.846272528171539307e-02
8.836372941732406616e-02
8.804263174533843994e-02
8.794845640659332275e-02
8.788666874170303345e-02
8.790912479162216187e-02
8.760650455951690674e-02
8.751516044139862061e-02
8.738110214471817017e-02
8.713756501674652100e-02
8.718145638704299927e-02
8.698813617229461670e-02
8.683740347623825073e-02
8.663995563983917236e-02
8.665639162063598633e-02
8.657746762037277222e-02
8.630181103944778442e-02
8.635086566209793091e-02
8.607914298772811890e-02
8.584941178560256958e-02
8.601108938455581665e-02
8.574705570936203003e-02
8.566450327634811401e-02
8.558443188667297363e-02
8.549135923385620117e-02
8.510112762451171875e-02
8.508405834436416626e-02
8.495797216892242432e-02
8.482106029987335205e-02
8.481746912002563477e-02
8.472175151109695435e-02
