2.074296921491622925e-01
1.655389964580535889e-01
1.392722129821777344e-01
1.141064316034317017e-01
9.273692220449447632e-02
7.418671995401382446e-02
6.097755953669548035e-02
5.049354583024978638e-02
4.387488961219787598e-02
3.668894991278648376e-02
3.102253004908561707e-02
2.611151523888111115e-02
2.085948362946510315e-02
1.467210333794355392e-02
1.194263622164726257e-02
1.024052873253822327e-02
9.048521518707275391e-03
8.185343816876411438e-03
7.587928790599107742e-03
7.024204358458518982e-03
6.649715360254049301e-03
6.294813938438892365e-03
6.016947329044342041e-03
5.750626791268587112e-03
5.511844996362924576e-03
5.330497864633798599e-03
5.018178839236497879e-03
4.933810327202081680e-03
4.688741639256477356e-03
4.581482615321874619e-03
4.399733617901802063e-03
4.300568718463182449e-03
4.141578450798988342e-03
3.989040385931730270e-03
3.936644643545150757e-03
3.794080344960093498e-03
3.706892952322959900e-03
3.601511474698781967e-03
3.531661583110690117e-03
3.448661882430315018e-03
3.391569247469305992e-03
3.238232573494315147e-03
3.185940440744161606e-03
3.191593103110790253e-03
3.068625926971435547e-03
3.073185915127396584e-03
2.946605905890464783e-03
