8.315850460000001476e+01
9.552202280000005885e+01
1.079453015000000278e+02
1.202952430999999933e+02
1.330212115000000495e+02
1.453891433999999663e+02
1.577795545999999831e+02
1.702205007000000023e+02
1.825918877999999950e+02
1.951057352000000265e+02
2.074860438000000613e+02
2.199046637999999803e+02
2.324344614999999976e+02
2.448526835000000119e+02
2.574198738999999705e+02
2.697883477999999968e+02
2.825400078999999778e+02
2.950868858999999702e+02
3.074407363999999916e+02
3.198530421000000388e+02
3.321963332000000264e+02
3.446331665999999814e+02
3.570279739999999720e+02
3.695017367000000377e+02
3.819581901000000244e+02
3.944456337000000303e+02
4.068940877999999657e+02
4.192519616000000724e+02
4.320097438999999895e+02
4.444916811000000507e+02
4.594136558000000150e+02
4.719915591999999833e+02
4.844038405000000012e+02
4.969310797000000548e+02
5.093258055000000013e+02
5.218295355999999856e+02
5.341981306000000131e+02
5.466683360000000675e+02
5.592085484000000406e+02
5.716433187000000089e+02
5.869727927000001273e+02
5.995941703000000871e+02
6.119854631999999128e+02
6.241705589999999120e+02
6.364215199000000212e+02
6.488520396999999775e+02
6.610484899000000496e+02
