8.450126051902770996e-01
9.104323387145996094e-01
9.275251626968383789e-01
9.363321065902709961e-01
9.423928856849670410e-01
9.440814852714538574e-01
9.455493688583374023e-01
9.458805322647094727e-01
9.473642706871032715e-01
9.489109516143798828e-01
9.496056437492370605e-01
9.497790932655334473e-01
9.509468674659729004e-01
9.516572952270507812e-01
9.521464705467224121e-01
9.517202973365783691e-01
9.508680105209350586e-01
9.515783786773681641e-01
9.522727131843566895e-01
9.520516395568847656e-01
9.520201683044433594e-01
9.529829621315002441e-01
9.533933997154235840e-01
9.548767805099487305e-01
9.539771080017089844e-01
9.532513022422790527e-01
9.535512328147888184e-01
9.551135897636413574e-01
9.543088674545288086e-01
9.548770785331726074e-01
9.541507959365844727e-01
9.548768997192382812e-01
9.550662636756896973e-01
9.550979137420654297e-01
9.552083015441894531e-01
9.553503990173339844e-01
9.552397727966308594e-01
9.569917917251586914e-01
9.561077952384948730e-01
9.556187987327575684e-01
9.568340182304382324e-01
9.558079242706298828e-01
9.569286108016967773e-01
9.559344649314880371e-01
9.558396339416503906e-01
9.559026360511779785e-01
9.564395546913146973e-01
9.567549228668212891e-01
9.573706984519958496e-01
9.563605785369873047e-01
9.564079046249389648e-01
9.571812748908996582e-01
9.558396339416503906e-01
9.572128057479858398e-01
9.570863842964172363e-01
9.568184614181518555e-01
9.570707678794860840e-01
9.573232531547546387e-01
9.576547741889953613e-01
9.571656584739685059e-01
9.562500119209289551e-01
9.563288092613220215e-01
9.586964249610900879e-01
9.569444060325622559e-01
9.572286009788513184e-01
9.575439691543579102e-01
9.561554789543151855e-01
9.583964943885803223e-01
9.580648541450500488e-01
9.575442671775817871e-01
9.573863148689270020e-01
9.580649733543395996e-01
9.574337601661682129e-01
9.581753611564636230e-01
9.577335119247436523e-01
9.575757980346679688e-01
9.585856199264526367e-01
9.238690137863159180e-01
9.240822792053222656e-01
9.246185421943664551e-01
9.258036613464355469e-01
9.266272783279418945e-01
9.265869259834289551e-01
9.268400073051452637e-01
9.265375733375549316e-01
9.277427196502685547e-01
9.279956221580505371e-01
9.287449717521667480e-01
9.299898147583007812e-01
9.290329217910766602e-01
9.295385479927062988e-01
9.295091629028320312e-01
9.303870797157287598e-01
9.309425354003906250e-01
9.313045740127563477e-01
9.318254590034484863e-01
9.309077858924865723e-01
9.317362904548645020e-01
9.317213892936706543e-01
9.322074055671691895e-01
9.321379661560058594e-01
9.319944381713867188e-01
9.326835274696350098e-01
9.322219491004943848e-01
9.324604868888854980e-01
9.325596690177917480e-01
9.325646162033081055e-01
9.332438707351684570e-01
9.326341748237609863e-01
9.331992268562316895e-01
9.338686466217041016e-01
9.332985877990722656e-01
9.336107373237609863e-01
9.340528845787048340e-01
9.336804151535034180e-01
9.347177743911743164e-01
9.348263740539550781e-01
9.348856806755065918e-01
9.344195723533630371e-01
9.344691634178161621e-01
9.352927207946777344e-01
9.339535832405090332e-01
