7.207079699999894729e+00
1.314202619999991839e+01
1.902148480000005293e+01
2.487855620000004819e+01
3.072763639999993757e+01
3.691442009999991569e+01
4.242262460000006286e+01
4.856716899999992165e+01
5.440125639999996565e+01
6.031993970000007721e+01
6.627419290000011642e+01
7.214401079999993271e+01
7.775214120000009643e+01
8.380553119999990486e+01
8.965882850000002691e+01
9.551286509999999907e+01
1.011272885999999289e+02
1.071488200999999663e+02
1.129443177000000560e+02
1.187813453000001118e+02
1.242498267999999371e+02
1.306306520000000546e+02
1.364211024999999609e+02
1.420103567000001021e+02
1.478174490999999762e+02
1.536054315999999744e+02
1.591956697000000531e+02
1.650468639999999141e+02
1.708928226000000450e+02
1.766991855999999643e+02
1.821795890999999301e+02
1.882998594999999113e+02
1.940457188000000315e+02
1.997395668999999998e+02
2.054081917000000885e+02
2.113525778999999147e+02
2.171004164999999375e+02
2.229398192000001018e+02
2.286671155999999883e+02
2.345015427000000727e+02
2.406250486999999794e+02
2.460645924000000377e+02
2.522726089000000229e+02
2.577613020000001143e+02
2.638394808999998986e+02
2.696282771999999568e+02
2.754317035999999916e+02
2.811995412999999644e+02
2.865671495999999934e+02
2.927123894000001201e+02
2.985176641000000473e+02
3.043062775999999303e+02
3.101729542000000492e+02
3.159281547000000501e+02
3.217154387999999017e+02
3.274369263000000956e+02
3.329342426999999134e+02
3.390569943000000421e+02
3.448476021999999830e+02
3.504871858999999858e+02
3.562668025000000398e+02
3.620546471000000111e+02
3.677812243999999282e+02
3.735202234999999291e+02
3.792693265000000338e+02
3.849679602999999588e+02
3.907109261000000515e+02
3.964369712000000163e+02
4.020548948999999084e+02
4.077197197000000415e+02
4.134121620000000803e+02
4.191734418999999434e+02
4.248984176999999818e+02
4.305938771999999517e+02
4.362712039000000459e+02
4.419991211999999905e+02
4.480419196000000284e+02
4.646064445999998043e+02
4.814965438000001541e+02
4.980920736000000488e+02
5.152491802000001826e+02
5.322386011000000963e+02
5.490914838999999574e+02
5.659654265000001487e+02
5.825641769000001204e+02
5.998907038999998349e+02
6.170247302999998738e+02
6.339727430000000368e+02
6.511831217000001288e+02
6.682403726999998526e+02
6.849874293999998827e+02
7.023069576000000325e+02
7.190479213000000982e+02
7.365741762000000108e+02
7.538332152999998925e+02
7.708040239999997993e+02
7.875445378000001710e+02
8.047121423000000959e+02
8.219098451000002115e+02
8.386341390999998566e+02
8.556937653000002229e+02
8.727167474999998831e+02
8.906683636000000206e+02
9.079400499000000764e+02
9.249970132000000831e+02
9.420519603999998708e+02
9.591460945999999694e+02
9.764331805999997869e+02
9.930697726999999304e+02
1.010506119400000216e+03
1.028039599099999805e+03
1.044708934900000031e+03
1.062101896200000056e+03
1.079266170600000123e+03
1.096479199799999833e+03
1.113745583699999997e+03
1.130741536799999949e+03
1.148053667800000085e+03
1.165272977400000173e+03
1.182861540199999808e+03
1.200070467700000108e+03
1.217097770999999966e+03
