5.228429660201072693e-02
4.624373093247413635e-02
4.621580243110656738e-02
4.620030894875526428e-02
4.617127031087875366e-02
4.624536633491516113e-02
4.622004553675651550e-02
4.619802162051200867e-02
4.617656022310256958e-02
4.614880308508872986e-02
4.611614719033241272e-02
4.615762457251548767e-02
4.418355971574783325e-02
4.398865625262260437e-02
4.404751583933830261e-02
4.392660036683082581e-02
4.397694021463394165e-02
4.388865455985069275e-02
4.403800889849662781e-02
4.398135468363761902e-02
4.389212653040885925e-02
4.393337666988372803e-02
4.389848187565803528e-02
4.392675310373306274e-02
4.386997595429420471e-02
4.380341619253158569e-02
4.398054257035255432e-02
