5.708887428045272827e-02
4.607633501291275024e-02
4.617283493280410767e-02
4.610449448227882385e-02
4.610804468393325806e-02
4.616114497184753418e-02
4.613393917679786682e-02
4.605704173445701599e-02
4.616595432162284851e-02
4.407688230276107788e-02
4.405810311436653137e-02
4.393456876277923584e-02
3.413416072726249695e-02
1.943960785865783691e-02
1.323206536471843719e-02
8.200002834200859070e-03
6.410149857401847839e-03
5.613098386675119400e-03
4.790271166712045670e-03
4.168934654444456100e-03
3.829104825854301453e-03
3.304903162643313408e-03
3.114736406132578850e-03
2.886652946472167969e-03
2.753147156909108162e-03
2.585207112133502960e-03
2.475891727954149246e-03
2.346286550164222717e-03
2.278561703860759735e-03
2.213583094999194145e-03
2.084598410874605179e-03
2.049316419288516045e-03
1.981755020096898079e-03
1.887468388304114342e-03
1.855192473158240318e-03
1.849149586632847786e-03
1.716256025247275829e-03
1.714056939817965031e-03
1.714213402010500431e-03
1.634945743717253208e-03
1.555974129587411880e-03
1.555130700580775738e-03
1.565142883919179440e-03
1.463851192966103554e-03
1.637847628444433212e-03
