7.888477400000056150e+00
1.486956259999999475e+01
2.186931860000004235e+01
2.872704220000002806e+01
3.557558280000000650e+01
4.252511700000002293e+01
4.941319830000009006e+01
5.617039059999990513e+01
6.310667300000011437e+01
8.243304270000010092e+01
1.020001200000000381e+02
1.213914539000001014e+02
1.410957598999999618e+02
1.607004705000000513e+02
1.797680801000000201e+02
1.994581019999999398e+02
2.185078171999999768e+02
2.383337396000000581e+02
2.578918302999999241e+02
2.772537622000000965e+02
2.965200436999999738e+02
3.160239225999999917e+02
3.348068302000000358e+02
3.543816181999999344e+02
3.736175402000000076e+02
3.927624205999999276e+02
4.119436332999999877e+02
4.310464505999999574e+02
4.498260054000000991e+02
4.690945009999999229e+02
4.884077298000000837e+02
5.073756767000000991e+02
5.263463230000000976e+02
5.455754310000000942e+02
5.645168468999999050e+02
5.836510592000000770e+02
6.024276283999998896e+02
6.214929888000000346e+02
6.405755539999998973e+02
6.595602981999999201e+02
6.785206833000000870e+02
6.972263134000000946e+02
7.163402480000000878e+02
7.354393106000001126e+02
7.543339059000001043e+02
