5.047314614057540894e-02
2.386259101331233978e-02
2.296905405819416046e-02
2.247288078069686890e-02
2.214184403419494629e-02
2.054349146783351898e-02
2.013501524925231934e-02
2.173521369695663452e-02
2.033416740596294403e-02
1.995755359530448914e-02
2.064106613397598267e-02
3.141201660037040710e-02
3.080967813730239868e-02
3.153424337506294250e-02
3.031813539564609528e-02
3.393157571554183960e-02
2.943134494125843048e-02
3.012698516249656677e-02
2.994913235306739807e-02
2.868380956351757050e-02
3.026860021054744720e-02
