7.371055483818054199e-01
7.735795974731445312e-01
7.934028506278991699e-01
8.082700371742248535e-01
8.241949677467346191e-01
8.394413590431213379e-01
8.505209088325500488e-01
8.610953688621520996e-01
8.699810504913330078e-01
8.796243667602539062e-01
8.875473141670227051e-01
8.954072594642639160e-01
9.023041725158691406e-01
9.069601297378540039e-01
9.118057489395141602e-01
9.175662398338317871e-01
9.195076823234558105e-01
9.221433401107788086e-01
9.245896935462951660e-01
9.273358583450317383e-01
9.296401739120483398e-01
9.296085834503173828e-01
9.319601655006408691e-01
9.341225624084472656e-01
9.344854950904846191e-01
9.366318583488464355e-01
9.375314116477966309e-01
9.381943941116333008e-01
9.397569894790649414e-01
9.393149018287658691e-01
9.406721591949462891e-01
9.403724670410156250e-01
9.410985708236694336e-01
9.414614439010620117e-01
9.428977370262145996e-01
9.422662854194641113e-01
9.434816241264343262e-01
9.422348737716674805e-01
9.432134628295898438e-01
9.451230764389038086e-01
9.433715343475341797e-01
9.450124502182006836e-01
9.461174607276916504e-01
9.456596970558166504e-01
9.465434551239013672e-01
9.464803934097290039e-01
9.464331269264221191e-01
9.456756114959716797e-01
9.464645385742187500e-01
9.462437033653259277e-01
9.467803239822387695e-01
9.482007026672363281e-01
9.477271437644958496e-01
9.479009509086608887e-01
9.488478899002075195e-01
9.486426115036010742e-01
9.474115967750549316e-01
9.471433758735656738e-01
9.483901262283325195e-01
9.482638835906982422e-01
9.485478997230529785e-01
9.482955336570739746e-01
9.487690329551696777e-01
9.484217762947082520e-01
9.487057924270629883e-01
9.480901956558227539e-01
9.485163688659667969e-01
9.494633674621582031e-01
9.497159719467163086e-01
9.489108920097351074e-01
9.506153464317321777e-01
9.491477012634277344e-01
9.497948288917541504e-01
9.492738842964172363e-01
9.503313899040222168e-01
9.508048892021179199e-01
9.498263001441955566e-01
9.504420161247253418e-01
9.498739242553710938e-01
9.511364102363586426e-01
9.507576227188110352e-01
9.508839249610900879e-01
9.502683281898498535e-01
9.495424032211303711e-01
9.518465995788574219e-01
9.519097208976745605e-01
9.508522748947143555e-01
9.511362314224243164e-01
9.499682784080505371e-01
9.498107433319091797e-01
9.508523941040039062e-01
9.519730210304260254e-01
9.518939852714538574e-01
9.512467980384826660e-01
9.512153863906860352e-01
9.515151977539062500e-01
9.525567889213562012e-01
9.523043036460876465e-01
9.506313204765319824e-01
9.518465995788574219e-01
9.143008589744567871e-01
9.161012768745422363e-01
9.160664677619934082e-01
9.155904054641723633e-01
9.172568917274475098e-01
9.180257916450500488e-01
9.171826839447021484e-01
9.175201654434204102e-01
9.176189303398132324e-01
9.180656075477600098e-01
9.190773963928222656e-01
9.179167151451110840e-01
9.187996387481689453e-01
9.183136224746704102e-01
9.191617965698242188e-01
9.188787937164306641e-01
9.197568297386169434e-01
9.196381568908691406e-01
9.197471141815185547e-01
9.195484519004821777e-01
9.190473556518554688e-01
9.197867512702941895e-01
9.208037257194519043e-01
9.202679395675659180e-01
9.211409091949462891e-01
9.206002354621887207e-01
9.209868311882019043e-01
9.209774136543273926e-01
9.203621745109558105e-01
9.204961061477661133e-01
9.223710298538208008e-01
9.214485287666320801e-01
9.220935106277465820e-01
9.221824407577514648e-01
9.218850135803222656e-01
9.214682579040527344e-01
9.219493865966796875e-01
9.216468930244445801e-01
9.229263067245483398e-01
9.226639270782470703e-01
9.218103289604187012e-01
9.235819578170776367e-01
9.213887453079223633e-01
9.226141571998596191e-01
9.232190847396850586e-01
9.238392710685729980e-01
9.235018491744995117e-01
9.231799244880676270e-01
9.236109256744384766e-01
9.239782094955444336e-01
9.237450957298278809e-01
9.239383339881896973e-01
9.229117035865783691e-01
9.238147139549255371e-01
9.229563474655151367e-01
9.236606955528259277e-01
9.243255853652954102e-01
9.244791269302368164e-01
9.240775704383850098e-01
9.237746596336364746e-01
9.245187640190124512e-01
9.238690137863159180e-01
9.239932894706726074e-01
9.241266846656799316e-01
9.247270226478576660e-01
9.257491827011108398e-01
9.249896407127380371e-01
9.246332645416259766e-01
9.246028065681457520e-01
9.256597161293029785e-01
9.248065352439880371e-01
9.244544506072998047e-01
9.245038032531738281e-01
9.255356192588806152e-01
9.255306720733642578e-01
9.259421825408935547e-01
9.252381920814514160e-01
9.253227114677429199e-01
9.252083301544189453e-01
9.256296157836914062e-01
9.262548685073852539e-01
9.250000119209289551e-01
9.252629876136779785e-01
9.264135956764221191e-01
9.258733987808227539e-01
9.261162281036376953e-01
9.264187216758728027e-01
9.258978962898254395e-01
9.252036213874816895e-01
