7.931646099999852595e+00
1.450124289999985194e+01
2.101466129999971599e+01
2.752164449999963836e+01
3.398877569999967818e+01
4.046993709999969724e+01
4.711561890000029962e+01
5.376993089999996300e+01
6.034425430000010238e+01
6.712234210000042367e+01
7.377907239999967715e+01
8.034663449999970908e+01
8.700221210000017891e+01
9.353298929999982647e+01
9.997264300000006187e+01
1.060642088000004151e+02
1.128651921999999104e+02
1.192339048000003459e+02
1.255947813000002498e+02
1.320651951999998346e+02
1.383889331999998831e+02
1.448186263999996299e+02
1.514492652999997517e+02
1.578372613000001365e+02
1.642269268000000011e+02
1.706383249999998952e+02
1.770008650999998281e+02
1.834451356999998097e+02
1.895270430000000488e+02
1.960216148999998040e+02
2.023862908000000971e+02
2.088395325999999841e+02
2.151786248999997042e+02
2.215358281999997416e+02
2.279681283999998413e+02
2.347039811000004192e+02
2.410394526999998561e+02
2.474922377000002598e+02
2.537208265999997820e+02
2.601922143000001597e+02
2.666964768999996522e+02
2.731524331000000529e+02
2.794071659000001091e+02
2.856845772999995461e+02
2.924422709000000395e+02
2.988582459999997809e+02
3.053051742999996350e+02
3.117299735999995391e+02
3.181256874000000607e+02
3.245544048000001567e+02
3.308234292999995887e+02
3.368030237000002671e+02
3.436554765000000771e+02
3.499092121000003317e+02
3.562497634000001199e+02
3.624916013000001840e+02
3.689927933999997549e+02
3.752671229999996285e+02
3.815858060000000478e+02
3.879176164000000426e+02
3.941870257999999012e+02
4.011457108000004155e+02
4.073480160999997679e+02
4.136417174999996860e+02
4.197840029999997569e+02
4.263843633999995291e+02
4.326825811999997313e+02
4.388660686000002897e+02
4.454240851000004113e+02
4.516323547000001781e+02
4.580862991000003603e+02
4.644252101000001858e+02
4.706441624999997657e+02
4.769608649000001606e+02
4.831978621999996903e+02
4.893580474000000322e+02
4.958296394999997574e+02
5.018228190999998333e+02
5.082891106999995827e+02
5.145778165000001536e+02
5.204985661000000619e+02
5.271981261999999333e+02
5.335237439000002269e+02
5.397895279000003939e+02
5.457655504000003930e+02
5.523101907000000210e+02
5.584806416000001263e+02
5.648244951999995465e+02
5.711745343000002322e+02
5.777038923999998588e+02
5.841191558999998961e+02
5.905336703000002672e+02
5.968210265999996409e+02
6.031284689000003709e+02
6.094601849999999104e+02
6.157040629000002809e+02
6.220229607000001124e+02
6.282551770999998553e+02
6.344314221000004181e+02
6.406687829000002239e+02
6.592609645000002274e+02
6.779010105999996085e+02
6.965539022000002660e+02
7.156443992000004073e+02
7.342365079000001060e+02
7.528627543000002333e+02
7.726618390000003274e+02
7.915188082000004215e+02
8.104704678999996759e+02
8.303232318000000305e+02
8.494594135999996070e+02
8.680930372000002535e+02
8.874077839000001404e+02
9.060540293000003658e+02
9.250271810000003825e+02
9.436893295999998372e+02
9.626055108000000473e+02
9.810605638999995790e+02
1.000670668900000237e+03
1.019364766599999712e+03
1.037534895300000244e+03
1.056378249100000176e+03
1.075183017199999995e+03
1.093851395599999705e+03
1.112468485299999884e+03
1.131147629099999904e+03
1.149910487000000103e+03
1.168747183999999834e+03
1.187492612000000008e+03
1.206165543099999923e+03
1.225102193599999737e+03
1.244214143100000001e+03
1.262824027399999977e+03
1.281521898099999817e+03
1.300365737699999954e+03
1.318915027400000326e+03
1.337694120600000133e+03
1.356339110799999617e+03
1.374974525599999652e+03
1.393700055999999677e+03
1.412743983999999728e+03
1.431211983600000167e+03
1.449840710600000421e+03
1.469210264199999983e+03
1.487748450199999752e+03
1.506488710100000390e+03
1.525355912500000159e+03
1.544110122799999772e+03
1.563001205700000355e+03
1.581633748999999625e+03
1.600364122099999804e+03
1.619257099299999936e+03
1.638385044699999526e+03
1.657238567800000055e+03
1.675828990799999701e+03
1.695461178200000177e+03
1.714276048099999571e+03
1.733333747699999549e+03
1.752067893299999923e+03
1.771413432899999862e+03
1.790825307400000383e+03
1.810123053199999958e+03
1.829073832500000208e+03
1.848784228200000143e+03
1.868089317300000403e+03
1.887101922400000149e+03
1.906442480599999726e+03
1.926018397599999844e+03
1.945374031999999715e+03
1.964490583499999957e+03
1.983870386999999937e+03
2.003073029899999710e+03
2.022395372599999973e+03
2.041770880699999907e+03
2.061146664500000043e+03
2.080559831900000063e+03
2.099865636200000154e+03
2.119138346400000046e+03
2.138390190299999631e+03
2.158127070800000183e+03
2.178206132700000126e+03
2.197590349299999616e+03
2.217066462800000409e+03
2.235971858400000201e+03
2.256035011400000258e+03
2.275447646700000405e+03
2.294833777400000145e+03
2.314328048700000181e+03
2.333661492000000180e+03
