5.177777409553527832e-01
5.419791340827941895e-01
5.610069632530212402e-01
5.811805129051208496e-01
5.967360138893127441e-01
6.132638454437255859e-01
6.309027075767517090e-01
6.430556774139404297e-01
6.360069513320922852e-01
6.378472447395324707e-01
6.612153649330139160e-01
6.606249809265136719e-01
6.626042127609252930e-01
6.680208444595336914e-01
6.682638525962829590e-01
6.746528148651123047e-01
6.844097971916198730e-01
6.867708563804626465e-01
6.617707014083862305e-01
6.777083873748779297e-01
6.620486974716186523e-01
6.942013502120971680e-01
6.378819942474365234e-01
6.717014908790588379e-01
6.955208778381347656e-01
7.055555582046508789e-01
7.128472924232482910e-01
7.146872878074645996e-01
7.168055772781372070e-01
7.248611450195312500e-01
6.911806464195251465e-01
6.848610639572143555e-01
7.301042675971984863e-01
7.491319775581359863e-01
7.621181011199951172e-01
6.969791650772094727e-01
7.387846112251281738e-01
7.577081918716430664e-01
7.040973901748657227e-01
7.441664934158325195e-01
6.901043057441711426e-01
7.157985568046569824e-01
7.581596374511718750e-01
7.762153148651123047e-01
7.863888740539550781e-01
7.932292222976684570e-01
8.024652600288391113e-01
8.083331584930419922e-01
8.112847805023193359e-01
8.181942701339721680e-01
6.819791197776794434e-01
