6.320863962173461914e-01
7.024779319763183594e-01
7.396464347839355469e-01
7.605745196342468262e-01
7.805240154266357422e-01
7.963225841522216797e-01
8.116161823272705078e-01
8.202807903289794922e-01
8.306816816329956055e-01
8.386362195014953613e-01
8.460071682929992676e-01
8.525253534317016602e-01
8.580492138862609863e-01
8.639203310012817383e-01
8.688446283340454102e-01
8.728064298629760742e-01
8.769730329513549805e-01
8.811238408088684082e-01
8.873893618583679199e-01
8.886047601699829102e-01
8.927242159843444824e-01
8.958016633987426758e-01
8.983269929885864258e-01
9.015308022499084473e-01
9.047822356224060059e-01
9.064238071441650391e-01
9.073389172554016113e-01
9.107164740562438965e-01
9.121211767196655273e-01
9.154357314109802246e-01
9.166667461395263672e-01
9.199178814888000488e-01
9.192076325416564941e-01
9.210385680198669434e-01
9.227588176727294922e-01
9.254102706909179688e-01
9.264361858367919922e-01
9.283145070075988770e-01
9.286300539970397949e-01
9.284406304359436035e-01
9.314553141593933105e-01
9.308394789695739746e-01
9.328440427780151367e-01
9.326074719429016113e-01
9.325913786888122559e-01
9.345800876617431641e-01
9.359691143035888672e-01
9.360006451606750488e-01
9.373266100883483887e-01
9.372790455818176270e-01
9.397253394126892090e-01
9.381787180900573730e-01
9.410513639450073242e-01
9.392993450164794922e-01
9.401831030845642090e-01
9.412088990211486816e-01
9.412879347801208496e-01
9.412721395492553711e-01
9.433712363243103027e-01
9.439237713813781738e-01
9.446970224380493164e-01
9.446810483932495117e-01
9.449020624160766602e-01
9.456598162651062012e-01
9.466541409492492676e-01
9.468749761581420898e-01
9.470485448837280273e-01
9.471749067306518555e-01
9.471905827522277832e-01
9.492424130439758301e-01
9.487375020980834961e-01
9.488478302955627441e-01
9.508523344993591309e-01
9.503471255302429199e-01
9.491478204727172852e-01
9.505209922790527344e-01
9.501264691352844238e-01
9.493845105171203613e-01
9.513258934020996094e-01
9.507891535758972168e-01
9.519097208976745605e-01
9.513099789619445801e-01
9.511363506317138672e-01
9.519569277763366699e-01
9.530461430549621582e-01
9.534249901771545410e-01
9.512626528739929199e-01
9.523517489433288574e-01
9.526357054710388184e-01
9.535194635391235352e-01
9.543559551239013672e-01
9.529514908790588379e-01
9.536616206169128418e-01
9.549716114997863770e-01
9.529514908790588379e-01
9.536457657814025879e-01
9.530302286148071289e-01
9.545456171035766602e-01
9.548612236976623535e-01
9.538823962211608887e-01
9.299504756927490234e-01
9.310021996498107910e-01
9.310762286186218262e-01
9.317361712455749512e-01
9.315723776817321777e-01
9.310367107391357422e-01
9.323760271072387695e-01
9.325795173645019531e-01
9.333335757255554199e-01
9.325297474861145020e-01
9.330657124519348145e-01
9.315723776817321777e-01
9.324998259544372559e-01
9.324054718017578125e-01
9.317013025283813477e-01
9.334575533866882324e-01
9.328572154045104980e-01
9.327578544616699219e-01
9.321677684783935547e-01
9.327628612518310547e-01
9.331794381141662598e-01
9.332643151283264160e-01
9.330706000328063965e-01
9.325196146965026855e-01
9.325495362281799316e-01
9.325000643730163574e-01
9.325445294380187988e-01
9.322568774223327637e-01
9.325397610664367676e-01
9.331397414207458496e-01
9.336858987808227539e-01
9.325150251388549805e-01
9.334225654602050781e-01
9.323864579200744629e-01
