2.943230867385864258e-01
2.942354083061218262e-01
2.934138774871826172e-01
2.931244075298309326e-01
2.935149073600769043e-01
2.935570776462554932e-01
2.927576601505279541e-01
2.935765981674194336e-01
2.773457467555999756e-01
2.771298885345458984e-01
2.770130038261413574e-01
2.766469717025756836e-01
2.766487598419189453e-01
2.758850157260894775e-01
2.750545740127563477e-01
2.751085460186004639e-01
2.745756804943084717e-01
2.739540934562683105e-01
2.742199897766113281e-01
2.734859287738800049e-01
2.729953527450561523e-01
2.738238275051116943e-01
2.722204327583312988e-01
2.722499668598175049e-01
2.723279595375061035e-01
2.714583277702331543e-01
2.713343799114227295e-01
2.708058059215545654e-01
2.702624499797821045e-01
2.704196274280548096e-01
2.702915668487548828e-01
2.700073719024658203e-01
2.699733972549438477e-01
2.693741023540496826e-01
2.691241502761840820e-01
2.690922021865844727e-01
2.685526013374328613e-01
2.683970630168914795e-01
2.680234611034393311e-01
2.675975561141967773e-01
2.672068774700164795e-01
2.675077319145202637e-01
2.667014598846435547e-01
2.670078873634338379e-01
2.664978504180908203e-01
2.658306360244750977e-01
2.656263411045074463e-01
2.655375003814697266e-01
2.657719254493713379e-01
2.656491994857788086e-01
2.652158439159393311e-01
2.648002207279205322e-01
2.647454738616943359e-01
2.640042304992675781e-01
2.641454041004180908e-01
2.641607522964477539e-01
2.637154161930084229e-01
2.633600831031799316e-01
2.635107040405273438e-01
2.631154954433441162e-01
2.629802227020263672e-01
2.623004913330078125e-01
2.629587948322296143e-01
2.630019485950469971e-01
2.624500095844268799e-01
2.624385356903076172e-01
2.614526450634002686e-01
2.613337039947509766e-01
2.612130045890808105e-01
2.619827091693878174e-01
2.611638605594635010e-01
2.608812749385833740e-01
2.606129348278045654e-01
2.612215578556060791e-01
2.608771026134490967e-01
2.597233355045318604e-01
2.594660520553588867e-01
2.601175010204315186e-01
2.593368291854858398e-01
2.596892714500427246e-01
2.592087090015411377e-01
2.589952051639556885e-01
2.593851387500762939e-01
2.584192752838134766e-01
2.589138746261596680e-01
2.587021887302398682e-01
2.586798369884490967e-01
2.585029900074005127e-01
2.581873238086700439e-01
2.573843598365783691e-01
2.578671276569366455e-01
2.579363882541656494e-01
2.570969164371490479e-01
2.577371299266815186e-01
2.570006251335144043e-01
2.576827406883239746e-01
2.572032809257507324e-01
2.572840452194213867e-01
2.570089697837829590e-01
2.565329074859619141e-01
2.562746703624725342e-01
2.561224699020385742e-01
2.560921609401702881e-01
2.559894025325775146e-01
2.556842565536499023e-01
2.555826306343078613e-01
2.554736137390136719e-01
2.552929520606994629e-01
