1.340084139999817125e+01
2.537356140000338200e+01
3.744409930000256281e+01
4.935168259999772999e+01
6.140787460000137798e+01
7.337159970000357134e+01
8.535122450000199024e+01
9.699104000000079395e+01
1.340916464000038104e+02
1.711467635000008158e+02
2.081123270000025514e+02
2.451449092000038945e+02
2.819829993000021204e+02
3.196826791999992565e+02
3.567102419000002556e+02
3.935847830999991857e+02
4.306170787000010023e+02
4.678941589000023669e+02
5.048480039999994915e+02
5.421343976999996812e+02
5.791415825000003679e+02
6.161817521999983001e+02
6.531019384000028367e+02
6.903839712999979383e+02
7.280248691000015242e+02
7.650659924999999930e+02
8.021232079000037629e+02
8.390538346000030288e+02
8.760233427999992273e+02
9.128283018000001903e+02
9.498282886000015424e+02
9.867825921999974526e+02
1.023904280800001288e+03
1.060653195600003528e+03
1.097747242899997218e+03
1.134810310300003039e+03
1.172452249200003280e+03
1.209413211400002183e+03
1.246469286999999895e+03
1.283576360400002159e+03
1.320695030200004112e+03
1.357980981400003657e+03
1.394857343900002888e+03
1.431770781899998838e+03
1.468908183300001838e+03
1.505926535099999455e+03
1.542897180500003742e+03
1.580617295299998659e+03
1.617681204799999250e+03
1.654517722399999911e+03
1.691384337499999674e+03
1.728304764200001955e+03
1.765272226000000956e+03
1.802242351400003827e+03
1.839236687600001460e+03
1.876310254000003624e+03
1.913425571300002048e+03
1.950445054199997685e+03
1.988058035300004121e+03
2.025175031799997669e+03
2.062982754700002261e+03
2.101446136200000183e+03
2.140379566199997498e+03
2.177571976899998845e+03
2.214783665900002234e+03
2.251943355600000359e+03
2.288783567899998161e+03
2.325753076900000451e+03
2.362810664500000712e+03
2.399907449999998789e+03
2.437604691300002742e+03
2.474492970899998909e+03
2.511402039400003559e+03
2.548355820199998561e+03
2.585232210299996950e+03
2.622043036499999289e+03
2.658971870399996988e+03
2.695993369900003017e+03
2.733023646800000279e+03
2.769842949999998382e+03
2.806899471199998516e+03
2.844500078999997640e+03
2.881401775199999975e+03
2.918155661400000099e+03
2.954986542799997551e+03
2.991820444099997985e+03
3.028571483100000478e+03
3.065530709999999090e+03
3.102408075100000133e+03
3.139114586000003328e+03
3.175962075299998105e+03
3.212909988999999769e+03
3.249619456400003401e+03
3.287154575200002000e+03
3.323895760600003996e+03
3.360564798999999766e+03
3.397254384899999422e+03
3.433994370000000345e+03
3.470688107300004049e+03
3.507221702399998321e+03
3.543757350799998676e+03
3.580364147500004037e+03
3.616706245499997749e+03
3.653270242500002496e+03
3.689610206899997138e+03
3.726143340100003115e+03
3.763350260300001537e+03
3.799824862300003588e+03
