2.027331909999999482e+01
2.073259360000000129e+01
2.119357100000000571e+01
2.165276590000000567e+01
2.211287609999999404e+01
2.257435839999999416e+01
2.303255260000000249e+01
2.349445740000000171e+01
2.395448829999999418e+01
2.441281739999999445e+01
2.487428370000000655e+01
2.533472170000000290e+01
2.579710380000000214e+01
2.625736740000000680e+01
2.671923180000000286e+01
2.718053530000000251e+01
2.764044260000000008e+01
2.809887340000000222e+01
2.856429640000000347e+01
2.902572349999999801e+01
2.949240009999999756e+01
2.995555790000000229e+01
3.041723869999999863e+01
3.088264060000000200e+01
3.134545470000000478e+01
3.181243220000000349e+01
3.228000869999999622e+01
3.274240269999999953e+01
3.320843619999999419e+01
3.366944920000000252e+01
3.413607410000000186e+01
3.460101570000000493e+01
3.506202500000000555e+01
3.552889310000000478e+01
3.598950960000000521e+01
3.644984030000000530e+01
3.691534910000000025e+01
3.737502440000000092e+01
3.783895950000000141e+01
3.829988600000000076e+01
3.893111030000000028e+01
3.939047019999999577e+01
3.984941390000000183e+01
4.031120119999999929e+01
4.077080390000000421e+01
4.123060449999999832e+01
4.169563549999999452e+01
4.215685519999999542e+01
4.262031589999999426e+01
4.308327219999999613e+01
4.354258539999999300e+01
4.400440810000000624e+01
4.446332950000000039e+01
4.492619499999999277e+01
4.538686850000000561e+01
4.584584970000000226e+01
4.630857629999999858e+01
4.676900399999999536e+01
4.722847020000000384e+01
4.769179640000000120e+01
4.815253760000000227e+01
4.861556589999999289e+01
4.907584040000000414e+01
4.953658719999999960e+01
5.000151230000000169e+01
5.046209009999999751e+01
5.092979839999999569e+01
5.139370660000000157e+01
5.185565230000000270e+01
5.232095879999999966e+01
5.278119119999999498e+01
5.325000249999999369e+01
5.371327030000000491e+01
5.417503539999999873e+01
5.464161119999999983e+01
5.510453180000000373e+01
5.556469109999999034e+01
5.603209669999999676e+01
5.649415130000001284e+01
5.695913199999999676e+01
5.742251579999999933e+01
5.788415300000001196e+01
5.835125340000000449e+01
5.881416119999998671e+01
5.928400950000001046e+01
5.974644009999998673e+01
6.020710400000000107e+01
6.086729519999998672e+01
6.132770240000000683e+01
6.179082240000001036e+01
6.225086979999998960e+01
6.270887290000000291e+01
6.316994870000000617e+01
6.362752690000000655e+01
6.409072970000001135e+01
6.455127760000000592e+01
6.501103080000000034e+01
6.547430419999999174e+01
6.593533879999999670e+01
6.639480469999999457e+01
