5.326967835426330566e-01
5.607638955116271973e-01
5.720486044883728027e-01
5.902777910232543945e-01
5.908564925193786621e-01
5.925925374031066895e-01
6.050347685813903809e-01
6.044560074806213379e-01
6.148726344108581543e-01
6.195023059844970703e-01
6.302083134651184082e-01
6.247106194496154785e-01
6.252893805503845215e-01
6.377314925193786621e-01
6.385995745658874512e-01
6.331018805503845215e-01
6.484375000000000000e-01
6.400462985038757324e-01
6.495949029922485352e-01
6.481481194496154785e-01
6.519096493721008301e-01
6.591435074806213379e-01
6.527777910232543945e-01
6.626157164573669434e-01
6.631944775581359863e-01
6.660879254341125488e-01
6.669560074806213379e-01
6.796875000000000000e-01
6.756365895271301270e-01
6.710069775581359863e-01
6.629050374031066895e-01
6.727430820465087891e-01
6.799768805503845215e-01
6.822915673255920410e-01
6.834490895271301270e-01
6.886574625968933105e-01
6.932870745658874512e-01
6.770833134651184082e-01
6.932870745658874512e-01
7.010994553565979004e-01
6.990740895271301270e-01
7.013888359069824219e-01
6.967592835426330566e-01
7.016782760620117188e-01
6.950231194496154785e-01
6.973379254341125488e-01
7.123842239379882812e-01
7.022569179534912109e-01
7.103587985038757324e-01
7.115162014961242676e-01
7.204861044883728027e-01
6.967592239379882812e-01
7.184606194496154785e-01
7.181712985038757324e-01
7.256944179534912109e-01
7.196180224418640137e-01
7.144097685813903809e-01
7.213541865348815918e-01
7.297453880310058594e-01
7.254050374031066895e-01
7.387152314186096191e-01
7.294560074806213379e-01
7.248263359069824219e-01
7.256944775581359863e-01
7.329282164573669434e-01
7.369791865348815918e-01
7.416087985038757324e-01
7.424768805503845215e-01
7.320601344108581543e-01
7.390046119689941406e-01
7.361111044883728027e-01
7.404513359069824219e-01
7.427661418914794922e-01
7.387152314186096191e-01
7.514467835426330566e-01
7.500000000000000000e-01
7.557870745658874512e-01
7.578125000000000000e-01
7.526041865348815918e-01
7.537615299224853516e-01
7.607060074806213379e-01
7.526041865348815918e-01
7.615740895271301270e-01
7.560763955116271973e-01
7.659142613410949707e-01
7.688078880310058594e-01
7.702546119689941406e-01
7.728587985038757324e-01
7.673611640930175781e-01
7.679398655891418457e-01
7.667823433876037598e-01
7.641782760620117188e-01
7.717013955116271973e-01
7.690971493721008301e-01
7.835648059844970703e-01
7.688078880310058594e-01
7.751736640930175781e-01
7.766203284263610840e-01
7.774884700775146484e-01
7.864583134651184082e-01
7.456184029579162598e-01
7.507440447807312012e-01
7.483465671539306641e-01
7.636408805847167969e-01
7.652116417884826660e-01
7.664517164230346680e-01
7.732308506965637207e-01
7.783564329147338867e-01
7.801752686500549316e-01
7.888557910919189453e-01
7.872852087020874023e-01
7.996857762336730957e-01
8.019180297851562500e-01
8.020005822181701660e-01
8.093584179878234863e-01
8.143187761306762695e-01
8.218420147895812988e-01
8.229992985725402832e-01
8.244047760963439941e-01
8.283730745315551758e-01
8.379629254341125488e-01
8.366401195526123047e-01
8.423445820808410645e-01
8.520171642303466797e-01
8.554067015647888184e-01
8.514384031295776367e-01
8.573080897331237793e-01
8.648314476013183594e-01
8.650794029235839844e-01
8.710318207740783691e-01
8.765708208084106445e-01
8.768187165260314941e-01
8.854165673255920410e-01
8.876488804817199707e-01
8.929396867752075195e-01
8.931052088737487793e-01
8.933530449867248535e-01
8.946759104728698730e-01
8.979001641273498535e-01
9.088127613067626953e-01
9.048447608947753906e-01
9.072421193122863770e-01
9.136077165603637695e-01
9.203869104385375977e-01
9.197254180908203125e-01
9.134424328804016113e-01
9.233630895614624023e-01
9.222884178161621094e-01
9.244377613067626953e-01
9.253472685813903809e-01
9.321263432502746582e-01
9.309688806533813477e-01
9.321263432502746582e-01
9.355984926223754883e-01
9.338623881340026855e-01
9.400628209114074707e-01
9.415509104728698730e-01
9.391533136367797852e-01
9.422948956489562988e-01
9.462633728981018066e-01
9.456845521926879883e-01
9.500661492347717285e-01
9.493220448493957520e-01
9.476687312126159668e-01
9.517194628715515137e-01
9.517195820808410645e-01
9.546132087707519531e-01
9.494873881340026855e-01
9.544478058815002441e-01
9.542824625968933105e-01
9.541171193122863770e-01
9.584986567497253418e-01
9.573412537574768066e-01
9.551091194152832031e-01
9.578373432159423828e-01
9.594081640243530273e-01
9.604828357696533203e-01
9.622189402580261230e-01
9.617228507995605469e-01
9.558532238006591797e-01
9.631283283233642578e-01
9.594907164573669434e-01
9.614748358726501465e-01
9.599867463111877441e-01
9.628801941871643066e-01
9.641203880310058594e-01
9.613095521926879883e-01
9.632937312126159668e-01
9.625495672225952148e-01
9.613922834396362305e-01
9.637069702148437500e-01
9.634590148925781250e-01
9.637896418571472168e-01
9.639551043510437012e-01
9.665177464485168457e-01
9.666832685470581055e-01
9.660217761993408203e-01
9.675098657608032227e-01
9.647818207740783691e-01
9.666005373001098633e-01
