9.264968633651733398e-01
9.252167940139770508e-01
9.397137761116027832e-01
9.575732350349426270e-01
9.643228650093078613e-01
9.669703245162963867e-01
9.659719467163085938e-01
9.685546159744262695e-01
9.677516222000122070e-01
9.677299261093139648e-01
9.669051170349121094e-01
9.673608541488647461e-01
9.660588502883911133e-01
9.679468870162963867e-01
9.685767292976379395e-01
9.690755009651184082e-01
9.681428074836730957e-01
9.682505726814270020e-01
9.673824310302734375e-01
9.689019918441772461e-01
9.688798189163208008e-01
9.695743322372436523e-01
9.680987596511840820e-01
9.682505726814270020e-01
9.384907484054565430e-01
9.475541114807128906e-01
9.501542448997497559e-01
9.519047737121582031e-01
9.532263278961181641e-01
9.532867670059204102e-01
9.538255929946899414e-01
9.551836848258972168e-01
9.548491835594177246e-01
9.554579257965087891e-01
9.557368159294128418e-01
9.568914175033569336e-01
9.560186862945556641e-01
9.570094347000122070e-01
9.570663571357727051e-01
9.570572972297668457e-01
9.571428894996643066e-01
9.576843976974487305e-01
9.573353528976440430e-01
9.576333761215209961e-01
9.564520716667175293e-01
9.583447575569152832e-01
9.575750231742858887e-01
9.586836695671081543e-01
9.581987857818603516e-01
9.579899907112121582e-01
9.585151076316833496e-01
9.589718580245971680e-01
9.583154916763305664e-01
9.577311873435974121e-01
