9.912119900000107009e+00
1.875181269999984579e+01
2.764078490000019883e+01
3.653259639999987485e+01
4.537303870000005190e+01
5.424841509999987466e+01
6.311274619999994684e+01
7.195909970000002431e+01
8.082776400000011563e+01
8.968553070000007210e+01
9.854466469999988476e+01
1.074137574999999742e+02
1.162648048000000927e+02
1.251023107999999411e+02
1.339700192000000243e+02
1.428343700999998873e+02
1.516664985000002162e+02
1.605212360999998964e+02
1.693760068000001411e+02
1.782663925000001655e+02
1.871334136000000399e+02
1.960035582000000431e+02
2.048555762000000868e+02
2.137166345999999066e+02
2.528311287000001357e+02
2.919404481000001397e+02
3.310638423000000330e+02
3.701606629000002613e+02
4.092035559999999350e+02
4.482817472000001544e+02
4.873892021000001478e+02
5.264512270999998691e+02
5.655337030000000595e+02
6.046401824999998098e+02
6.437099367999999231e+02
6.828045446000000993e+02
7.218918926999999712e+02
7.609515580000002046e+02
8.000465168000000631e+02
8.391311859000002187e+02
8.781859276999998656e+02
9.172504069999999956e+02
9.563312633999998980e+02
9.953883313999999700e+02
1.034476547400000072e+03
1.073573416499999894e+03
1.112655161900000166e+03
1.151733872000000247e+03
1.190826378900000236e+03
1.229901997400000255e+03
1.269009766399999990e+03
1.308117680800000016e+03
1.347169731500000125e+03
1.386229717600000185e+03
