9.966145400001551025e+00
2.005156050000005052e+01
2.946821700000145938e+01
3.925482490000285907e+01
4.934594289999949979e+01
5.904274050000094576e+01
6.896678160000010394e+01
7.816109750000032363e+01
8.712713980000262382e+01
9.617611960000067484e+01
1.051203167000021494e+02
1.143666398000023037e+02
1.236993175000025076e+02
1.328045942000026116e+02
1.417893500000027416e+02
1.507841975000010279e+02
1.607684134000010090e+02
1.700454296000025352e+02
1.790976810000029218e+02
1.883945636000025843e+02
1.970748915000003763e+02
2.063596364000004542e+02
2.157593278999993345e+02
2.248333096000023943e+02
2.338603051000027335e+02
2.427559304999995220e+02
2.515007163000009314e+02
2.602339410999993561e+02
2.691231284000023152e+02
2.781493929999996908e+02
2.868399124000025040e+02
2.959221706000025733e+02
3.052457649999996647e+02
3.138698597000002337e+02
3.225709941999994044e+02
3.310541881000026478e+02
3.398216833000005863e+02
3.485429247000029136e+02
3.571383758000010857e+02
3.655083974000008311e+02
3.754464012999997067e+02
3.850456967000027362e+02
3.939740732999998727e+02
4.029683667999997851e+02
4.118923490000015590e+02
4.208025090000010096e+02
4.294646976000003633e+02
4.511626223000021128e+02
4.734955002999995486e+02
4.961174799000000348e+02
5.179911105000028329e+02
5.397099082000022463e+02
5.619307633000025817e+02
5.842661109000000579e+02
6.076943164000003890e+02
6.292888112000000547e+02
6.507911611000017729e+02
6.723173911000012595e+02
6.940191016999997373e+02
7.159286938000004739e+02
7.373322122999998101e+02
7.588616051000026346e+02
7.803548262000003888e+02
8.018177138999999443e+02
8.232835668000006990e+02
