6.977745890617370605e-01
6.983270049095153809e-01
6.956124901771545410e-01
6.960068941116333008e-01
6.978535652160644531e-01
6.985478401184082031e-01
6.984689235687255859e-01
6.961963176727294922e-01
6.779017448425292969e-01
6.780206561088562012e-01
6.780505776405334473e-01
6.784324645996093750e-01
6.787251234054565430e-01
6.787548661231994629e-01
6.813690662384033203e-01
6.799257397651672363e-01
6.818699836730957031e-01
6.825346946716308594e-01
6.818454861640930176e-01
6.822767257690429688e-01
6.820836067199707031e-01
6.828272342681884766e-01
6.841319799423217773e-01
6.837103962898254395e-01
6.828424334526062012e-01
6.844991445541381836e-01
6.844790577888488770e-01
6.852331757545471191e-01
6.850794553756713867e-01
6.855505108833312988e-01
6.873810291290283203e-01
6.860714554786682129e-01
6.876487731933593750e-01
6.876091361045837402e-01
6.882638335227966309e-01
6.887599229812622070e-01
6.883135437965393066e-01
6.896379590034484863e-01
6.901586055755615234e-01
6.903273463249206543e-01
6.893056035041809082e-01
6.906398534774780273e-01
6.920832991600036621e-01
6.922870874404907227e-01
6.929313540458679199e-01
6.912797689437866211e-01
6.933384537696838379e-01
6.930753588676452637e-01
6.932787895202636719e-01
6.943702101707458496e-01
6.933631896972656250e-01
6.945683360099792480e-01
6.962400078773498535e-01
6.951586604118347168e-01
6.959522366523742676e-01
6.962400078773498535e-01
6.967757940292358398e-01
6.968007087707519531e-01
6.970981955528259277e-01
6.977379322052001953e-01
6.985815763473510742e-01
6.984075903892517090e-01
6.982689499855041504e-01
6.983184218406677246e-01
6.995436549186706543e-01
7.000993490219116211e-01
6.984274983406066895e-01
7.009423971176147461e-01
7.011260390281677246e-01
7.008681893348693848e-01
7.011656165122985840e-01
7.000394463539123535e-01
7.017112374305725098e-01
7.012996077537536621e-01
7.028372883796691895e-01
7.016962766647338867e-01
7.016170620918273926e-01
7.040823101997375488e-01
7.039681673049926758e-01
7.042810320854187012e-01
7.051438689231872559e-01
7.046527862548828125e-01
7.046922445297241211e-01
7.064684033393859863e-01
7.056995034217834473e-01
7.060118317604064941e-01
7.064831852912902832e-01
7.076042890548706055e-01
7.059523463249206543e-01
7.092909216880798340e-01
7.082639932632446289e-01
7.084771394729614258e-01
7.082042694091796875e-01
7.077777385711669922e-01
7.097170352935791016e-01
7.084968686103820801e-01
7.096427679061889648e-01
7.099056243896484375e-01
7.100991606712341309e-01
7.108730673789978027e-01
7.107242941856384277e-01
7.117710113525390625e-01
7.114086747169494629e-01
7.134773731231689453e-01
7.098562717437744141e-01
