4.989499226212501526e-02
4.803364351391792297e-02
4.728654399514198303e-02
4.937309771776199341e-02
4.845105484127998352e-02
4.489491507411003113e-02
4.620315134525299072e-02
4.887782037258148193e-02
4.747579246759414673e-02
4.666218906641006470e-02
4.683413356542587280e-02
4.775146394968032837e-02
4.756804555654525757e-02
4.744398593902587891e-02
4.798829555511474609e-02
5.130392685532569885e-02
4.856786876916885376e-02
4.931297153234481812e-02
5.032591521739959717e-02
4.971703514456748962e-02
4.868838191032409668e-02
4.937209188938140869e-02
5.150386691093444824e-02
5.755804479122161865e-02
5.800534412264823914e-02
5.585505813360214233e-02
5.617800354957580566e-02
5.648031830787658691e-02
5.664666742086410522e-02
5.719310790300369263e-02
5.730113387107849121e-02
6.708023697137832642e-02
6.551459431648254395e-02
6.674700975418090820e-02
6.640138477087020874e-02
6.656385958194732666e-02
6.760892271995544434e-02
6.646928191184997559e-02
6.619096547365188599e-02
6.661865115165710449e-02
6.696312129497528076e-02
6.683173775672912598e-02
6.687065958976745605e-02
6.599149852991104126e-02
6.618671119213104248e-02
6.723101437091827393e-02
