1.890681940000013128e+01
3.610395180000023174e+01
5.402630760000010923e+01
7.163749710000001869e+01
8.863422850000006292e+01
1.067577294000002439e+02
1.243362657000002400e+02
1.413218046000001777e+02
1.595436060000001817e+02
1.770564145000003009e+02
1.943484797999999500e+02
2.124989506000001711e+02
2.300458303000004889e+02
2.471352838000002521e+02
2.653258163000000422e+02
2.828973952000005738e+02
3.001436401999999362e+02
3.182697116999997888e+02
3.358431810000001860e+02
3.531635784999998577e+02
3.711158956999997827e+02
3.887780017000004591e+02
4.059978812999997899e+02
4.241295310000004974e+02
4.418230131000000256e+02
4.591050309000002017e+02
4.770878554000000804e+02
4.946801986999998917e+02
5.119291988000004494e+02
5.301832635999999184e+02
5.478469347999998718e+02
5.650569027000001370e+02
5.831139232000004995e+02
6.007520150000000285e+02
6.180779907000005551e+02
6.363679670000001352e+02
6.541227868000005401e+02
6.717027391999999963e+02
6.901343409999999494e+02
7.081387276000004931e+02
7.255884475000002567e+02
7.439196157000005769e+02
7.618064265000002706e+02
7.793304742000000260e+02
7.982426274999997986e+02
8.161622513000002073e+02
