7.165279984474182129e-01
7.178472876548767090e-01
7.178819179534912109e-01
7.257291674613952637e-01
7.284028530120849609e-01
7.162500023841857910e-01
7.176041603088378906e-01
7.263541221618652344e-01
7.165971994400024414e-01
6.556944251060485840e-01
6.503124833106994629e-01
6.526040434837341309e-01
6.531249880790710449e-01
6.554862260818481445e-01
6.546180248260498047e-01
6.511805653572082520e-01
6.560763716697692871e-01
6.501735448837280273e-01
6.526043415069580078e-01
6.459723114967346191e-01
6.564236283302307129e-01
6.599653363227844238e-01
6.580554842948913574e-01
6.493750214576721191e-01
6.480556726455688477e-01
6.581249833106994629e-01
6.492362022399902344e-01
6.582291126251220703e-01
6.554514169692993164e-01
6.544791460037231445e-01
6.518055200576782227e-01
6.630902886390686035e-01
6.581597328186035156e-01
6.602430939674377441e-01
6.459028124809265137e-01
6.553472280502319336e-01
6.479165554046630859e-01
6.552082896232604980e-01
6.675000786781311035e-01
6.517361998558044434e-01
6.551387906074523926e-01
6.553819775581359863e-01
6.465971469879150391e-01
6.560415625572204590e-01
6.575346589088439941e-01
6.565973162651062012e-01
6.549652814865112305e-01
6.467361450195312500e-01
6.581249833106994629e-01
6.567707657814025879e-01
6.531942486763000488e-01
6.532291173934936523e-01
6.565971970558166504e-01
6.505555510520935059e-01
6.382986307144165039e-01
6.378473639488220215e-01
6.387500166893005371e-01
6.374305486679077148e-01
6.426388621330261230e-01
6.330556273460388184e-01
6.399998664855957031e-01
6.369791626930236816e-01
6.346875429153442383e-01
6.414235830307006836e-01
6.358681321144104004e-01
6.409723162651062012e-01
6.377431750297546387e-01
6.407638788223266602e-01
6.389930844306945801e-01
6.407638788223266602e-01
6.372569203376770020e-01
6.424999833106994629e-01
6.441318988800048828e-01
6.344792842864990234e-01
