7.175030559301376343e-02
7.361961901187896729e-02
7.343734055757522583e-02
7.304693758487701416e-02
7.156231999397277832e-02
7.258692383766174316e-02
7.295071333646774292e-02
7.033684849739074707e-02
7.380526512861251831e-02
1.100928038358688354e-01
1.112035363912582397e-01
1.134217232465744019e-01
1.081996858119964600e-01
1.102326288819313049e-01
1.116840168833732605e-01
1.098049059510231018e-01
1.123049184679985046e-01
1.102519482374191284e-01
1.105547547340393066e-01
1.106480583548545837e-01
1.110311821103096008e-01
1.090529561042785645e-01
1.091440469026565552e-01
1.094659641385078430e-01
1.120608821511268616e-01
1.097893267869949341e-01
1.094767674803733826e-01
1.102693676948547363e-01
1.111753731966018677e-01
1.096577942371368408e-01
1.103590130805969238e-01
1.097873374819755554e-01
1.100431755185127258e-01
1.105616763234138489e-01
1.099739074707031250e-01
1.102766394615173340e-01
1.094460561871528625e-01
1.100969910621643066e-01
1.059103980660438538e-01
1.109463497996330261e-01
1.463824510574340820e-01
1.456434130668640137e-01
1.451733261346817017e-01
1.451617479324340820e-01
1.473320424556732178e-01
1.476759910583496094e-01
1.460688710212707520e-01
1.473524421453475952e-01
1.457810848951339722e-01
1.459476351737976074e-01
1.459771692752838135e-01
1.452276259660720825e-01
1.457118839025497437e-01
1.489477604627609253e-01
1.635885685682296753e-01
1.620323061943054199e-01
1.620371788740158081e-01
1.604648530483245850e-01
1.610604524612426758e-01
1.624195277690887451e-01
1.598427444696426392e-01
1.618067920207977295e-01
1.623606681823730469e-01
1.625478714704513550e-01
1.637952029705047607e-01
1.628258526325225830e-01
1.603601425886154175e-01
1.610777229070663452e-01
1.624715626239776611e-01
1.610581725835800171e-01
1.608562320470809937e-01
1.615121066570281982e-01
1.619306951761245728e-01
1.631125956773757935e-01
