1.938482790000034583e+01
3.691024230000039097e+01
5.520702500000015789e+01
7.291298360000018874e+01
9.020707640000000538e+01
1.085116366000002017e+02
1.264663929000003009e+02
1.438685625000002801e+02
1.624542802000000847e+02
1.802718945000001440e+02
1.976695778000002974e+02
2.159434476000001268e+02
2.336779790000000503e+02
2.511216559000004054e+02
2.693201078000001871e+02
2.872569426000000021e+02
3.048788263999999799e+02
3.231705601000003298e+02
3.409715992999999798e+02
3.585650533000002724e+02
3.769103164000002835e+02
3.947187744000002567e+02
4.124389892000003783e+02
4.307115287999999964e+02
4.485797714000000269e+02
4.661362747000002855e+02
4.845217388000000938e+02
5.024286185000000842e+02
5.200050897000000987e+02
5.383878074000003835e+02
5.561380068000003121e+02
5.737604310000001533e+02
5.919858274000002893e+02
6.100425877000002401e+02
6.270383347000001777e+02
6.449188472000000729e+02
6.623832652000000962e+02
6.791687452000001031e+02
6.969639575999999579e+02
7.143515331000003243e+02
7.311412896000001638e+02
7.489429973000001155e+02
7.663700594000001729e+02
7.832979562000000442e+02
8.012171295000002829e+02
8.186747691000000486e+02
8.355012068000000909e+02
8.533672820000001593e+02
8.708209265000000414e+02
8.876841532000003099e+02
9.057265535999999884e+02
9.232932608000000982e+02
9.400278019000002132e+02
9.579805787000000237e+02
9.753890618000000359e+02
9.923675658000001931e+02
1.010275519700000132e+03
1.027689661300000353e+03
1.044636727400000382e+03
1.062578940700000203e+03
1.080228562400000101e+03
1.097146868400000130e+03
1.114993348400000286e+03
1.132475432900000214e+03
1.149830059300000357e+03
1.167995372100000168e+03
1.185574030700000094e+03
1.202539399100000082e+03
1.220553245600000082e+03
1.238213728100000026e+03
1.255378549700000349e+03
1.273406856500000231e+03
1.291050271100000373e+03
1.308145644200000334e+03
