9.861097477499788511e+01
1.699764074479971896e+02
2.391564567459972750e+02
3.099740697899978841e+02
3.830302624889991421e+02
4.587213515339972218e+02
5.273172425239972654e+02
5.954300937009975314e+02
6.662554431449971162e+02
7.356370622349968471e+02
8.038699032570002601e+02
8.789111367599980440e+02
9.517282387009981903e+02
1.026662524127998040e+03
1.095460770075998880e+03
1.166094392900999082e+03
1.237039866413997515e+03
1.305961582723997708e+03
1.381500465973000246e+03
1.465217812671999127e+03
1.538755848303997482e+03
1.609216115194998565e+03
1.686381458006999310e+03
1.757794904913000209e+03
1.833360086398999556e+03
1.903738849266999750e+03
1.972405411066996749e+03
2.044226849750997644e+03
2.116574195020999468e+03
2.185943908794997697e+03
2.262189866747998167e+03
2.338566817042999901e+03
2.410186575675998029e+03
2.488797878008997941e+03
2.559926463841999066e+03
2.631214064162999421e+03
2.698539496538996900e+03
2.775246092429999408e+03
2.851789377052999043e+03
2.924682263577997219e+03
2.996945191668997722e+03
3.066114504463999765e+03
3.135668398990997957e+03
3.208505937531997915e+03
3.281135706077999203e+03
3.355462869599999976e+03
3.423962394703998143e+03
3.495786356601998705e+03
3.567212380488999770e+03
3.636306562323999970e+03
3.712146523788000195e+03
3.782384523115997581e+03
3.855871121270000003e+03
3.930635606386997097e+03
4.006878198897997208e+03
4.076602343989998189e+03
4.148830363474997284e+03
4.220081709086996852e+03
4.293210766899999726e+03
4.365290231535997009e+03
4.433211948619999021e+03
4.506165637294998305e+03
4.595030485064999084e+03
4.670304197092998947e+03
