5.953124165534973145e-01
6.434828639030456543e-01
6.719685196876525879e-01
6.985042691230773926e-01
7.163995504379272461e-01
7.342948913574218750e-01
7.477029561996459961e-01
7.656250596046447754e-01
7.787660956382751465e-01
7.934026122093200684e-01
8.067975640296936035e-01
8.217549324035644531e-01
8.338676691055297852e-01
8.461270332336425781e-01
8.591480255126953125e-01
8.695647716522216797e-01
8.825453519821166992e-01
8.923075795173645020e-01
8.998266458511352539e-01
9.094950556755065918e-01
9.202057719230651855e-01
9.250935912132263184e-01
9.343216419219970703e-01
9.389287233352661133e-01
9.432290792465209961e-01
9.481568336486816406e-01
9.529780745506286621e-01
9.545537829399108887e-01
9.569579362869262695e-01
9.596153497695922852e-01
9.596688151359558105e-01
9.609509706497192383e-01
9.645032286643981934e-01
9.637552499771118164e-01
9.653312563896179199e-01
9.654781818389892578e-01
9.664930701255798340e-01
9.661056995391845703e-01
9.676281809806823730e-01
9.670272469520568848e-01
9.659454822540283203e-01
9.677349328994750977e-01
9.677217602729797363e-01
9.665063023567199707e-01
9.674677252769470215e-01
9.680287241935729980e-01
9.670539498329162598e-01
9.667467474937438965e-01
9.676416516304016113e-01
9.674946665763854980e-01
9.684560894966125488e-01
9.674814343452453613e-01
9.676684141159057617e-01
9.671607613563537598e-01
9.686966538429260254e-01
9.667737483978271484e-01
9.670272469520568848e-01
9.687098264694213867e-01
9.674412608146667480e-01
9.675612449645996094e-01
9.682691097259521484e-01
9.665731787681579590e-01
9.667335152626037598e-01
9.677886962890625000e-01
9.662393927574157715e-01
9.669471979141235352e-01
9.674678444862365723e-01
9.659990668296813965e-01
9.672943353652954102e-01
9.668134450912475586e-01
9.660522341728210449e-01
9.661858081817626953e-01
9.661459922790527344e-01
9.664663672447204590e-01
9.676682949066162109e-01
9.656116366386413574e-01
9.659855365753173828e-01
9.665598869323730469e-01
9.665732383728027344e-01
9.659455418586730957e-01
9.669738411903381348e-01
9.655449986457824707e-01
9.667468070983886719e-01
9.657052755355834961e-01
9.665064215660095215e-01
9.664664268493652344e-01
9.668003320693969727e-01
9.662258028984069824e-01
9.664264917373657227e-01
9.661457538604736328e-01
9.651175141334533691e-01
9.662927389144897461e-01
9.662392139434814453e-01
9.663730859756469727e-01
9.662794470787048340e-01
9.668536782264709473e-01
9.663062095642089844e-01
9.675213694572448730e-01
9.662528634071350098e-01
9.669871926307678223e-01
