5.351468920707702637e-02
4.661128297448158264e-02
4.629988595843315125e-02
4.625990986824035645e-02
4.624914750456809998e-02
4.628803208470344543e-02
4.625884443521499634e-02
4.620138555765151978e-02
4.619213566184043884e-02
4.615383967757225037e-02
4.620755091309547424e-02
4.619447886943817139e-02
4.614417254924774170e-02
4.607912153005599976e-02
4.621497541666030884e-02
4.617707058787345886e-02
4.411757737398147583e-02
4.403698444366455078e-02
4.397559165954589844e-02
4.398963227868080139e-02
4.398811236023902893e-02
4.395786672830581665e-02
4.387139901518821716e-02
4.395533725619316101e-02
4.390878230333328247e-02
4.394539818167686462e-02
4.395217821002006531e-02
