2.536481618881225586e-01
2.298564761877059937e-01
2.135721892118453979e-01
1.977001130580902100e-01
1.829123646020889282e-01
1.675598025321960449e-01
1.523383557796478271e-01
1.355853080749511719e-01
1.214453279972076416e-01
1.061388999223709106e-01
9.166912734508514404e-02
7.916372269392013550e-02
6.729018688201904297e-02
5.619663000106811523e-02
4.832930490374565125e-02
4.170770570635795593e-02
3.590115532279014587e-02
3.092660196125507355e-02
2.742525376379489899e-02
2.415818348526954651e-02
2.247293666005134583e-02
2.039791271090507507e-02
1.880105398595333099e-02
1.756448112428188324e-02
1.678950153291225433e-02
1.604697667062282562e-02
1.532549317926168442e-02
1.468382310122251511e-02
1.446093712002038956e-02
1.367687713354825974e-02
1.329277735203504562e-02
1.289156917482614517e-02
1.220821682363748550e-02
1.222732570022344589e-02
1.197198405861854553e-02
1.153056509792804718e-02
1.135064288973808289e-02
1.136708911508321762e-02
1.106577459722757339e-02
1.105707883834838867e-02
1.072735711932182312e-02
1.028265990316867828e-02
1.031442359089851379e-02
1.014758087694644928e-02
1.006050780415534973e-02
9.648012928664684296e-03
9.650773368775844574e-03
9.443688206374645233e-03
9.634111076593399048e-03
9.271858260035514832e-03
9.169782511889934540e-03
8.959669619798660278e-03
8.815932087600231171e-03
8.928238414227962494e-03
8.770892396569252014e-03
8.821515366435050964e-03
8.669855073094367981e-03
8.465189486742019653e-03
8.473894558846950531e-03
8.620809763669967651e-03
8.183965459465980530e-03
8.503360673785209656e-03
8.159729652106761932e-03
8.074190467596054077e-03
8.030355907976627350e-03
8.301692083477973938e-03
8.041483350098133087e-03
8.089290931820869446e-03
7.817655801773071289e-03
7.843738421797752380e-03
7.941551506519317627e-03
7.701298221945762634e-03
7.943877018988132477e-03
7.760441862046718597e-03
7.789199240505695343e-03
7.396422326564788818e-03
7.411612663418054581e-03
7.396620698273181915e-03
7.315353956073522568e-03
7.319272495806217194e-03
7.260623853653669357e-03
7.389162667095661163e-03
1.433667168021202087e-02
1.318285707384347916e-02
1.295893080532550812e-02
1.250348053872585297e-02
1.214437466114759445e-02
1.187921222299337387e-02
1.207034103572368622e-02
1.156636234372854233e-02
1.136384438723325729e-02
1.135175488889217377e-02
1.111395750194787979e-02
1.093731634318828583e-02
1.083848997950553894e-02
1.068511325865983963e-02
1.057010143995285034e-02
1.032445486634969711e-02
1.014267746359109879e-02
9.977902285754680634e-03
9.980509988963603973e-03
9.815544821321964264e-03
9.845014661550521851e-03
9.636284783482551575e-03
9.868255816400051117e-03
9.715076535940170288e-03
9.400673210620880127e-03
9.344084188342094421e-03
9.182330220937728882e-03
9.201058186590671539e-03
9.202749468386173248e-03
8.978588506579399109e-03
8.834951557219028473e-03
8.968764916062355042e-03
8.795774541795253754e-03
8.580010384321212769e-03
8.542450144886970520e-03
8.479869924485683441e-03
8.469133637845516205e-03
8.528287522494792938e-03
8.383331820368766785e-03
8.289825171232223511e-03
8.199840784072875977e-03
8.099795319139957428e-03
8.227350190281867981e-03
8.099293336272239685e-03
7.933530956506729126e-03
7.831947878003120422e-03
7.945142686367034912e-03
7.844652049243450165e-03
7.820311933755874634e-03
7.693766150623559952e-03
7.708452641963958740e-03
7.601119577884674072e-03
7.630650885403156281e-03
7.558062206953763962e-03
7.403723895549774170e-03
7.387982215732336044e-03
7.482359185814857483e-03
7.450010627508163452e-03
7.377434987574815750e-03
7.423749193549156189e-03
7.132406812161207199e-03
7.147755008190870285e-03
7.140489760786294937e-03
7.080303039401769638e-03
7.237644400447607040e-03
7.193329744040966034e-03
