3.897222280502319336e-01
3.859028220176696777e-01
3.804166316986083984e-01
3.850694298744201660e-01
3.839930593967437744e-01
3.866665959358215332e-01
3.896180391311645508e-01
3.832638859748840332e-01
3.817361593246459961e-01
3.753472268581390381e-01
3.654513657093048096e-01
3.563194274902343750e-01
3.657292127609252930e-01
3.681598007678985596e-01
3.570486009120941162e-01
3.649305403232574463e-01
3.521527349948883057e-01
3.636111319065093994e-01
3.714235723018646240e-01
3.666319549083709717e-01
3.605902791023254395e-01
3.637846410274505615e-01
3.710764050483703613e-01
3.623610734939575195e-01
3.738888502120971680e-01
3.655902743339538574e-01
3.682987093925476074e-01
3.664582967758178711e-01
3.657985627651214600e-01
3.704861104488372803e-01
3.618402183055877686e-01
3.681249916553497314e-01
3.709374964237213135e-01
3.715972006320953369e-01
3.734722435474395752e-01
3.716666400432586670e-01
3.684028387069702148e-01
3.723610937595367432e-01
3.613541722297668457e-01
3.642013072967529297e-01
3.713888227939605713e-01
3.724306225776672363e-01
3.653472065925598145e-01
3.634722530841827393e-01
3.635416924953460693e-01
3.534722626209259033e-01
3.524305820465087891e-01
3.471874892711639404e-01
3.583680689334869385e-01
3.517014384269714355e-01
3.575347661972045898e-01
3.567013442516326904e-01
3.554513454437255859e-01
3.576041758060455322e-01
3.536111116409301758e-01
3.514930605888366699e-01
3.571528196334838867e-01
3.548957705497741699e-01
3.619792163372039795e-01
3.564929962158203125e-01
3.576389253139495850e-01
3.561458587646484375e-01
3.552777469158172607e-01
3.611111342906951904e-01
3.560763597488403320e-01
