7.126767188310623169e-02
7.356254756450653076e-02
7.197607308626174927e-02
7.271832227706909180e-02
7.238491624593734741e-02
7.240740954875946045e-02
7.324465364217758179e-02
7.261517643928527832e-02
7.151052355766296387e-02
7.488416135311126709e-02
1.213267073035240173e-01
1.204784959554672241e-01
1.198278740048408508e-01
1.190906018018722534e-01
1.217075139284133911e-01
1.215171888470649719e-01
1.215623021125793457e-01
1.212552711367607117e-01
1.200051903724670410e-01
1.212742030620574951e-01
1.215040311217308044e-01
1.222401633858680725e-01
1.830599457025527954e-01
1.827621608972549438e-01
1.825356036424636841e-01
1.832409799098968506e-01
1.824583411216735840e-01
1.851572096347808838e-01
1.836455017328262329e-01
1.830901652574539185e-01
1.846743822097778320e-01
1.830468177795410156e-01
1.830491125583648682e-01
1.837357282638549805e-01
1.837562620639801025e-01
1.841577291488647461e-01
1.839687228202819824e-01
1.836488544940948486e-01
1.829978823661804199e-01
1.837482303380966187e-01
1.836858689785003662e-01
1.820707321166992188e-01
1.827598065137863159e-01
1.838606297969818115e-01
1.840093433856964111e-01
2.541022002696990967e-01
2.539507746696472168e-01
2.548761069774627686e-01
2.540201842784881592e-01
2.532953321933746338e-01
2.531879544258117676e-01
2.529612779617309570e-01
2.523381412029266357e-01
2.540849447250366211e-01
2.544077932834625244e-01
2.553244829177856445e-01
2.556747496128082275e-01
2.546604871749877930e-01
2.531733214855194092e-01
2.530197799205780029e-01
2.539931833744049072e-01
2.529100477695465088e-01
2.531566917896270752e-01
2.532505393028259277e-01
2.566799819469451904e-01
