1.666050377488136336e-01
1.476849484443664429e-01
1.361715912818908802e-01
1.290944856405258079e-01
1.238641785085201202e-01
1.196997301280498527e-01
1.162444078922271751e-01
1.097357773780822804e-01
1.063169310986995658e-01
1.010358896851539651e-01
9.601997971534728671e-02
9.121433705091476496e-02
8.950671225786209495e-02
8.315917193889617309e-02
9.530755966901778564e-02
8.534024193882942810e-02
7.595589637756347545e-02
7.164783999323845465e-02
6.849684447050094493e-02
7.758048951625823308e-02
7.537073791027068537e-02
6.299719721078872459e-02
6.098662994801998249e-02
8.647691339254379161e-02
1.116377371549606284e-01
6.867956198751926089e-02
5.470231965184211426e-02
5.170222394168377117e-02
4.932524695992469843e-02
4.810494862496852986e-02
4.715170733630657390e-02
6.093648530542850744e-02
9.247603684663772972e-02
6.314944140613079626e-02
6.519960477948189004e-02
5.748758010566234339e-02
4.969943329691886569e-02
4.717017136514187192e-02
5.462624184787273629e-02
6.418507367372512651e-02
5.951230339705944339e-02
5.864150285720825390e-02
5.810155823826789606e-02
5.774191789329052166e-02
5.719000518321990661e-02
5.674586251378059554e-02
5.514423847198486606e-02
4.545585684478282984e-02
4.453017428517341836e-02
4.349851675331592449e-02
4.306275911629200287e-02
4.760081395506858548e-02
4.251720607280731062e-02
3.656455546617507629e-02
4.499315708875656350e-02
7.261117972433567269e-02
5.719274975359439628e-02
4.906403474509715701e-02
4.649065010249614494e-02
4.489862076938152396e-02
4.399135492742061587e-02
4.317802749574184418e-02
4.281708985567092562e-02
5.503737546503544020e-02
