8.789773583412170410e-01
8.760417699813842773e-01
8.810604214668273926e-01
8.783459663391113281e-01
8.751579523086547852e-01
8.790090680122375488e-01
8.770202398300170898e-01
8.803977966308593750e-01
8.550001978874206543e-01
8.561903834342956543e-01
8.542063832283020020e-01
8.584123849868774414e-01
8.539483547210693359e-01
8.766666054725646973e-01
9.061409831047058105e-01
9.144045710563659668e-01
9.261011481285095215e-01
9.305258393287658691e-01
9.346625804901123047e-01
9.356548190116882324e-01
9.372023940086364746e-01
9.388392567634582520e-01
9.398912787437438965e-01
9.394444823265075684e-01
9.403870701789855957e-01
9.411008954048156738e-01
9.415376782417297363e-01
9.419245123863220215e-01
9.413090944290161133e-01
9.434622526168823242e-01
9.425199031829833984e-01
9.425992369651794434e-01
9.430159926414489746e-01
9.443355798721313477e-01
9.454264640808105469e-01
9.448310136795043945e-01
9.448811411857604980e-01
9.446725249290466309e-01
9.447618722915649414e-01
9.466865658760070801e-01
9.459923505783081055e-01
9.468355774879455566e-01
9.465675354003906250e-01
9.459622502326965332e-01
9.473711252212524414e-01
9.473014473915100098e-01
9.471527934074401855e-01
9.468749165534973145e-01
9.475791454315185547e-01
9.471030831336975098e-01
9.479560256004333496e-01
9.472816586494445801e-01
