6.574139744043350220e-02
4.662242904305458069e-02
4.639806225895881653e-02
4.654710367321968079e-02
4.649295285344123840e-02
4.649036005139350891e-02
4.652251303195953369e-02
4.668315500020980835e-02
4.474176466464996338e-02
4.461637511849403381e-02
4.461013153195381165e-02
4.459173977375030518e-02
4.448725655674934387e-02
3.383608534932136536e-02
1.736466772854328156e-02
1.336291618645191193e-02
8.869664743542671204e-03
7.087245583534240723e-03
5.964283831417560577e-03
5.318928044289350510e-03
4.614223260432481766e-03
4.222573712468147278e-03
3.881472162902355194e-03
3.780103754252195358e-03
3.597694216296076775e-03
3.244488500058650970e-03
3.057854948565363884e-03
3.061331110075116158e-03
2.966497326269745827e-03
2.728584455326199532e-03
2.801846247166395187e-03
2.703070407733321190e-03
2.632225863635540009e-03
2.545724157243967056e-03
2.455880865454673767e-03
2.371951937675476074e-03
2.400070894509553909e-03
2.355057979002594948e-03
2.353924093768000603e-03
2.167016966268420219e-03
2.222308423370122910e-03
2.163403900340199471e-03
2.173016080632805824e-03
2.159369410946965218e-03
2.087552333250641823e-03
1.948427525348961353e-03
1.965728821232914925e-03
2.037342172116041183e-03
2.045974368229508400e-03
1.969283912330865860e-03
1.908393925987184048e-03
1.967440824955701828e-03
