7.012645700000000204e+00
1.026612279999999977e+01
1.359264070000000046e+01
1.691215769999999807e+01
2.019802019999999843e+01
2.345984010000000097e+01
2.673984899999999953e+01
3.012057940000000045e+01
3.867157870000000486e+01
4.732893350000000510e+01
5.588507270000000204e+01
6.455983399999999506e+01
7.314574519999999325e+01
8.176974559999999315e+01
9.040013739999999132e+01
9.903127359999999157e+01
1.076277235999999959e+02
1.162089811000000026e+02
1.249087207999999976e+02
1.335803171000000020e+02
1.422627932000000044e+02
1.508490240000000142e+02
1.593894966000000011e+02
1.680973187000000166e+02
1.766931459000000189e+02
1.854477564999999970e+02
1.940635841000000141e+02
2.027228951000000166e+02
2.112107945000000200e+02
2.199393943999999976e+02
2.284424800000000175e+02
2.371748923000000104e+02
2.457137294000000054e+02
2.545531127000000140e+02
2.631055665000000090e+02
2.718247537999999963e+02
2.804410813000000076e+02
2.890120253000000048e+02
2.975810940000000073e+02
3.062006539999999859e+02
3.148616870999999833e+02
3.232819190999999819e+02
3.322719845999999961e+02
3.409390182999999865e+02
3.495298785999999609e+02
3.581388780999999994e+02
3.667431204999999750e+02
3.753374719999999911e+02
3.840491915999999719e+02
3.926531898000000069e+02
4.012338301999999999e+02
4.098451174999999580e+02
