4.519444704055786133e-01
5.061110854148864746e-01
5.563890933990478516e-01
5.872222781181335449e-01
6.277778744697570801e-01
6.247220039367675781e-01
6.447222232818603516e-01
6.250000596046447754e-01
6.319445371627807617e-01
6.372222900390625000e-01
6.341665983200073242e-01
6.358333826065063477e-01
6.422222852706909180e-01
6.316665410995483398e-01
6.502777338027954102e-01
6.402778625488281250e-01
6.388889551162719727e-01
6.466666460037231445e-01
6.458334326744079590e-01
6.469444036483764648e-01
6.563886404037475586e-01
