1.605182060000151978e+01
2.999315740000020014e+01
4.468427829999927781e+01
5.879364820000046166e+01
7.314319990000149119e+01
8.729931669999859878e+01
1.015580061000000569e+02
1.146559779000017443e+02
1.283225084000005154e+02
1.417699298000006820e+02
1.557867509999996400e+02
1.693636479999986477e+02
1.826988688999990700e+02
1.969264417000013054e+02
2.105677791000016441e+02
2.241485458999995899e+02
2.375061806000012439e+02
2.513532713999993575e+02
2.648489583000009588e+02
2.788164808000001358e+02
2.922177932999984478e+02
