5.442510172724723816e-02
4.631071537733078003e-02
4.622247442603111267e-02
4.626727476716041565e-02
4.630761966109275818e-02
4.623200744390487671e-02
4.625842347741127014e-02
4.623294249176979065e-02
4.621178284287452698e-02
4.619504138827323914e-02
4.608623683452606201e-02
4.618648067116737366e-02
4.622526094317436218e-02
4.615189880132675171e-02
4.620661213994026184e-02
4.615333303809165955e-02
4.409284144639968872e-02
4.402109235525131226e-02
4.394888505339622498e-02
4.395703598856925964e-02
4.398401081562042236e-02
4.403639212250709534e-02
4.397896304726600647e-02
4.391316324472427368e-02
4.393094405531883240e-02
4.393667355179786682e-02
4.393241181969642639e-02
4.394863918423652649e-02
4.393242299556732178e-02
4.391849413514137268e-02
4.393033310770988464e-02
4.393393173813819885e-02
