2.777574550000008458e+01
5.120215920000009646e+01
7.564610780000020895e+01
9.933195070000010674e+01
1.232089871000002859e+02
1.473382172999999966e+02
1.725800593000003573e+02
1.970668429000002106e+02
2.202160066000001279e+02
2.437094621000001098e+02
2.679676124000002346e+02
2.960426156999997147e+02
3.243150980000004893e+02
3.499337682000000314e+02
3.687556170000002567e+02
3.829149122000003445e+02
4.207137292000002162e+02
4.558090432000003602e+02
4.921480697000001783e+02
5.281600960999999188e+02
5.684548804000000928e+02
6.175720944999998210e+02
6.438818698000000040e+02
6.844956718999997065e+02
7.147796401999999034e+02
7.421514754000004359e+02
7.695382032000002255e+02
7.918531880000005003e+02
8.133059680999999728e+02
8.348066254000000299e+02
8.552221124000002419e+02
8.761247266000004856e+02
