5.061548948287963867e-02
4.974837601184844971e-02
4.966936632990837097e-02
4.824343323707580566e-02
4.909278452396392822e-02
4.891747236251831055e-02
4.871916025876998901e-02
4.962315037846565247e-02
4.917872697114944458e-02
4.792454466223716736e-02
4.810483753681182861e-02
4.828575253486633301e-02
4.781888052821159363e-02
4.843396320939064026e-02
4.788443818688392639e-02
5.012371018528938293e-02
6.584504246711730957e-02
6.585168093442916870e-02
6.603179126977920532e-02
6.606173515319824219e-02
6.623136252164840698e-02
6.629624962806701660e-02
6.625099480152130127e-02
6.592322885990142822e-02
6.566031277179718018e-02
6.617175042629241943e-02
6.557407230138778687e-02
6.635420024394989014e-02
