4.348646799999983159e+00
7.514502199999981258e+00
1.069797460000000910e+01
1.390787030000001323e+01
1.706308089999998856e+01
2.024898569999999154e+01
2.347272509999999102e+01
2.661065080000003036e+01
2.982492280000002438e+01
3.301708700000000363e+01
3.617372219999998606e+01
3.939525520000000824e+01
4.261561469999998053e+01
4.581219600000002856e+01
4.897661990000000287e+01
5.219064120000001594e+01
6.210520450000001347e+01
7.192754650000000538e+01
8.173604879999999184e+01
9.155162030000002460e+01
1.013530205000000137e+02
1.111162942999999927e+02
1.209006846000000337e+02
1.306975041999999689e+02
1.404604478000000540e+02
1.501577639000000204e+02
1.600811653999999749e+02
1.698526844999999525e+02
