5.254629850387573242e-01
5.448495149612426758e-01
5.630787014961242676e-01
5.775462985038757324e-01
5.815972685813903809e-01
5.975115895271301270e-01
5.986689925193786621e-01
6.154513955116271973e-01
6.108217835426330566e-01
6.168981194496154785e-01
6.221064925193786621e-01
6.351273655891418457e-01
6.342592239379882812e-01
6.556712388992309570e-01
6.435185074806213379e-01
6.467013955116271973e-01
6.562500000000000000e-01
6.504629254341125488e-01
6.588541865348815918e-01
6.669560074806213379e-01
6.600115299224853516e-01
6.669560074806213379e-01
6.675347685813903809e-01
6.831597685813903809e-01
6.799768805503845215e-01
6.750578880310058594e-01
6.906828284263610840e-01
7.054398059844970703e-01
6.814236044883728027e-01
7.010995745658874512e-01
6.912615299224853516e-01
6.999421119689941406e-01
6.932870745658874512e-01
7.083333134651184082e-01
7.019675374031066895e-01
7.167245745658874512e-01
7.123842239379882812e-01
7.230902314186096191e-01
7.115162014961242676e-01
7.170138359069824219e-01
7.167244553565979004e-01
7.309027314186096191e-01
7.332175374031066895e-01
7.303240299224853516e-01
7.236689925193786621e-01
7.375578880310058594e-01
7.280092835426330566e-01
7.337962985038757324e-01
7.378472685813903809e-01
7.349537014961242676e-01
7.505787014961242676e-01
7.407407760620117188e-01
7.531828880310058594e-01
7.517361044883728027e-01
7.543402314186096191e-01
7.560763359069824219e-01
7.497106194496154785e-01
7.572337985038757324e-01
7.578125000000000000e-01
7.592592239379882812e-01
7.520254254341125488e-01
7.460318207740783691e-01
7.509920001029968262e-01
7.457837462425231934e-01
7.564484477043151855e-01
7.603340744972229004e-01
7.604165673255920410e-01
7.617394328117370605e-01
7.678571343421936035e-01
7.735614776611328125e-01
7.756282091140747070e-01
7.790178656578063965e-01
7.809193134307861328e-01
7.812500000000000000e-01
7.862103581428527832e-01
7.887732386589050293e-01
7.882771492004394531e-01
7.929893732070922852e-01
7.996031641960144043e-01
8.004299402236938477e-01
7.997685670852661133e-01
8.029927015304565430e-01
8.024966716766357422e-01
8.115905523300170898e-01
8.090277314186096191e-01
8.148148655891418457e-01
8.148976564407348633e-01
8.137401342391967773e-01
8.152281641960144043e-01
8.149800896644592285e-01
8.211804628372192383e-01
8.230820894241333008e-01
8.244873881340026855e-01
8.309357762336730957e-01
8.254795074462890625e-01
8.281250000000000000e-01
8.301917314529418945e-01
8.379629850387573242e-01
8.325066566467285156e-01
8.341600298881530762e-01
8.421791791915893555e-01
8.414351940155029297e-01
8.404431939125061035e-01
8.395336866378784180e-01
8.411872386932373047e-01
8.450726866722106934e-01
8.490409851074218750e-01
8.459822535514831543e-01
8.463128209114074707e-01
8.476356267929077148e-01
8.548278808593750000e-01
8.545800447463989258e-01
8.487930297851562500e-01
8.558200597763061523e-01
8.543321490287780762e-01
8.561507463455200195e-01
8.570601344108581543e-01
8.587136864662170410e-01
8.628472089767456055e-01
8.625991344451904297e-01
8.631778955459594727e-01
8.658234477043151855e-01
8.662368059158325195e-01
8.640873432159423828e-01
