2.766985595226287842e-01
2.676075100898742676e-01
2.572297453880310059e-01
2.511045634746551514e-01
2.488947659730911255e-01
2.438322901725769043e-01
2.363361269235610962e-01
2.325998544692993164e-01
2.326235324144363403e-01
2.304296344518661499e-01
2.268541604280471802e-01
2.226100414991378784e-01
2.212612479925155640e-01
2.144706398248672485e-01
2.214545160531997681e-01
2.136534303426742554e-01
2.188891917467117310e-01
2.095500379800796509e-01
2.110452651977539062e-01
2.081953287124633789e-01
2.082971185445785522e-01
2.051459699869155884e-01
2.039401680231094360e-01
1.989728659391403198e-01
2.002859264612197876e-01
2.033832520246505737e-01
1.980439573526382446e-01
1.890725344419479370e-01
1.980912238359451294e-01
1.886756420135498047e-01
1.907420903444290161e-01
1.949921995401382446e-01
1.926967948675155640e-01
1.888485699892044067e-01
1.887397021055221558e-01
1.857533901929855347e-01
1.854396611452102661e-01
1.808364242315292358e-01
1.861099749803543091e-01
1.812317371368408203e-01
1.821610331535339355e-01
1.781189590692520142e-01
1.769069880247116089e-01
1.770494729280471802e-01
1.763775795698165894e-01
1.734897047281265259e-01
1.759629249572753906e-01
1.748468130826950073e-01
1.729797869920730591e-01
1.748901456594467163e-01
1.675337105989456177e-01
1.709178686141967773e-01
1.698523163795471191e-01
1.688323020935058594e-01
1.728360503911972046e-01
1.634988039731979370e-01
1.682156324386596680e-01
1.657349318265914917e-01
1.642311215400695801e-01
1.676819324493408203e-01
1.686865091323852539e-01
1.648060381412506104e-01
1.642943471670150757e-01
1.649866402149200439e-01
1.620319187641143799e-01
1.579650640487670898e-01
1.588573008775711060e-01
1.569222658872604370e-01
1.561188399791717529e-01
1.525649726390838623e-01
1.527998745441436768e-01
1.491307020187377930e-01
1.482844650745391846e-01
1.488593518733978271e-01
1.476698219776153564e-01
1.449348777532577515e-01
1.452377736568450928e-01
1.433466970920562744e-01
1.414901763200759888e-01
1.426303833723068237e-01
1.393083781003952026e-01
1.379641294479370117e-01
1.404900997877120972e-01
1.349535435438156128e-01
1.365459263324737549e-01
1.348440945148468018e-01
1.354003846645355225e-01
1.332680881023406982e-01
1.330668330192565918e-01
1.342140138149261475e-01
1.308834999799728394e-01
1.279021650552749634e-01
1.257359683513641357e-01
1.226925477385520935e-01
1.274987161159515381e-01
1.249067559838294983e-01
1.231239661574363708e-01
1.215948686003684998e-01
1.234160587191581726e-01
1.211544349789619446e-01
1.179197654128074646e-01
1.172391250729560852e-01
1.178935393691062927e-01
1.186943948268890381e-01
1.169358864426612854e-01
1.154001653194427490e-01
1.145476624369621277e-01
1.155355349183082581e-01
1.142109036445617676e-01
1.138052567839622498e-01
1.108748763799667358e-01
1.115810200572013855e-01
1.113644540309906006e-01
1.115706786513328552e-01
1.089599728584289551e-01
1.078972220420837402e-01
1.076162457466125488e-01
1.061409637331962585e-01
1.058511063456535339e-01
1.039636507630348206e-01
1.058895438909530640e-01
1.039150357246398926e-01
1.046023815870285034e-01
1.064158529043197632e-01
