5.825441479682922363e-01
6.257575750350952148e-01
6.493371725082397461e-01
6.668875813484191895e-01
6.829228997230529785e-01
6.988320350646972656e-01
7.106376886367797852e-01
7.244318127632141113e-01
7.365214228630065918e-01
7.433713078498840332e-01
7.568181753158569336e-01
7.657827734947204590e-01
7.786300182342529297e-01
7.862373590469360352e-01
7.997789382934570312e-01
8.076389431953430176e-01
8.153725266456604004e-01
8.249999284744262695e-01
8.389837145805358887e-01
8.455177545547485352e-01
8.571023344993591309e-01
8.666034936904907227e-01
8.764518499374389648e-01
8.863005042076110840e-01
8.928661942481994629e-01
9.012311697006225586e-01
9.071338176727294922e-01
9.159722924232482910e-01
9.248107075691223145e-01
9.299558401107788086e-01
9.336490035057067871e-01
9.432134628295898438e-01
9.476325511932373047e-01
9.530619382858276367e-01
9.577335715293884277e-01
9.611427783966064453e-01
9.650251865386962891e-01
9.673608541488647461e-01
9.715592265129089355e-01
9.739584326744079590e-01
9.755050539970397949e-01
9.783143401145935059e-01
9.801136255264282227e-01
9.826072454452514648e-01
9.823234081268310547e-01
9.832700490951538086e-01
9.837437272071838379e-01
9.841538071632385254e-01
9.847220778465270996e-01
9.863004088401794434e-01
9.868054389953613281e-01
9.868055582046508789e-01
9.863634109497070312e-01
9.877209067344665527e-01
9.877839088439941406e-01
9.880366921424865723e-01
9.880050420761108398e-01
9.886044859886169434e-01
9.892042875289916992e-01
9.882889986038208008e-01
9.884786009788513184e-01
9.874684214591979980e-01
9.878786206245422363e-01
9.891096353530883789e-01
9.881312847137451172e-01
9.880681633949279785e-01
9.887626171112060547e-01
9.887623190879821777e-01
9.883836507797241211e-01
9.880365729331970215e-01
9.885731935501098633e-01
9.891412854194641113e-01
9.884151816368103027e-01
9.884154796600341797e-01
9.897726774215698242e-01
9.881310462951660156e-01
9.897091984748840332e-01
9.892045259475708008e-01
9.886046051979064941e-01
9.888886809349060059e-01
9.895833134651184082e-01
9.889835119247436523e-01
9.903723001480102539e-01
9.896779656410217285e-01
9.893621802330017090e-01
9.897726774215698242e-01
9.901512265205383301e-01
9.897726178169250488e-01
9.896777868270874023e-01
9.902147054672241211e-01
9.896461963653564453e-01
9.890466928482055664e-01
9.899622201919555664e-01
9.897095561027526855e-01
9.892044663429260254e-01
9.894253015518188477e-01
9.899619817733764648e-01
9.892675876617431641e-01
9.892675280570983887e-01
9.889519214630126953e-01
9.614682197570800781e-01
9.648014903068542480e-01
9.653271436691284180e-01
9.653173089027404785e-01
9.651387929916381836e-01
9.646627306938171387e-01
9.655162096023559570e-01
9.650396704673767090e-01
9.646229743957519531e-01
9.651194810867309570e-01
9.636903405189514160e-01
9.652084112167358398e-01
9.647424221038818359e-01
9.639483690261840820e-01
9.655950665473937988e-01
9.654958844184875488e-01
9.649605751037597656e-01
9.656547904014587402e-01
9.655258655548095703e-01
9.663689136505126953e-01
9.647024273872375488e-01
9.652282595634460449e-01
9.659723043441772461e-01
9.655852317810058594e-01
9.649801850318908691e-01
9.659223556518554688e-01
9.660716652870178223e-01
9.651189446449279785e-01
9.658532738685607910e-01
9.658033847808837891e-01
9.658828377723693848e-01
9.665771722793579102e-01
9.655358195304870605e-01
9.652479887008666992e-01
9.657440185546875000e-01
9.664482474327087402e-01
9.662000536918640137e-01
9.661705493927001953e-01
9.665573835372924805e-01
9.673313498497009277e-01
9.670733809471130371e-01
9.673115015029907227e-01
9.667362570762634277e-01
9.672815799713134766e-01
9.661310911178588867e-01
9.672422409057617188e-01
9.667360782623291016e-01
9.675891995429992676e-01
9.665080904960632324e-01
9.674804806709289551e-01
9.679361581802368164e-01
9.678176641464233398e-01
9.687300920486450195e-01
9.678174853324890137e-01
9.682046771049499512e-01
9.680851697921752930e-01
9.679068326950073242e-01
9.679363965988159180e-01
9.680458307266235352e-01
9.687002897262573242e-01
9.681352972984313965e-01
9.691665172576904297e-01
9.685615897178649902e-01
9.689084291458129883e-01
9.690977334976196289e-01
9.686707258224487305e-01
9.693554639816284180e-01
9.694344401359558105e-01
9.690472483634948730e-01
9.699599146842956543e-01
9.704267382621765137e-01
9.699207544326782227e-01
9.690178632736206055e-01
9.696331024169921875e-01
