6.577414870262145996e-01
7.447050213813781738e-01
7.854482531547546387e-01
8.110636472702026367e-01
8.291271328926086426e-01
8.463541269302368164e-01
8.566524386405944824e-01
8.680240511894226074e-01
8.762627243995666504e-01
8.836490511894226074e-01
8.910273313522338867e-01
8.964645862579345703e-01
9.012153744697570801e-01
9.046875238418579102e-01
9.098484516143798828e-01
9.131707549095153809e-01
9.165642261505126953e-01
9.201311469078063965e-01
9.216459393501281738e-01
9.254498481750488281e-01
9.271779060363769531e-01
9.284800887107849121e-01
9.316920042037963867e-01
9.331359267234802246e-01
9.332228899002075195e-01
9.342092275619506836e-01
9.372950196266174316e-01
9.386600852012634277e-01
9.401753544807434082e-01
9.406090974807739258e-01
9.428110122680664062e-01
9.440417885780334473e-01
9.439079165458679199e-01
9.447047710418701172e-01
9.463934302330017090e-01
9.471433758735656738e-01
9.475460648536682129e-01
9.484691023826599121e-01
9.486898779869079590e-01
9.485559463500976562e-01
9.507577419281005859e-01
9.503865242004394531e-01
9.511204361915588379e-01
9.516651630401611328e-01
9.524070024490356445e-01
9.528724551200866699e-01
9.526984691619873047e-01
9.532432556152343750e-01
9.517045617103576660e-01
9.535986185073852539e-01
9.539772272109985352e-01
9.544902443885803223e-01
9.551687240600585938e-01
9.555634260177612305e-01
9.543088674545288086e-01
9.553897380828857422e-01
9.553030133247375488e-01
9.551295638084411621e-01
9.555476307868957520e-01
9.551607370376586914e-01
9.559656977653503418e-01
9.554136395454406738e-01
9.570864439010620117e-01
9.556818008422851562e-01
9.570706486701965332e-01
9.566682577133178711e-01
9.567074775695800781e-01
9.566839933395385742e-01
9.565496444702148438e-01
9.568889737129211426e-01
9.570706486701965332e-01
9.561236500740051270e-01
9.558714032173156738e-01
9.565972089767456055e-01
9.565812945365905762e-01
9.567074179649353027e-01
9.571338295936584473e-01
9.563449025154113770e-01
9.306574463844299316e-01
9.320467710494995117e-01
9.328150153160095215e-01
9.330233931541442871e-01
9.332169890403747559e-01
9.322995543479919434e-01
9.326593279838562012e-01
9.323562383651733398e-01
9.329563975334167480e-01
9.334773421287536621e-01
9.326059222221374512e-01
9.337202906608581543e-01
9.332066178321838379e-01
9.325417876243591309e-01
9.333829879760742188e-01
9.337175488471984863e-01
9.335991740226745605e-01
9.334722757339477539e-01
9.337002038955688477e-01
9.332119226455688477e-01
9.338635206222534180e-01
9.333603382110595703e-01
9.345264434814453125e-01
9.333011507987976074e-01
9.337574839591979980e-01
9.340775012969970703e-01
9.334102869033813477e-01
9.333110451698303223e-01
9.343177080154418945e-01
9.334027767181396484e-01
9.344495534896850586e-01
9.347323775291442871e-01
9.345664978027343750e-01
9.345706701278686523e-01
9.341324567794799805e-01
9.343928098678588867e-01
9.340801239013671875e-01
9.341942667961120605e-01
9.345586299896240234e-01
9.353523254394531250e-01
9.353739619255065918e-01
9.352804422378540039e-01
9.341219663619995117e-01
9.343028068542480469e-01
9.341594576835632324e-01
9.350150227546691895e-01
9.356374740600585938e-01
9.353938698768615723e-01
9.350870847702026367e-01
9.351981878280639648e-01
9.353321194648742676e-01
9.357763528823852539e-01
9.360786676406860352e-01
9.353175759315490723e-01
9.356766343116760254e-01
9.352552890777587891e-01
9.360169172286987305e-01
9.356943964958190918e-01
