6.971457300000110990e+00
1.146064560000013444e+01
1.608413699999982782e+01
2.091370289999986198e+01
2.555670370000007097e+01
3.023738689999981943e+01
3.496612879999975121e+01
3.956057499999997162e+01
4.394998009999972055e+01
4.902997640000012325e+01
5.337260359999982029e+01
5.829934800000000905e+01
6.274816269999973883e+01
6.781091430000014952e+01
7.251030839999975797e+01
7.726091679999990447e+01
8.178871509999999034e+01
8.640325510000002396e+01
9.108155200000010154e+01
9.569481619999987743e+01
1.003344796000001224e+02
1.050829739999999219e+02
1.097340881000000081e+02
1.144661584000000403e+02
1.190312223999999333e+02
1.238663861999998517e+02
1.283229415999999219e+02
1.332462747999998101e+02
1.377936411999999109e+02
1.424099287999997614e+02
1.472514040000000932e+02
1.518787744999999632e+02
1.565145428999999240e+02
1.612443914999998924e+02
1.659324551999998221e+02
1.707023498999997173e+02
1.754924130999997942e+02
1.800696930999997676e+02
1.846778691999998046e+02
1.894381315999999060e+02
1.946600794000000860e+02
1.993084238999999798e+02
2.038887727000001178e+02
2.087206714999997530e+02
2.133972033000000010e+02
2.182118756999998368e+02
2.228358549999998104e+02
2.272620096999999078e+02
2.322857100000001083e+02
2.369211946999998872e+02
2.416339499999999134e+02
2.465237339000000247e+02
2.511132921999997052e+02
2.558847485999999662e+02
2.606456042999998317e+02
2.652403432000000976e+02
2.699543371999998271e+02
2.748006440999997722e+02
2.794621022999999695e+02
2.842205221999997775e+02
2.890447113000000172e+02
2.938108615000001009e+02
2.985737868000001072e+02
3.032538848999997754e+02
3.079907032000000981e+02
3.127093878999999106e+02
3.175824081999999180e+02
3.223129946999997628e+02
3.270653168999997433e+02
3.318371210000000247e+02
3.366342552000000978e+02
3.414606006999997589e+02
3.463551001000000724e+02
3.507745796999997765e+02
3.557635854999998628e+02
3.606425559999997859e+02
3.653921015000000807e+02
3.699175513999998657e+02
3.750962221999998292e+02
3.798583376000001408e+02
3.846598202999998648e+02
3.895990308999998888e+02
3.949939719999997578e+02
3.997375177999997504e+02
4.046143785999997817e+02
4.093760647999997673e+02
4.142427394999999706e+02
4.191048504999998841e+02
4.238984182999997756e+02
4.287776146000001063e+02
4.336393205999997917e+02
4.384789880999996967e+02
4.432442086000000927e+02
4.480650925999998435e+02
4.528969535000001088e+02
4.577202788999998120e+02
4.626383021000001463e+02
4.673609286000000793e+02
4.721528137999998762e+02
4.767791438999997808e+02
4.887847065000000839e+02
5.007564733999997770e+02
5.129328944999997475e+02
5.252667814000001272e+02
5.372718638000001192e+02
5.493518282999998519e+02
5.613985352999998213e+02
5.732274237000001449e+02
5.854427550000000338e+02
5.975272156000000905e+02
6.095507996000001185e+02
6.223799644000000626e+02
6.343770970000000489e+02
6.463527365999998437e+02
6.582672155999998722e+02
6.705315525999999409e+02
6.824478060999999798e+02
6.945988133999999263e+02
7.068350648999999066e+02
7.186732380999997076e+02
7.306182294000000184e+02
7.426153885999997328e+02
7.544142899999997098e+02
7.664381052999997337e+02
7.784248712999997224e+02
7.904827196999999614e+02
8.027207988999998634e+02
8.146793008999998165e+02
8.277287857000001168e+02
8.400573110999998789e+02
8.526674281999999039e+02
8.654563370999999279e+02
8.779871961999997438e+02
8.901535843000001478e+02
9.027828282000000399e+02
9.148127024000000347e+02
9.270029595000000882e+02
9.396001284999997551e+02
9.514853954999998678e+02
9.649317178000001149e+02
9.792683291999996982e+02
9.921825632999998561e+02
1.005236716500000057e+03
1.017877023300000019e+03
1.030875959800000146e+03
1.043541061599999921e+03
1.056429669000000104e+03
1.069659883199999967e+03
1.082626967799999875e+03
1.095578731900000093e+03
1.108372932799999944e+03
1.120939982599999894e+03
1.133355691400000069e+03
1.146600027200000113e+03
1.159562987400000111e+03
