4.978781044483184814e-01
4.984889328479766846e-01
5.048868656158447266e-01
5.084555149078369141e-01
5.099987387657165527e-01
5.121849179267883301e-01
5.154642462730407715e-01
5.190328955650329590e-01
5.159465074539184570e-01
5.206725597381591797e-01
5.214442014694213867e-01
5.206404328346252441e-01
5.282278656959533691e-01
5.278421044349670410e-01
5.250128507614135742e-01
5.265560746192932129e-01
5.311214327812194824e-01
5.307677388191223145e-01
5.333719253540039062e-01
5.323752760887145996e-01
5.370691418647766113e-01
5.420203804969787598e-01
5.380659103393554688e-01
5.401234626770019531e-01
5.414738059043884277e-01
5.429526567459106445e-01
5.430812239646911621e-01
5.470357537269592285e-01
5.481931567192077637e-01
5.491254329681396484e-01
5.495434403419494629e-01
5.528870820999145508e-01
5.509902238845825195e-01
5.522441267967224121e-01
5.525012612342834473e-01
5.554590821266174316e-01
5.546231865882873535e-01
5.570343732833862305e-01
5.579989552497863770e-01
5.579668879508972168e-01
5.569058656692504883e-01
5.613104701042175293e-01
5.592206120491027832e-01
5.631108283996582031e-01
5.611819028854370117e-01
5.613425374031066895e-01
5.626286268234252930e-01
5.643326044082641602e-01
5.632715821266174316e-01
5.651041865348815918e-01
5.681263208389282227e-01
5.690264701843261719e-01
5.657793283462524414e-01
5.706983208656311035e-01
5.694766044616699219e-01
5.706017613410949707e-01
5.675154328346252441e-01
5.710520148277282715e-01
5.693158507347106934e-01
5.752636194229125977e-01
5.769997835159301758e-01
5.735275149345397949e-01
5.748777985572814941e-01
5.772247910499572754e-01
5.768067836761474609e-01
5.811150074005126953e-01
5.742348432540893555e-01
5.802790522575378418e-01
5.772247910499572754e-01
5.808898806571960449e-01
5.783822536468505859e-01
5.792181491851806641e-01
5.807613730430603027e-01
5.830439329147338867e-01
5.868698954582214355e-01
5.841371417045593262e-01
5.851658582687377930e-01
5.827867984771728516e-01
5.859053730964660645e-01
5.866447687149047852e-01
5.809863209724426270e-01
5.864197611808776855e-01
5.876093506813049316e-01
5.875451564788818359e-01
5.860339403152465820e-01
5.921745896339416504e-01
5.856481194496154785e-01
5.877700448036193848e-01
5.911778807640075684e-01
5.907278656959533691e-01
5.937178730964660645e-01
5.923997163772583008e-01
5.921424627304077148e-01
5.927212834358215332e-01
5.846205353736877441e-01
5.836926102638244629e-01
5.870947837829589844e-01
5.874043107032775879e-01
5.918442606925964355e-01
5.908464789390563965e-01
5.944684743881225586e-01
5.925526022911071777e-01
5.952567458152770996e-01
5.962743163108825684e-01
5.964739322662353516e-01
5.984694957733154297e-01
5.981502532958984375e-01
6.003951430320739746e-01
6.005247235298156738e-01
6.016623377799987793e-01
6.040867567062377930e-01
6.062918901443481445e-01
6.048350334167480469e-01
6.067507863044738770e-01
6.070401668548583984e-01
6.079381108283996582e-01
6.110910177230834961e-01
6.086367964744567871e-01
6.122385859489440918e-01
6.126676201820373535e-01
6.136054396629333496e-01
6.140643954277038574e-01
6.147231459617614746e-01
6.163793206214904785e-01
6.154913306236267090e-01
6.172273755073547363e-01
6.181052923202514648e-01
6.182948350906372070e-01
6.211486458778381348e-01
6.210688948631286621e-01
6.216874122619628906e-01
6.236330270767211914e-01
6.234633922576904297e-01
6.246308684349060059e-01
6.238725185394287109e-01
6.246808171272277832e-01
6.271951794624328613e-01
6.280730366706848145e-01
6.286417841911315918e-01
6.279435157775878906e-01
6.310963630676269531e-01
6.307570338249206543e-01
6.313258409500122070e-01
6.318346858024597168e-01
6.314756274223327637e-01
6.343789100646972656e-01
6.332515478134155273e-01
6.360751390457153320e-01
6.355563998222351074e-01
6.383102536201477051e-01
6.373720765113830566e-01
6.382104754447937012e-01
6.386593580245971680e-01
6.394475698471069336e-01
6.394775509834289551e-01
6.418721675872802734e-01
6.421118378639221191e-01
6.421817541122436523e-01
6.437280774116516113e-01
6.445362567901611328e-01
6.452845931053161621e-01
6.435484886169433594e-01
6.445262432098388672e-01
6.449053883552551270e-01
6.478589177131652832e-01
6.479985713958740234e-01
6.460428237915039062e-01
6.490062475204467773e-01
6.486071348190307617e-01
6.506825089454650879e-01
6.523287296295166016e-01
6.505327224731445312e-01
6.540248990058898926e-01
6.534963250160217285e-01
6.526581048965454102e-01
6.529473662376403809e-01
6.527977585792541504e-01
6.532567143440246582e-01
6.558110117912292480e-01
6.551025509834289551e-01
6.563498973846435547e-01
6.555814146995544434e-01
6.594628691673278809e-01
6.603207588195800781e-01
6.582156419754028320e-01
6.602211594581604004e-01
6.610192656517028809e-01
6.609295606613159180e-01
6.606799960136413574e-01
6.606801152229309082e-01
6.639027595520019531e-01
6.623164415359497070e-01
6.617278456687927246e-01
6.657887697219848633e-01
