2.897179424762725830e-01
2.877771556377410889e-01
2.857259511947631836e-01
2.851402759552001953e-01
2.837891578674316406e-01
2.825159430503845215e-01
2.818189561367034912e-01
2.800470590591430664e-01
2.805098295211791992e-01
2.792517244815826416e-01
2.786641716957092285e-01
2.787760496139526367e-01
2.764056324958801270e-01
2.759593427181243896e-01
2.764083445072174072e-01
2.748815119266510010e-01
2.746954262256622314e-01
2.736157178878784180e-01
2.732757627964019775e-01
2.725036740303039551e-01
2.711572647094726562e-01
2.699922025203704834e-01
2.702315151691436768e-01
2.698829174041748047e-01
2.690309882164001465e-01
2.690595984458923340e-01
2.686564922332763672e-01
2.675752043724060059e-01
2.667594552040100098e-01
2.661690115928649902e-01
2.668206393718719482e-01
2.652730941772460938e-01
2.644188404083251953e-01
2.654054462909698486e-01
2.647619843482971191e-01
2.628408968448638916e-01
2.634179592132568359e-01
2.632504999637603760e-01
2.624283730983734131e-01
2.623472213745117188e-01
2.620896697044372559e-01
2.614467740058898926e-01
2.609283030033111572e-01
2.596086859703063965e-01
2.618595659732818604e-01
2.596600949764251709e-01
2.592068910598754883e-01
2.593955397605895996e-01
2.590865194797515869e-01
2.587230503559112549e-01
2.591187655925750732e-01
2.574076056480407715e-01
2.577644884586334229e-01
2.562731504440307617e-01
2.563130259513854980e-01
2.563908100128173828e-01
2.566321194171905518e-01
2.564058899879455566e-01
2.558511793613433838e-01
2.545065581798553467e-01
2.539688348770141602e-01
2.541609406471252441e-01
2.544983029365539551e-01
2.534368336200714111e-01
2.541686892509460449e-01
2.522032260894775391e-01
2.525694072246551514e-01
2.516770958900451660e-01
2.527580559253692627e-01
2.515605688095092773e-01
2.519069314002990723e-01
2.513879537582397461e-01
2.509660124778747559e-01
2.496709972620010376e-01
2.495848685503005981e-01
2.505854368209838867e-01
2.507693469524383545e-01
2.506350576877593994e-01
2.497749924659729004e-01
2.493170499801635742e-01
2.500993311405181885e-01
2.477542012929916382e-01
2.482412606477737427e-01
2.483505010604858398e-01
2.479422539472579956e-01
2.476798146963119507e-01
2.483296990394592285e-01
2.476567625999450684e-01
2.457453459501266479e-01
2.459059953689575195e-01
2.458210289478302002e-01
2.451952248811721802e-01
2.459882944822311401e-01
2.464025467634201050e-01
2.367409169673919678e-01
2.368459850549697876e-01
2.357003241777420044e-01
2.349146753549575806e-01
2.341320365667343140e-01
2.341634631156921387e-01
2.331503331661224365e-01
2.325361818075180054e-01
2.319286316633224487e-01
2.313097864389419556e-01
2.310838103294372559e-01
2.304591685533523560e-01
2.295730262994766235e-01
2.297926694154739380e-01
2.293498218059539795e-01
2.285091429948806763e-01
2.279675155878067017e-01
2.276936471462249756e-01
2.268067747354507446e-01
2.265794277191162109e-01
2.258829325437545776e-01
2.253842204809188843e-01
2.250743061304092407e-01
2.250750511884689331e-01
2.238841205835342407e-01
2.234878391027450562e-01
2.228501439094543457e-01
2.226535975933074951e-01
2.222766727209091187e-01
2.214269936084747314e-01
2.210414260625839233e-01
2.207708954811096191e-01
2.207760214805603027e-01
2.202915549278259277e-01
2.196760326623916626e-01
2.192031890153884888e-01
2.191132754087448120e-01
2.179544121026992798e-01
2.176721692085266113e-01
2.170204222202301025e-01
2.173331081867218018e-01
2.170619964599609375e-01
2.166298180818557739e-01
2.156834155321121216e-01
2.158981412649154663e-01
2.157442569732666016e-01
2.144710272550582886e-01
2.145883589982986450e-01
2.141183614730834961e-01
2.134202718734741211e-01
2.135883271694183350e-01
2.128224819898605347e-01
2.125760465860366821e-01
2.117344439029693604e-01
2.113692462444305420e-01
2.109787315130233765e-01
2.106274366378784180e-01
2.102669030427932739e-01
2.097080051898956299e-01
2.091613709926605225e-01
2.097521573305130005e-01
2.089438885450363159e-01
2.080842405557632446e-01
2.084061205387115479e-01
2.079182118177413940e-01
2.074401676654815674e-01
2.069438248872756958e-01
2.074050456285476685e-01
2.066315561532974243e-01
2.068853527307510376e-01
2.057657837867736816e-01
2.054519206285476685e-01
2.052377313375473022e-01
2.049739658832550049e-01
2.046040892601013184e-01
2.041362822055816650e-01
2.035360634326934814e-01
2.037338167428970337e-01
2.028247863054275513e-01
2.030546665191650391e-01
2.029342651367187500e-01
2.025253921747207642e-01
2.019376009702682495e-01
2.019137889146804810e-01
2.016973644495010376e-01
2.013706713914871216e-01
2.007042020559310913e-01
2.007570862770080566e-01
2.002181112766265869e-01
1.996064186096191406e-01
1.996295899152755737e-01
1.991573274135589600e-01
1.992608457803726196e-01
1.985004842281341553e-01
1.984314918518066406e-01
1.979021728038787842e-01
1.976341009140014648e-01
1.978299766778945923e-01
1.972777247428894043e-01
1.971843391656875610e-01
