8.157436000001325738e+00
1.556990450000012061e+01
2.277800469999965571e+01
3.031162790000053064e+01
3.785684150000088266e+01
4.565414950000013050e+01
5.359781310000107624e+01
6.137998809999953664e+01
6.919143530000110331e+01
7.723127370000111114e+01
8.500675600000067789e+01
9.272838130000127421e+01
1.012008151000009093e+02
1.088975592999995570e+02
1.165674479000008432e+02
1.244892184000000270e+02
1.323714409000003798e+02
1.401487754999998288e+02
1.480098956000001635e+02
1.558626999000007345e+02
1.636558748000006744e+02
1.715466102999998839e+02
1.793706239000002824e+02
1.871464145000009012e+02
1.950937270000013086e+02
2.029383276999997179e+02
2.106213697000002867e+02
2.186811250999999174e+02
2.265496624999996129e+02
2.343715208000012353e+02
2.422819760000002134e+02
2.501892657000007603e+02
2.587027809000010166e+02
2.666208540999996330e+02
2.743700967000004312e+02
2.821938719000008859e+02
2.900848189000007551e+02
2.979992620000011811e+02
3.058571318000012980e+02
3.137590211000006093e+02
3.216639793000013015e+02
3.295335216000003129e+02
3.375247178000008716e+02
3.454398975000003702e+02
3.531869091999997181e+02
3.612414373999999953e+02
3.690815187999996851e+02
3.768525816000001214e+02
3.847480480000012903e+02
3.926592199999995501e+02
4.005317315000011149e+02
4.085597905000013270e+02
4.164370102000011684e+02
4.248536461000003328e+02
4.328911590000006981e+02
4.404263936999996076e+02
4.479886274000000412e+02
4.555793444999999338e+02
4.630131601000011869e+02
4.706904230000000098e+02
4.783325101000009454e+02
4.857849697000001470e+02
4.932427747000001546e+02
5.008338798000004317e+02
5.082328536000004533e+02
5.156479563000011694e+02
5.232954337000010128e+02
5.308415717999996559e+02
5.382053481000002648e+02
5.459166906999998901e+02
5.534122289000006276e+02
5.608491943000008177e+02
5.685101231000007829e+02
5.759894760000006499e+02
5.833984123999998701e+02
5.916500754000007873e+02
5.991951379000001907e+02
6.066604211000012583e+02
6.142976433000003453e+02
6.217635729000012361e+02
6.292321143000008306e+02
6.368548803000012413e+02
6.444065520000003744e+02
6.518191870000009658e+02
6.594290094000007230e+02
6.669989168000010977e+02
6.744476789000000281e+02
6.821595611000011559e+02
6.898057900000003428e+02
6.972803954000009981e+02
7.050034871999996540e+02
7.124489625000005617e+02
7.199566164000007120e+02
7.276062607000003482e+02
7.464722206999995251e+02
7.655463935999996465e+02
7.855778499999996711e+02
8.048414104000003135e+02
8.240410281000004034e+02
8.434097607000003336e+02
8.626328305000006367e+02
8.819025817000001553e+02
9.014791502999996737e+02
9.208475840000010066e+02
9.400295483999998396e+02
9.595991449000011926e+02
9.789630740000011428e+02
9.989323270000004413e+02
1.018742461100000583e+03
1.038472243399999570e+03
1.057943796200001088e+03
1.077548253400000249e+03
1.096999209900001006e+03
1.116383721100000912e+03
1.136051567800001067e+03
1.155496059299999615e+03
1.175003353800000696e+03
1.194652478800000608e+03
1.214689193100000921e+03
1.234249012600001151e+03
1.254095120100000713e+03
1.273583062300000165e+03
1.293374267999999574e+03
1.313325906199999736e+03
1.333157947800000329e+03
1.352756937500000276e+03
1.372767593700000361e+03
1.392423678700000892e+03
1.412079761500001041e+03
1.432541944300000978e+03
1.452259030500001245e+03
1.472006967400000576e+03
1.492027518400000190e+03
1.511855002000000241e+03
1.531700502800000322e+03
1.551616922999999588e+03
1.571441259600000194e+03
1.591362697399999888e+03
1.611443309600001157e+03
1.631516359999999622e+03
1.651641447600000902e+03
1.672479612700000871e+03
1.692791234399999666e+03
1.713095752000001085e+03
1.736035408300000199e+03
1.756441739300000336e+03
1.776502230600000985e+03
1.796731812300000456e+03
1.816998925600000803e+03
1.837242441300000792e+03
1.857789625100000194e+03
1.878152758199999880e+03
1.898860476600000766e+03
1.919256257000000915e+03
1.939482011800000691e+03
1.959678027400001156e+03
1.980045425500000420e+03
2.000392861000000266e+03
2.020716721599999801e+03
2.041213319100001172e+03
2.061504248700000971e+03
2.081941745400001309e+03
2.102399961299999632e+03
2.122630069300001196e+03
2.143830569499999910e+03
2.164261068300000261e+03
2.184733350599999540e+03
2.205072707000001174e+03
2.225587078100001236e+03
2.246026375000001281e+03
2.266412791900000229e+03
2.286923038500000985e+03
2.307332209000000148e+03
2.327785411599999861e+03
2.348298169499999858e+03
2.368765123200000744e+03
2.389037461500000063e+03
2.410345753999999943e+03
2.430750482000001284e+03
2.451165649000000485e+03
2.471699343300000692e+03
2.492237768300001335e+03
2.512866882800000894e+03
2.533687921300001108e+03
2.554386325299999953e+03
2.574770356099999844e+03
2.595810527900001034e+03
2.616424256199999945e+03
2.637203337000000829e+03
2.658061823300000469e+03
2.679486956000000646e+03
2.700362307999999757e+03
2.721371461700000509e+03
2.742164521599999716e+03
