8.719680399999560905e+00
1.704047790000004170e+01
2.520378320000054373e+01
3.384723839999969641e+01
4.208013860000028217e+01
5.020195099999909871e+01
5.851738590000059048e+01
6.687039729999924020e+01
7.507354579999991984e+01
8.339036630000009609e+01
9.169335280000086641e+01
9.973944619999929273e+01
1.080286042000007001e+02
1.162372954000002210e+02
1.242985767999998643e+02
1.330337770999994973e+02
1.417237249999998312e+02
1.502902450000001409e+02
1.590262803000005079e+02
1.676438080999996600e+02
1.761566509000003862e+02
1.848983250000001135e+02
1.934765721999992820e+02
2.022037622000007104e+02
2.108612443000001804e+02
2.194757482000004529e+02
2.281219359999995504e+02
2.369673043000002508e+02
2.457333784999991622e+02
2.542115883000005851e+02
2.628560665000004519e+02
2.713669107999994594e+02
2.796406592999992426e+02
2.881992324999991979e+02
2.966587159999999130e+02
3.050093747999999323e+02
3.133642323000003671e+02
3.214574981000005209e+02
3.294228100000000268e+02
3.374930096999996749e+02
3.454816090000003896e+02
3.533765516000003117e+02
3.617381156999999803e+02
3.697294017999993230e+02
3.779815880999994988e+02
3.865842303999997966e+02
3.950844197000005806e+02
4.033258901000008336e+02
4.118665402000005997e+02
4.202482070999994903e+02
4.286287974999995640e+02
4.371863102000006620e+02
4.455350569000001997e+02
4.537481934999996156e+02
4.622608842000008735e+02
4.707156496000006882e+02
4.789077677000004769e+02
4.876223372000004019e+02
4.958049614999999903e+02
5.041451911999993172e+02
5.124885818000002473e+02
5.208604806999992434e+02
5.290268529999993916e+02
5.375375318999995216e+02
5.460478817000002891e+02
5.542630212999993091e+02
5.624246729000005871e+02
5.703997562999993534e+02
5.782107591000003595e+02
5.861660597999998572e+02
5.940661445000005187e+02
6.021736115999992762e+02
6.100655834000008326e+02
6.179433403999992152e+02
6.256947173000007751e+02
6.336099358999999822e+02
6.415702368000002025e+02
6.493745412000007491e+02
6.572781187000000500e+02
6.653251746999994793e+02
6.731528347999992548e+02
6.812468241000005946e+02
6.895670523999997386e+02
6.976691171000002214e+02
7.059197980999997526e+02
7.140492794999991020e+02
7.223869107999998960e+02
7.307398269999994227e+02
7.389186633999997866e+02
7.471498737999991135e+02
7.553871739999995043e+02
7.634516020999999455e+02
7.715522070999995776e+02
7.796635421999999380e+02
7.873951147999996465e+02
7.950777904000005947e+02
8.030864600000004430e+02
8.112182919000006223e+02
8.191567778000007820e+02
8.274123077999993257e+02
8.475012043000006088e+02
8.676075779000002512e+02
8.875927415999994992e+02
9.076413214999993215e+02
9.274631876000003103e+02
9.475682579000003898e+02
9.669459862999992765e+02
9.863738040000007459e+02
1.006899687999999514e+03
1.026809052799999336e+03
1.046658301999999821e+03
1.066618555600000036e+03
1.086373243699999875e+03
1.105941193299999213e+03
1.125567005499999141e+03
1.145280695100000230e+03
1.165359084199999415e+03
1.185137905800000226e+03
1.204805285700000240e+03
1.224376067799999873e+03
1.244286508299999696e+03
1.264108675600000424e+03
1.283687925700000051e+03
1.304290221299999757e+03
1.324162371099999291e+03
1.343983175199999096e+03
1.363920889400000306e+03
1.384002015899999606e+03
1.403498115599999437e+03
1.422393813799999407e+03
1.441107946800000718e+03
1.460114546700000574e+03
1.479077296699999351e+03
1.497749356000000262e+03
1.516333366499999102e+03
1.535191690999999992e+03
1.553833663199999137e+03
1.572338152799999079e+03
1.591117123100000754e+03
1.610015166299999692e+03
1.628392724299999827e+03
1.647022819399999207e+03
1.665573559899999964e+03
1.684193047099999603e+03
1.702939780400000018e+03
1.721450449300000400e+03
1.739806832099999156e+03
1.758855273900000611e+03
1.777443676299999424e+03
1.795777628199999526e+03
1.814925448100000722e+03
1.834002780200000416e+03
1.852296662000000651e+03
1.873685395500000595e+03
1.894091728299999886e+03
1.913619030500000008e+03
1.932950760199999422e+03
1.951605785899999319e+03
1.970150933900000382e+03
1.989119083999999930e+03
2.007484177399999680e+03
2.025334452200000669e+03
2.044058033999999680e+03
2.062621710199999143e+03
2.081435050699999920e+03
2.100135283499999787e+03
2.118676017300000240e+03
2.137173100100000738e+03
2.155699371799999426e+03
2.173598642599999948e+03
2.191405376500000784e+03
2.209415880000000470e+03
2.227744333099999494e+03
2.245428752499999973e+03
2.263319702799999504e+03
2.281278781499999241e+03
2.299144934399999329e+03
2.317051225799999884e+03
2.334952765300000465e+03
2.352622960999999123e+03
2.370729656400000749e+03
2.388444315299999289e+03
2.406044845200000054e+03
2.424048579899999822e+03
2.441925928099999510e+03
2.459572696100000030e+03
2.477560677299999952e+03
2.495485089600000720e+03
2.513463755599999786e+03
2.531358721299999161e+03
2.549115285699999731e+03
2.566858311699999831e+03
2.584981976400000349e+03
2.603037213400000837e+03
2.620835625899999286e+03
2.638894524900000761e+03
2.656771182399999816e+03
2.674744176599999264e+03
2.693131891999999425e+03
2.711014157999999952e+03
