5.142110586166381836e-02
4.616981372237205505e-02
4.618582874536514282e-02
4.617873206734657288e-02
4.617617651820182800e-02
4.618256911635398865e-02
4.621415212750434875e-02
4.429596662521362305e-02
4.407066479325294495e-02
4.401971399784088135e-02
4.391902312636375427e-02
2.995148859918117523e-02
1.644462347030639648e-02
1.259018201380968094e-02
8.443428203463554382e-03
6.114840041846036911e-03
5.047944374382495880e-03
4.097052384167909622e-03
3.701434703543782234e-03
3.286221763119101524e-03
3.170697018504142761e-03
2.888876944780349731e-03
2.608009846881031990e-03
2.512481994926929474e-03
2.381930127739906311e-03
2.301322296261787415e-03
2.155849942937493324e-03
2.105592051520943642e-03
1.983617665246129036e-03
1.897334586828947067e-03
1.898293267004191875e-03
1.792157883755862713e-03
1.777304220013320446e-03
1.786119421012699604e-03
1.707599847577512264e-03
1.657990389503538609e-03
1.628057914786040783e-03
1.688210060819983482e-03
1.531073008663952351e-03
1.520703895948827267e-03
1.495039672590792179e-03
1.437424914911389351e-03
1.406303024850785732e-03
1.419829670339822769e-03
1.391759491525590420e-03
1.415884471498429775e-03
1.380696077831089497e-03
