4.908150061964988708e-02
4.630841314792633057e-02
4.624588787555694580e-02
4.624858871102333069e-02
4.612101614475250244e-02
1.485598925501108170e-02
6.379900965839624405e-03
2.454376546666026115e-03
1.547269406728446484e-03
1.099755172617733479e-03
1.010808744467794895e-03
9.406151948496699333e-04
8.236168068833649158e-04
8.667305228300392628e-04
7.629445171914994717e-04
7.707105251029133797e-04
5.842105019837617874e-04
7.081454969011247158e-04
7.408020319417119026e-04
6.994368159212172031e-04
6.904932088218629360e-04
6.318025989457964897e-04
5.645566852763295174e-04
8.006897405721247196e-04
4.562732763588428497e-03
2.811564132571220398e-03
2.374109812080860138e-03
2.122947247698903084e-03
1.993729034438729286e-03
1.855636131949722767e-03
1.775095588527619839e-03
1.673099468462169170e-03
1.596284913830459118e-03
1.560434233397245407e-03
1.530332956463098526e-03
1.491092494688928127e-03
1.464121160097420216e-03
1.391941914334893227e-03
1.386315096169710159e-03
1.327682170085608959e-03
1.281619537621736526e-03
1.308280392549932003e-03
1.294541987590491772e-03
1.262348261661827564e-03
1.247889013029634953e-03
1.241303165443241596e-03
1.210336689837276936e-03
1.225715968757867813e-03
1.171191106550395489e-03
1.207368448376655579e-03
1.163485576398670673e-03
1.191050163470208645e-03
1.175336539745330811e-03
