1.636204519999955664e+01
3.089782669999840437e+01
4.549153889999797684e+01
6.010867299999881652e+01
7.470403509999960079e+01
8.930346980000103940e+01
1.044246431999999913e+02
1.190129182999990007e+02
1.335354117999995651e+02
1.481123483000010310e+02
1.627017073999995773e+02
1.772769772999999986e+02
1.918602258999999322e+02
2.064656570000006468e+02
2.210380715999999666e+02
2.355998971000008169e+02
2.501631663000007393e+02
2.647471394999993208e+02
2.793143457000005583e+02
2.939037363999996160e+02
3.084971655000008468e+02
3.230337374000009731e+02
3.376052540999990015e+02
3.521833664999976463e+02
3.970593889999981911e+02
4.419628626000012446e+02
4.869292978999983461e+02
5.319597644999994372e+02
5.768964505000003555e+02
6.217807671999980812e+02
6.666266346000011254e+02
7.115102619999997842e+02
7.564256617999999435e+02
8.013276818999984243e+02
8.461269768999991356e+02
8.909987240999980713e+02
9.359183618999995815e+02
9.807897597999981372e+02
1.025642683199999738e+03
1.070513178000001062e+03
1.115366313200000150e+03
1.160256913099998201e+03
1.205156955200000084e+03
1.250113112799997907e+03
1.295115409400001226e+03
1.340030172200000379e+03
1.384912705599999754e+03
1.429761984000000666e+03
1.474666325199999847e+03
1.519590923499999917e+03
1.564456635299997288e+03
1.609340610699997342e+03
1.654320939199998975e+03
