8.800030946731567383e-01
8.844696879386901855e-01
8.842172026634216309e-01
8.838068842887878418e-01
8.840436935424804688e-01
8.839645981788635254e-01
8.842014670372009277e-01
8.838698863983154297e-01
8.845485448837280273e-01
8.840437531471252441e-01
8.842645287513732910e-01
8.840594291687011719e-01
8.832545876502990723e-01
8.660316467285156250e-01
8.656992912292480469e-01
8.661856651306152344e-01
8.655259609222412109e-01
8.659027814865112305e-01
8.655453920364379883e-01
8.657644391059875488e-01
8.665224909782409668e-01
8.660914897918701172e-01
8.659669756889343262e-01
8.662252426147460938e-01
8.662300109863281250e-01
8.653523325920104980e-01
8.663939833641052246e-01
8.659172654151916504e-01
