7.544405758380889893e-02
7.485129684209823608e-02
7.481410354375839233e-02
7.479911297559738159e-02
7.477340847253799438e-02
7.484591007232666016e-02
7.487558573484420776e-02
7.485325634479522705e-02
7.492490857839584351e-02
7.475554198026657104e-02
7.470254600048065186e-02
7.470868527889251709e-02
7.485771924257278442e-02
8.008077740669250488e-02
8.002294600009918213e-02
8.007907122373580933e-02
7.995927333831787109e-02
8.010442554950714111e-02
8.015134930610656738e-02
8.011761307716369629e-02
8.007470518350601196e-02
8.002240210771560669e-02
8.001560717821121216e-02
8.004588633775711060e-02
8.010897785425186157e-02
8.003091812133789062e-02
8.003491908311843872e-02
8.007443696260452271e-02
