8.776708841323852539e-01
8.723290562629699707e-01
8.808760046958923340e-01
8.883547186851501465e-01
8.862179517745971680e-01
8.755341768264770508e-01
8.632478713989257812e-01
8.771367669105529785e-01
8.723290562629699707e-01
8.744658231735229492e-01
8.856837749481201172e-01
8.723289966583251953e-01
8.637819886207580566e-01
8.840811848640441895e-01
8.723290562629699707e-01
8.621794581413269043e-01
8.648503422737121582e-01
8.819445371627807617e-01
8.680556416511535645e-01
8.712607622146606445e-01
8.888889551162719727e-01
8.531976938247680664e-01
8.493218421936035156e-01
8.551356196403503418e-01
8.493216633796691895e-01
8.467375040054321289e-01
8.525516390800476074e-01
8.556202054023742676e-01
8.470607399940490723e-01
8.561046719551086426e-01
8.533590435981750488e-01
8.510981798171997070e-01
8.530362248420715332e-01
