5.874049100000000578e+00
7.964921300000000315e+00
1.005503419999999970e+01
1.461760870000000168e+01
1.857470870000000218e+01
2.227294270000000154e+01
2.578641599999999912e+01
2.840586920000000148e+01
3.103898579999999896e+01
3.356166370000000398e+01
3.606690609999999708e+01
3.841352450000000118e+01
4.072400019999999898e+01
4.297614279999999809e+01
4.508589190000000002e+01
4.722402180000000271e+01
4.934601450000000256e+01
5.148480479999999915e+01
5.357830580000000253e+01
5.571662280000000322e+01
5.790321600000000046e+01
6.370063300000000339e+01
6.957202439999998944e+01
7.543650219999999251e+01
8.136922419999999079e+01
8.729293039999998882e+01
9.315631129999999871e+01
1.081527825999999948e+02
1.204544986999999878e+02
1.224880446999999890e+02
1.241295136999999897e+02
1.257434191999999911e+02
1.275381911999999858e+02
