9.134114384651184082e-01
9.266926050186157227e-01
9.268228411674499512e-01
9.236110448837280273e-01
9.320312738418579102e-01
9.252604246139526367e-01
9.279513359069824219e-01
9.211371541023254395e-01
9.378037452697753906e-01
9.379339218139648438e-01
9.387153387069702148e-01
9.402774572372436523e-01
9.453125000000000000e-01
9.467446208000183105e-01
9.460937380790710449e-01
9.328125119209289551e-01
9.377170801162719727e-01
9.417969584465026855e-01
9.500867724418640137e-01
9.373263120651245117e-01
9.569879770278930664e-01
9.570745229721069336e-01
9.573785662651062012e-01
9.573351144790649414e-01
9.586371183395385742e-01
9.603732228279113770e-01
9.575520753860473633e-01
9.590277671813964844e-01
9.586370587348937988e-01
9.582464098930358887e-01
9.596787691116333008e-01
9.567275047302246094e-01
9.604601860046386719e-01
9.601995348930358887e-01
9.595486521720886230e-01
9.627603292465209961e-01
9.608072042465209961e-01
9.643228650093078613e-01
9.646700620651245117e-01
9.641926884651184082e-01
9.648872613906860352e-01
9.647569656372070312e-01
9.605467915534973145e-01
9.659722447395324707e-01
9.644096493721008301e-01
9.624565839767456055e-01
9.637587666511535645e-01
9.652778506278991699e-01
9.603735208511352539e-01
9.190443158149719238e-01
9.351128339767456055e-01
9.408683180809020996e-01
9.415196180343627930e-01
9.453595876693725586e-01
9.452934861183166504e-01
9.463508725166320801e-01
9.475392699241638184e-01
9.484918713569641113e-01
9.472848773002624512e-01
9.496622681617736816e-01
9.493510127067565918e-01
9.494829773902893066e-01
9.479450583457946777e-01
9.497001767158508301e-01
9.499263763427734375e-01
9.513037204742431641e-01
9.526530504226684570e-01
9.530305266380310059e-01
9.539085030555725098e-01
9.525966048240661621e-01
9.519170522689819336e-01
9.530590176582336426e-01
9.534363150596618652e-01
9.532195925712585449e-01
9.542477726936340332e-01
