7.199179400000000228e+00
1.061703220000000059e+01
1.396027680000000082e+01
1.723510710000000046e+01
2.053277619999999715e+01
2.391988499999999718e+01
2.724500939999999716e+01
3.066083039999999826e+01
3.404179820000000234e+01
3.732439000000000107e+01
4.065313150000000064e+01
4.397616500000000173e+01
4.723702500000000271e+01
5.054648740000000373e+01
5.386895790000000517e+01
5.712608769999999936e+01
6.044260080000000102e+01
6.377485210000000393e+01
6.701081399999999633e+01
7.034300969999999609e+01
7.365021839999999997e+01
7.694077250000000845e+01
8.026081829999999684e+01
8.362335540000000833e+01
8.685047529999999938e+01
9.027826290000000142e+01
9.359849880000000155e+01
9.687431860000000938e+01
1.001921281000000050e+02
1.034386998000000091e+02
1.067740789000000063e+02
1.101247417999999954e+02
1.134919897999999989e+02
1.167568327000000039e+02
1.200760084000000063e+02
1.233771440000000013e+02
1.266050257000000130e+02
1.299791279999999745e+02
1.332470766999999796e+02
1.366666926999999987e+02
1.399841168999999752e+02
1.432594914000000017e+02
1.464633417000000009e+02
1.498880141999999864e+02
1.532216937999999971e+02
1.565346965999999895e+02
1.598246965999999816e+02
1.631361427999999876e+02
1.664012898999999948e+02
1.767614084999999875e+02
1.872033075999999880e+02
1.975378894999999773e+02
2.078075478999999746e+02
2.180554772999999784e+02
2.284109079999999778e+02
2.387069895999999858e+02
2.489368205999999759e+02
2.594093791999999894e+02
2.695754938000000038e+02
2.800480949000000237e+02
2.903697789000000284e+02
3.006886483000000112e+02
3.110144205999999940e+02
3.211415211000000340e+02
3.314574894000000427e+02
3.416940544999999929e+02
3.520856583000000342e+02
3.623081225999999901e+02
3.726523899000000029e+02
3.829968739999999912e+02
3.933524400000000014e+02
4.037760704000000374e+02
4.140380255000000034e+02
4.243413984000000028e+02
4.346104397999999946e+02
