5.057339072227478027e-01
5.151374340057373047e-01
5.234625935554504395e-01
5.311066508293151855e-01
5.379676222801208496e-01
5.438558459281921387e-01
5.497785806655883789e-01
5.571910142898559570e-01
5.617604851722717285e-01
5.648586750030517578e-01
5.684450864791870117e-01
5.720970630645751953e-01
5.737661123275756836e-01
5.779017210006713867e-01
5.805878043174743652e-01
5.834825038909912109e-01
5.849748849868774414e-01
5.891258120536804199e-01
5.930685997009277344e-01
5.918385386466979980e-01
5.977529883384704590e-01
5.980752706527709961e-01
6.035664081573486328e-01
6.042680144309997559e-01
6.077954769134521484e-01
6.094990372657775879e-01
6.110995411872863770e-01
6.135851740837097168e-01
6.156294941902160645e-01
6.185362339019775391e-01
6.192973852157592773e-01
6.223027706146240234e-01
6.258175969123840332e-01
6.268672943115234375e-01
6.285033226013183594e-01
6.293053030967712402e-01
6.333875060081481934e-01
6.338586807250976562e-01
6.378853917121887207e-01
6.380215883255004883e-01
6.399725675582885742e-01
6.435890793800354004e-01
6.449723243713378906e-01
6.479964256286621094e-01
6.469574570655822754e-01
6.521125435829162598e-01
6.515981554985046387e-01
6.553826928138732910e-01
6.556031107902526855e-01
6.588566899299621582e-01
6.606845855712890625e-01
6.626033186912536621e-01
6.622538566589355469e-01
6.656185984611511230e-01
6.670472025871276855e-01
6.714982390403747559e-01
6.702038645744323730e-01
6.709461212158203125e-01
6.750010848045349121e-01
6.761062741279602051e-01
6.800249814987182617e-01
6.821532845497131348e-01
6.823195815086364746e-01
6.847910881042480469e-01
6.866040229797363281e-01
6.885401010513305664e-01
6.905108094215393066e-01
6.918100714683532715e-01
6.931336522102355957e-01
6.932226419448852539e-01
6.973049640655517578e-01
6.987538337707519531e-01
7.001110315322875977e-01
7.030267715454101562e-01
7.041530609130859375e-01
7.055132985115051270e-01
7.079638242721557617e-01
7.098497152328491211e-01
7.120963931083679199e-01
7.125096917152404785e-01
7.153874039649963379e-01
7.154304385185241699e-01
7.186472415924072266e-01
7.190803289413452148e-01
7.214810848236083984e-01
7.235499620437622070e-01
7.244793772697448730e-01
7.269436120986938477e-01
7.281726002693176270e-01
7.321448922157287598e-01
7.337875962257385254e-01
7.340115904808044434e-01
7.348979711532592773e-01
7.376769185066223145e-01
7.389967441558837891e-01
7.415800690650939941e-01
7.435559630393981934e-01
7.453606724739074707e-01
7.476598620414733887e-01
7.474799752235412598e-01
