4.150477920000048471e+01
4.629716300000018236e+01
5.109439040000052046e+01
5.592649700000038138e+01
6.073343999999997322e+01
6.553417910000007396e+01
7.035163360000024113e+01
7.514230769999994664e+01
7.992726470000070549e+01
8.474312860000009096e+01
8.953340170000046783e+01
9.434981740000057471e+01
9.913404129999980796e+01
1.039314080000003742e+02
1.087506586999998035e+02
1.135295534000006228e+02
1.183085700000001452e+02
1.231200131000005058e+02
1.279021321000000171e+02
1.326802477999999610e+02
1.374870915999999852e+02
1.422692531000002418e+02
1.470851198000000295e+02
1.518785660000003190e+02
1.566623082000005525e+02
1.614705662000005759e+02
1.662505895000003875e+02
1.710624125000003914e+02
1.758416102999999566e+02
1.806220381000002817e+02
1.854788341000003129e+02
1.902811505999998190e+02
1.950716670000001614e+02
1.999185002000003806e+02
2.047049203000005946e+02
2.095601229000003514e+02
2.143997629000004963e+02
2.192595814000005703e+02
2.241196211000005860e+02
2.288771342000000004e+02
2.336639303000001746e+02
2.384350508000006812e+02
2.432171675999998115e+02
2.480301542000006521e+02
2.528205022000001918e+02
2.576338124000003518e+02
2.624159451000004992e+02
2.671991119000003891e+02
2.720126644000001761e+02
2.767939188999998805e+02
2.815727315000003728e+02
2.863880082000005132e+02
2.911856838000003336e+02
2.959924262000004092e+02
3.007663916000001336e+02
3.055428588000004311e+02
3.103532229000002189e+02
3.151339133000001311e+02
3.199483722000004491e+02
3.247332658000004812e+02
3.295103595000000496e+02
3.343278448999999455e+02
3.391265939000004437e+02
3.439436605999999301e+02
3.487268303999999262e+02
3.535093605000001844e+02
3.592352227999999741e+02
3.639968171000000439e+02
3.687819471000002522e+02
3.735438407000001462e+02
3.783209631999998237e+02
3.831183507000005193e+02
3.879118642000003092e+02
3.926937318999998752e+02
3.975144654000005175e+02
4.023007240000006277e+02
4.070907449000005727e+02
4.119132939000000988e+02
4.166903650000003836e+02
4.215044990000005782e+02
4.262837027000005037e+02
4.310623236999999790e+02
4.358720354000006409e+02
4.406517371999998431e+02
4.454286875000007058e+02
4.502352356999999756e+02
4.550166422000002058e+02
4.597899396000002525e+02
4.645999799999999595e+02
4.693818086000001131e+02
4.741902815000003102e+02
4.789720631000000139e+02
4.837560754000005545e+02
4.885811450000001059e+02
4.933631382000003214e+02
4.981729861000003439e+02
5.029514124000006632e+02
5.077292764000003444e+02
5.125466452999999092e+02
5.173258784999998170e+02
