1.254957399999999978e+01
2.829844609999999960e+01
4.088253120000000251e+01
5.210357020000000006e+01
6.314853920000000187e+01
7.472097639999999785e+01
8.635811630000000605e+01
9.732592809999999872e+01
1.079251071000000053e+02
1.183236190000000079e+02
1.294385939000000008e+02
1.407792085000000100e+02
1.512370904999999937e+02
1.616589208000000042e+02
1.720603691000000026e+02
1.824823018000000161e+02
1.940305414999999982e+02
2.052705856999999980e+02
2.158586180000000070e+02
2.265406962000000135e+02
2.379210610000000088e+02
2.484984210000000076e+02
2.589865270000000237e+02
2.698226450999999884e+02
2.809538287000000309e+02
2.916275635000000079e+02
3.019616804999999999e+02
3.123296341000000211e+02
3.234725545000000011e+02
3.348132947999999942e+02
3.452301160999999752e+02
3.564067476000000170e+02
3.667694323000000054e+02
3.771716852999999787e+02
3.882983586000000287e+02
3.996415506000000164e+02
4.107364058000000000e+02
4.215582832000000053e+02
4.323586033000000270e+02
4.445357870000000275e+02
4.552546742999999765e+02
4.666448293999999919e+02
4.770587153000000171e+02
4.886178704999999809e+02
4.997307050000000004e+02
5.108289872000000287e+02
5.212357126000000562e+02
5.330102010000000519e+02
5.438371796999999788e+02
5.549428392999999460e+02
5.672561663000000181e+02
5.771084133000000520e+02
5.846548976999999923e+02
5.924362958000000390e+02
6.001129055999999764e+02
6.077461498000000120e+02
6.152143928000000415e+02
6.232302147000000332e+02
6.309721120000000383e+02
6.388987233999999944e+02
6.464644088000000011e+02
6.543100752000000284e+02
6.621206197000000202e+02
6.699624455000000580e+02
6.777052323999999999e+02
6.856666566000000103e+02
6.933692297999999710e+02
7.011672247000000198e+02
7.089920862999999827e+02
7.168822520999999597e+02
7.248056823000000577e+02
7.326573577000000341e+02
7.403931149000000005e+02
7.479067151000000422e+02
7.559249681000000010e+02
7.640561877999999751e+02
7.830799055999999609e+02
8.029298751999999695e+02
8.218875007999999980e+02
8.410973354999999856e+02
8.605931569000000536e+02
8.797180693000000247e+02
8.988369016999999985e+02
9.184093841999999768e+02
9.379770555999999715e+02
9.578922956000000113e+02
9.786378658999999516e+02
1.000126965400000017e+03
1.021545529800000054e+03
1.043258806199999981e+03
1.063768547299999909e+03
1.084489476599999989e+03
1.103656796699999859e+03
1.123472536399999854e+03
1.143570608899999797e+03
1.163197268399999984e+03
1.182332369899999776e+03
1.202138153199999806e+03
1.221640779999999950e+03
1.241113790099999960e+03
1.259681837199999791e+03
1.279013795399999935e+03
1.298041486299999860e+03
1.316890171099999861e+03
1.336009904499999948e+03
1.354769626199999948e+03
1.373572708399999783e+03
1.392392373999999791e+03
1.411550902199999882e+03
1.430197615999999925e+03
1.449005567099999780e+03
1.467646017299999812e+03
1.486226988799999845e+03
1.505270966799999997e+03
1.524556951199999958e+03
1.543961343499999884e+03
1.563406770599999845e+03
1.582282365199999958e+03
1.602065239099999872e+03
1.620980134699999780e+03
1.639913798999999926e+03
1.658496769599999880e+03
1.677075991799999883e+03
1.695558314799999835e+03
1.714362474499999962e+03
1.733292308699999921e+03
1.752372670799999923e+03
1.771174866099999917e+03
1.789984010399999988e+03
1.809555458199999975e+03
1.827874969299999975e+03
1.846707881499999985e+03
1.865528102199999921e+03
1.884305474199999935e+03
1.903335817399999996e+03
1.922027629299999944e+03
1.941105877399999827e+03
1.959811852899999849e+03
1.978659521699999914e+03
1.997426181899999847e+03
2.016693216699999994e+03
2.035697792699999809e+03
2.054754954700000326e+03
2.074388686600000256e+03
2.093551714499999889e+03
2.112389593899999909e+03
2.131890828500000225e+03
2.151169418200000109e+03
2.170160640500000227e+03
2.188741254900000058e+03
2.207555085599999984e+03
2.226362568000000010e+03
2.245496310500000163e+03
2.264623642500000187e+03
2.283308027800000218e+03
2.302480447200000071e+03
2.321459209200000259e+03
2.340250598500000251e+03
2.359108463200000187e+03
2.377979676500000096e+03
2.397159768600000007e+03
2.416277567399999953e+03
2.435407111299999997e+03
2.454451707300000180e+03
2.473207902600000125e+03
2.492409763699999985e+03
2.510875775299999987e+03
2.529894895700000234e+03
2.548919322600000214e+03
2.567944703600000139e+03
2.587011952400000155e+03
2.605788835800000015e+03
2.624777096700000129e+03
2.644359183399999893e+03
2.663704496000000290e+03
2.682612703799999963e+03
2.701245805699999892e+03
2.719913557100000162e+03
2.738550590199999988e+03
2.757455651199999920e+03
