6.979166865348815918e-01
7.265625000000000000e-01
7.569444179534912109e-01
7.578125000000000000e-01
7.612847089767456055e-01
7.699652910232543945e-01
7.682291865348815918e-01
7.821180820465087891e-01
7.838541865348815918e-01
7.751736044883728027e-01
7.821180820465087891e-01
7.942708134651184082e-01
7.890625000000000000e-01
7.968750000000000000e-01
8.003472089767456055e-01
7.986111044883728027e-01
7.968750000000000000e-01
8.003472089767456055e-01
8.055555820465087891e-01
8.081597089767456055e-01
8.038194179534912109e-01
7.852430343627929688e-01
7.913194894790649414e-01
7.946180105209350586e-01
8.031250238418579102e-01
8.024305105209350586e-01
8.060764074325561523e-01
8.097222447395324707e-01
8.206597566604614258e-01
8.157985806465148926e-01
8.236110806465148926e-01
8.217013478279113770e-01
8.279514312744140625e-01
8.282986879348754883e-01
8.338541984558105469e-01
8.288194537162780762e-01
8.328124880790710449e-01
8.387152552604675293e-01
8.359375000000000000e-01
8.321180343627929688e-01
8.376735448837280273e-01
8.359375000000000000e-01
8.437500000000000000e-01
8.493055105209350586e-01
8.434027433395385742e-01
8.468750119209289551e-01
8.494791984558105469e-01
8.472222089767456055e-01
8.541666865348815918e-01
8.496527671813964844e-01
8.486110568046569824e-01
8.508680462837219238e-01
8.487847447395324707e-01
8.500000238418579102e-01
8.593750000000000000e-01
8.541666865348815918e-01
8.602430224418640137e-01
8.597222566604614258e-01
8.548611402511596680e-01
8.545138239860534668e-01
8.616319894790649414e-01
8.581597208976745605e-01
8.623264431953430176e-01
8.616319894790649414e-01
8.649305105209350586e-01
8.625000119209289551e-01
8.592014312744140625e-01
8.611111640930175781e-01
8.704860806465148926e-01
8.618055582046508789e-01
8.668402433395385742e-01
8.609374761581420898e-01
8.625000119209289551e-01
8.645833134651184082e-01
8.623263239860534668e-01
8.703125119209289551e-01
8.715277910232543945e-01
8.670139312744140625e-01
8.649305105209350586e-01
8.708332777023315430e-01
8.682290911674499512e-01
8.697916865348815918e-01
8.725694417953491211e-01
8.732639551162719727e-01
8.659723401069641113e-01
8.684026598930358887e-01
8.703125119209289551e-01
8.677083253860473633e-01
8.753472566604614258e-01
8.744791746139526367e-01
8.696180582046508789e-01
8.798610568046569824e-01
8.751735687255859375e-01
8.751735687255859375e-01
8.777777552604675293e-01
8.727430105209350586e-01
8.788194656372070312e-01
8.739584088325500488e-01
8.788194656372070312e-01
8.770834207534790039e-01
8.744791150093078613e-01
