7.579229474067687988e-01
7.954232096672058105e-01
8.176451325416564941e-01
8.361427187919616699e-01
8.513572812080383301e-01
8.654987812042236328e-01
8.767203092575073242e-01
8.872632980346679688e-01
8.953441381454467773e-01
8.996053934097290039e-01
9.073864221572875977e-01
9.090750813484191895e-01
9.129419326782226562e-01
9.184659719467163086e-01
9.223010540008544922e-01
9.232009053230285645e-01
9.265150427818298340e-01
9.305397272109985352e-01
9.326388835906982422e-01
9.327653646469116211e-01
9.345170259475708008e-01
9.363633990287780762e-01
9.376734495162963867e-01
9.392046332359313965e-01
9.395992159843444824e-01
9.410195350646972656e-01
9.432449340820312500e-01
9.418244957923889160e-01
9.421560764312744141e-01
9.446813464164733887e-01
9.457859992980957031e-01
9.451388716697692871e-01
9.458805918693542480e-01
9.465752243995666504e-01
9.458648562431335449e-01
9.484690427780151367e-01
9.467962384223937988e-01
9.488477706909179688e-01
9.475536942481994629e-01
9.491319060325622559e-01
9.498107433319091797e-01
9.494001865386962891e-01
9.496371746063232422e-01
9.505996704101562500e-01
9.504894614219665527e-01
9.504892230033874512e-01
9.502368569374084473e-01
9.513100385665893555e-01
9.516729116439819336e-01
9.518150091171264648e-01
9.514520168304443359e-01
9.519728422164916992e-01
9.506629705429077148e-01
9.511838555335998535e-01
9.514046311378479004e-01
9.512468576431274414e-01
9.513888955116271973e-01
9.521306753158569336e-01
9.519097208976745605e-01
9.510889053344726562e-01
9.529514908790588379e-01
9.525409340858459473e-01
9.523515701293945312e-01
9.514676332473754883e-01
9.525567889213562012e-01
9.525411725044250488e-01
9.524937272071838379e-01
9.532670974731445312e-01
9.531880617141723633e-01
9.525409936904907227e-01
9.538983702659606934e-01
9.531249403953552246e-01
9.526355266571044922e-01
9.528250694274902344e-01
9.525882601737976074e-01
9.524937272071838379e-01
9.532827138900756836e-01
9.528724551200866699e-01
9.526832699775695801e-01
9.534406065940856934e-01
9.536615610122680664e-01
9.530304670333862305e-01
9.538510441780090332e-01
9.531250596046447754e-01
9.536616206169128418e-01
9.545612931251525879e-01
9.530776143074035645e-01
9.542773365974426270e-01
9.537404179573059082e-01
9.526829123497009277e-01
9.543244838714599609e-01
9.537877440452575684e-01
9.546559453010559082e-01
9.542612433433532715e-01
9.533302187919616699e-01
9.550032615661621094e-01
9.531407356262207031e-01
9.538982510566711426e-01
9.551925063133239746e-01
9.549716711044311523e-01
9.178225398063659668e-01
9.168851375579833984e-01
9.193702936172485352e-01
9.192510843276977539e-01
9.193750619888305664e-01
9.196777343750000000e-01
9.195883870124816895e-01
9.196475744247436523e-01
9.199604988098144531e-01
9.197714924812316895e-01
9.210613369941711426e-01
9.203125834465026855e-01
9.209475517272949219e-01
9.216815233230590820e-01
9.213739633560180664e-01
9.216715097427368164e-01
9.219345450401306152e-01
9.212597012519836426e-01
9.223018884658813477e-01
9.217264056205749512e-01
9.218600988388061523e-01
9.225493669509887695e-01
9.220933914184570312e-01
9.218302965164184570e-01
9.220089316368103027e-01
9.219096302986145020e-01
9.234572052955627441e-01
9.224306941032409668e-01
9.224305152893066406e-01
9.216023683547973633e-01
9.227629899978637695e-01
9.229065179824829102e-01
9.223116040229797363e-01
9.231844544410705566e-01
9.227775335311889648e-01
9.236111044883728027e-01
9.235464930534362793e-01
9.221773743629455566e-01
9.228422045707702637e-01
9.237650632858276367e-01
9.235267639160156250e-01
9.234327077865600586e-01
9.233334064483642578e-01
9.242659211158752441e-01
9.234473705291748047e-01
9.243597388267517090e-01
9.244497418403625488e-01
9.236114621162414551e-01
9.242459535598754883e-01
9.246627092361450195e-01
9.242310523986816406e-01
9.239434599876403809e-01
9.248610734939575195e-01
9.247221350669860840e-01
9.247517585754394531e-01
9.248164296150207520e-01
9.244593381881713867e-01
9.247270822525024414e-01
9.246428608894348145e-01
9.249305129051208496e-01
9.244990944862365723e-01
9.254463315010070801e-01
9.241912961006164551e-01
9.252330064773559570e-01
9.252135157585144043e-01
9.259326457977294922e-01
9.257143139839172363e-01
9.257089495658874512e-01
9.256695508956909180e-01
9.258283376693725586e-01
9.255803823471069336e-01
9.249705076217651367e-01
9.263985753059387207e-01
9.262751340866088867e-01
9.259922504425048828e-01
9.265429973602294922e-01
9.262751340866088867e-01
9.262599349021911621e-01
9.255405068397521973e-01
9.257443547248840332e-01
9.261061549186706543e-01
9.265475869178771973e-01
9.274405241012573242e-01
9.261803030967712402e-01
9.274258017539978027e-01
9.252779483795166016e-01
9.265576004981994629e-01
9.268152117729187012e-01
9.274950027465820312e-01
9.268698692321777344e-01
9.269544482231140137e-01
9.268749356269836426e-01
9.262003898620605469e-01
9.272815585136413574e-01
9.268551468849182129e-01
9.264236092567443848e-01
9.269444942474365234e-01
9.266121387481689453e-01
9.259967803955078125e-01
9.271974563598632812e-01
