9.894511000000420609e+00
1.824688400000013644e+01
2.661034749999998894e+01
3.478348970000115514e+01
4.329806830000052287e+01
5.150156680000145570e+01
5.993341479999980947e+01
6.808262220000142406e+01
7.640115690000129689e+01
8.490362850000019534e+01
9.289529370000127528e+01
1.012973328000007314e+02
1.094977307999997720e+02
1.181611009000007471e+02
1.261003600000003644e+02
1.348750820000004751e+02
1.426686322000005021e+02
1.514759546000004775e+02
1.599087113000005047e+02
1.682481624000010925e+02
1.765526103000011062e+02
1.850682077000001300e+02
1.928775815999997576e+02
2.016907492000009370e+02
2.098793268999997963e+02
2.185422315000014351e+02
2.267260278000012477e+02
2.353176804000013362e+02
2.437345052000000578e+02
2.521722803000011481e+02
2.606322485000000597e+02
2.689880964000003587e+02
2.780090701999997691e+02
2.865038327000002027e+02
2.950556500000002416e+02
3.032845381000006455e+02
3.119132187000013801e+02
3.202144066000000748e+02
3.284872179000012693e+02
3.369367566000000807e+02
3.455067567000005511e+02
3.540386773999998695e+02
3.621294127000001026e+02
3.709493834000004426e+02
3.793136327000011079e+02
3.878728131000007124e+02
3.962427435000008700e+02
4.046857763999996678e+02
4.133053180000006250e+02
4.214794858000004751e+02
4.296766679000011209e+02
4.386284945000006701e+02
4.469945875000012165e+02
4.556239468000003399e+02
4.643030840000010357e+02
4.722438901000004989e+02
4.809424909999997908e+02
4.899906872999999905e+02
4.983575759000013932e+02
5.069442682999997487e+02
5.156338410999996995e+02
5.240079079000006459e+02
5.320275689000009152e+02
5.410644372000006115e+02
5.495047305999996752e+02
5.580754652000014175e+02
5.667524024000013014e+02
5.750860202000003483e+02
5.832847806000008859e+02
5.924610748000013700e+02
6.006013369000011153e+02
6.090185243000014452e+02
6.180973223000000871e+02
6.266866484000001947e+02
6.350115949999999430e+02
6.440656654000013077e+02
6.523612203000011505e+02
6.609795035000006465e+02
6.704824685000003228e+02
6.792814309000004869e+02
6.877915097000004607e+02
6.965995038000000932e+02
7.051839589000010164e+02
7.138229738000009093e+02
7.223701118999997561e+02
7.311064795000002050e+02
7.395775286999996752e+02
7.482980351000005612e+02
7.567161517000004096e+02
7.652254573999998684e+02
7.739356329000002006e+02
7.821781430000010005e+02
7.904321333999996568e+02
7.996955658000006224e+02
8.081319163999996817e+02
8.168001471000006859e+02
8.251746414999997796e+02
8.339819956000010279e+02
8.425837736000012228e+02
8.514550935000006575e+02
8.775722433999999339e+02
9.036847383000003902e+02
9.300135282000010193e+02
9.558344618999999511e+02
9.827250055000004068e+02
1.009533075299999837e+03
1.035882786699999997e+03
1.062184204700000919e+03
1.088989389899999878e+03
1.115745894100000442e+03
1.142838967400000911e+03
1.169435636800000793e+03
1.196826501900000949e+03
1.223567180900001404e+03
1.250512000700000499e+03
1.277421158299999661e+03
1.304455562099999952e+03
1.330707138300000224e+03
1.357663077000001067e+03
1.385043336800001271e+03
1.411942396600001302e+03
1.438717314700001225e+03
1.465400667400001112e+03
1.492945179800000915e+03
1.519778167300000860e+03
1.546073736199999985e+03
1.573417227200001435e+03
1.600272079000000303e+03
1.627030605800000558e+03
1.654943555600000764e+03
1.681677180500000759e+03
1.709199290900000051e+03
1.736076175700000022e+03
1.763185791500000050e+03
1.789735151200000473e+03
1.817405386200000066e+03
1.844281259000001228e+03
1.871431461199999831e+03
1.898352106199999980e+03
1.925151890099999946e+03
1.952450050000001283e+03
1.980189153500001339e+03
2.006908554800000275e+03
2.034557068800000707e+03
2.061406715500001155e+03
2.088903569300000527e+03
2.116155351999999766e+03
2.143644047100000535e+03
2.171117222200000469e+03
2.199485539999999673e+03
2.226922486100000242e+03
2.254319271899999876e+03
2.281920176400000855e+03
2.309682312099999763e+03
2.336565311000000293e+03
2.364225021899999774e+03
2.392412141200000406e+03
2.420116160000001400e+03
2.447720205600000554e+03
2.475886908300000869e+03
2.503007736499999737e+03
2.531453614000000016e+03
2.559257394400001431e+03
2.587088384100001349e+03
2.614788611199999650e+03
2.642695894800001042e+03
2.670626153100000010e+03
2.698122626800000944e+03
2.726177820599999905e+03
2.753822656399999687e+03
2.782920790800000759e+03
2.810677978800000346e+03
2.838790913300001193e+03
2.865796165100000508e+03
2.893935762000000977e+03
2.921675348800001302e+03
2.949245869399999719e+03
2.976852811200000360e+03
3.004865320400000201e+03
3.032655145900000207e+03
3.060306834200000594e+03
3.088630272500000501e+03
3.116503558000000339e+03
3.144027716800001144e+03
3.172773257200000444e+03
3.200845062700000199e+03
3.228462179000000106e+03
3.256905649399999675e+03
3.285426723100001254e+03
3.313940267500000118e+03
3.342741706300001169e+03
3.371898331500000495e+03
3.399609019900000931e+03
3.428204412700000830e+03
3.456088018500000544e+03
3.484996577500000058e+03
3.513373127400000158e+03
3.541160933000001023e+03
3.569347122600000148e+03
3.597873038600000655e+03
