7.291666865348815918e-01
7.618634104728698730e-01
7.705439925193786621e-01
7.835648059844970703e-01
7.936921119689941406e-01
8.064236640930175781e-01
8.067129254341125488e-01
8.096064925193786621e-01
8.237846493721008301e-01
8.220486044883728027e-01
8.206018805503845215e-01
8.214698433876037598e-01
8.249421119689941406e-01
8.347800374031066895e-01
8.425925374031066895e-01
8.434606194496154785e-01
8.460648059844970703e-01
8.466435074806213379e-01
8.434607386589050293e-01
8.460648655891418457e-01
8.512731194496154785e-01
8.567708134651184082e-01
8.677662014961242676e-01
8.602430820465087891e-01
8.608217239379882812e-01
8.616898059844970703e-01
8.718171119689941406e-01
8.770254254341125488e-01
8.706597685813903809e-01
8.723958134651184082e-01
8.686342239379882812e-01
8.703703880310058594e-01
8.611111044883728027e-01
8.718171715736389160e-01
8.816551566123962402e-01
8.776041865348815918e-01
8.773148059844970703e-01
8.796296119689941406e-01
8.752893805503845215e-01
8.784722685813903809e-01
8.752893805503845215e-01
8.822337985038757324e-01
8.683448433876037598e-01
8.467882871627807617e-01
8.537327051162719727e-01
8.550347089767456055e-01
8.557292222976684570e-01
8.545139431953430176e-01
8.578125238418579102e-01
8.609374165534973145e-01
8.636285066604614258e-01
8.590277433395385742e-01
8.625000119209289551e-01
8.691840171813964844e-01
8.686631917953491211e-01
8.665798306465148926e-01
8.671875000000000000e-01
8.665798306465148926e-01
8.762152791023254395e-01
8.712674379348754883e-01
8.683159947395324707e-01
8.673611879348754883e-01
8.679686784744262695e-01
8.736979365348815918e-01
8.758680224418640137e-01
8.752603530883789062e-01
8.819444775581359863e-01
8.752603530883789062e-01
8.778646588325500488e-01
8.718749284744262695e-01
8.763889074325561523e-01
8.785589933395385742e-01
8.805555105209350586e-01
8.763888478279113770e-01
8.777778744697570801e-01
8.828125000000000000e-01
8.815104365348815918e-01
8.780381083488464355e-01
8.832465410232543945e-01
8.776041865348815918e-01
8.820312619209289551e-01
8.811632394790649414e-01
8.835936784744262695e-01
8.840277791023254395e-01
8.848959207534790039e-01
8.865450620651245117e-01
8.856770396232604980e-01
8.809896707534790039e-01
8.839408755302429199e-01
8.888889551162719727e-01
8.849827051162719727e-01
8.871528506278991699e-01
8.845486640930175781e-01
8.870660066604614258e-01
8.859375119209289551e-01
8.811632394790649414e-01
