5.271527767181396484e-01
5.348263978958129883e-01
5.406944155693054199e-01
5.426735877990722656e-01
5.422568917274475098e-01
5.439931154251098633e-01
5.436111688613891602e-01
5.416666269302368164e-01
5.435417294502258301e-01
5.459027290344238281e-01
5.469096302986145020e-01
5.466666221618652344e-01
5.507639050483703613e-01
5.479862093925476074e-01
5.493750572204589844e-01
5.484722256660461426e-01
5.475347042083740234e-01
5.535069704055786133e-01
5.489584207534790039e-01
5.501389503479003906e-01
5.539236068725585938e-01
5.544791817665100098e-01
5.520833134651184082e-01
5.502430200576782227e-01
5.490972399711608887e-01
5.479166507720947266e-01
5.488889217376708984e-01
5.656943321228027344e-01
5.785416364669799805e-01
5.792361497879028320e-01
5.789930820465087891e-01
5.911110639572143555e-01
5.902777910232543945e-01
5.977083444595336914e-01
5.955207943916320801e-01
5.948610901832580566e-01
5.963542461395263672e-01
5.950694084167480469e-01
6.011111140251159668e-01
6.006250381469726562e-01
6.004514098167419434e-01
5.981597304344177246e-01
6.010416150093078613e-01
5.996527075767517090e-01
6.013194322586059570e-01
6.022568941116333008e-01
5.989930629730224609e-01
6.033680438995361328e-01
5.960416197776794434e-01
6.012499332427978516e-01
6.040971875190734863e-01
6.017708182334899902e-01
6.021873950958251953e-01
6.022222042083740234e-01
5.871180891990661621e-01
6.021180152893066406e-01
6.110069155693054199e-01
6.152082681655883789e-01
6.194444894790649414e-01
6.174652576446533203e-01
6.273264288902282715e-01
6.233680248260498047e-01
6.288195252418518066e-01
6.354166269302368164e-01
6.340623497962951660e-01
6.315972208976745605e-01
6.301388740539550781e-01
6.303820013999938965e-01
6.428124904632568359e-01
6.346874833106994629e-01
6.322916746139526367e-01
6.396527290344238281e-01
6.389583349227905273e-01
6.421874165534973145e-01
6.424652338027954102e-01
6.426735520362854004e-01
6.445485949516296387e-01
6.414930820465087891e-01
6.417360901832580566e-01
6.446874737739562988e-01
6.400694847106933594e-01
6.392708420753479004e-01
6.454513669013977051e-01
6.485416293144226074e-01
6.459723114967346191e-01
6.423959136009216309e-01
6.413542032241821289e-01
6.357639431953430176e-01
6.495485901832580566e-01
6.449999809265136719e-01
6.474999785423278809e-01
6.489582657814025879e-01
6.464930176734924316e-01
6.464235782623291016e-01
6.442708373069763184e-01
6.459028124809265137e-01
6.409027576446533203e-01
6.410068273544311523e-01
6.459375023841857910e-01
6.499652266502380371e-01
6.484721899032592773e-01
6.473611593246459961e-01
6.432290673255920410e-01
6.513541936874389648e-01
6.553125977516174316e-01
6.506249904632568359e-01
6.532292366027832031e-01
6.513889431953430176e-01
6.487846970558166504e-01
6.502777934074401855e-01
6.531596183776855469e-01
6.535761952400207520e-01
6.568750143051147461e-01
6.482638716697692871e-01
6.719445586204528809e-01
6.880208849906921387e-01
6.898611187934875488e-01
6.949306726455688477e-01
6.981596350669860840e-01
6.996181011199951172e-01
6.997222304344177246e-01
7.020833492279052734e-01
7.073958516120910645e-01
7.039931416511535645e-01
7.090972661972045898e-01
7.067707777023315430e-01
7.090277671813964844e-01
7.067014575004577637e-01
7.131250500679016113e-01
7.151039838790893555e-01
7.157986164093017578e-01
7.132292389869689941e-01
7.184374928474426270e-01
7.126389145851135254e-01
7.147568464279174805e-01
7.123611569404602051e-01
7.136806249618530273e-01
7.091320157051086426e-01
7.144097089767456055e-01
7.156251668930053711e-01
7.155208587646484375e-01
7.179860472679138184e-01
7.138889431953430176e-01
7.152082920074462891e-01
7.175347805023193359e-01
7.144791483879089355e-01
7.141320109367370605e-01
7.222570776939392090e-01
7.173262834548950195e-01
7.184720635414123535e-01
7.205209136009216309e-01
7.227430939674377441e-01
7.210415601730346680e-01
