6.199469000000135566e+00
1.074622499999986758e+01
1.527625850000003993e+01
1.984455210000032821e+01
2.438983210000060353e+01
2.887469729999975243e+01
3.336576880000029632e+01
3.783275210000010702e+01
4.228716630000053556e+01
4.675179200000002311e+01
5.161973880000005011e+01
5.624532020000060584e+01
6.074725320000015927e+01
6.522592880000047444e+01
6.968536880000010569e+01
7.428473000000030879e+01
7.877381500000046799e+01
8.325283140000010462e+01
8.800837520000004588e+01
9.280453269999998156e+01
9.749064799999996467e+01
1.019289684000004854e+02
1.062139122999997198e+02
1.104495654000002105e+02
1.146877810000005411e+02
1.192064915000000838e+02
1.234306465999998181e+02
1.276351488999998764e+02
1.318543894000004002e+02
1.365048449000005348e+02
1.412344666999997571e+02
1.460512896000000183e+02
1.508461114000001544e+02
1.559485075000002325e+02
1.606212428999997428e+02
1.656721477000000959e+02
1.704187561999997342e+02
1.748398240000005899e+02
1.792132258000001457e+02
1.834887983999997232e+02
1.884365720000005240e+02
2.173762342999998509e+02
2.531569617000004655e+02
2.576785864000003130e+02
2.621934670000000551e+02
2.666691528000001199e+02
2.711635383000002548e+02
2.756430324000002656e+02
2.801356572000004235e+02
2.846220100999998976e+02
2.891735961000003954e+02
2.937306703000003836e+02
2.980742420000005950e+02
3.023578724999997576e+02
3.066587508000002344e+02
3.109471438999999009e+02
3.152843791000004785e+02
3.196124795000005179e+02
3.239685643000002528e+02
3.282983693000005587e+02
3.325834498000003805e+02
3.368595402999999351e+02
3.411868358000001535e+02
3.457387838000004194e+02
3.502938652000002548e+02
3.549377181999998356e+02
3.594935015999999450e+02
3.639420963000002303e+02
3.683876537000005555e+02
3.726823046999998041e+02
3.769591120000004594e+02
3.814690943000005063e+02
3.858159857999999076e+02
3.900809392000001026e+02
3.944092746000005718e+02
3.986880831999997099e+02
4.029558720000004541e+02
4.073158315999999104e+02
4.115845712000000276e+02
4.158351821000005657e+02
4.201461434000002555e+02
4.244229389000001902e+02
4.378587460999997347e+02
4.516737942999998268e+02
4.651616587999997137e+02
4.786127265000004627e+02
4.921360284000002139e+02
5.055887371999997413e+02
5.190451890000003914e+02
5.324922545999997965e+02
5.467574960000001738e+02
5.610611427000003459e+02
5.756870399999997971e+02
5.902194734000004246e+02
6.048039378000003126e+02
6.221136049000006096e+02
6.415574378999999681e+02
6.608490308000000368e+02
6.802233529000004637e+02
7.001208811000005880e+02
7.194437760999999227e+02
7.388174432000005254e+02
7.632852499999999054e+02
7.836646516000000702e+02
8.034317139000004317e+02
8.231841493000001719e+02
8.429218406999998479e+02
8.645493562999999995e+02
8.845193961000004492e+02
9.045228563999999096e+02
9.242711970999998812e+02
9.437282903000004808e+02
9.636949928000003638e+02
9.836353521999999430e+02
1.003610821100000067e+03
1.023513921300000220e+03
1.045615958800000044e+03
1.066801562200000262e+03
1.087777271500000097e+03
1.103585728400000335e+03
1.118508867000000464e+03
1.133634320900000603e+03
1.160048297299999831e+03
1.191946715500000209e+03
1.223734237399999984e+03
1.268108724900000198e+03
1.319903829900000346e+03
1.372402231900000515e+03
1.422770868000000519e+03
1.438735099399999854e+03
1.454344447000000400e+03
1.469758297600000333e+03
1.485270978600000490e+03
1.500487384199999724e+03
1.515776722000000518e+03
1.531280816500000583e+03
1.546691794000000300e+03
1.562156725200000437e+03
1.577004899800000203e+03
1.592405055799999900e+03
1.607967266100000415e+03
1.622712219099999857e+03
1.637639622200000304e+03
1.652379841300000408e+03
1.666939798200000041e+03
1.681656667299999754e+03
1.696219272299999830e+03
1.710708286300000509e+03
