5.190278291702270508e-01
5.255555510520935059e-01
5.335416793823242188e-01
5.328472256660461426e-01
5.245833396911621094e-01
5.313194394111633301e-01
5.228472352027893066e-01
5.268750190734863281e-01
5.354166626930236816e-01
5.360416769981384277e-01
5.389583110809326172e-01
5.433334112167358398e-01
5.424999594688415527e-01
5.339583158493041992e-01
5.437500476837158203e-01
5.392361283302307129e-01
5.384027361869812012e-01
5.399305820465087891e-01
5.414582490921020508e-01
5.383332967758178711e-01
5.362500548362731934e-01
5.362500548362731934e-01
5.392360687255859375e-01
5.430555939674377441e-01
5.422221422195434570e-01
5.468749403953552246e-01
5.453471541404724121e-01
5.442362427711486816e-01
5.374999046325683594e-01
5.447221994400024414e-01
5.424304008483886719e-01
5.488888025283813477e-01
5.449999570846557617e-01
5.513194799423217773e-01
5.619444847106933594e-01
5.665972828865051270e-01
5.686806440353393555e-01
5.677778124809265137e-01
5.689583420753479004e-01
5.743055939674377441e-01
5.781943798065185547e-01
5.720832943916320801e-01
5.789583325386047363e-01
5.690971612930297852e-01
5.772916674613952637e-01
5.795832276344299316e-01
5.836110711097717285e-01
5.838890075683593750e-01
5.806944370269775391e-01
5.859028100967407227e-01
5.753471851348876953e-01
5.623610615730285645e-01
5.691666007041931152e-01
5.754165649414062500e-01
5.769444108009338379e-01
5.716666579246520996e-01
5.813888311386108398e-01
5.885417461395263672e-01
5.902777314186096191e-01
5.844445228576660156e-01
5.878472328186035156e-01
5.854167342185974121e-01
5.921528339385986328e-01
5.995140075683593750e-01
6.000000238418579102e-01
5.970138907432556152e-01
5.962500572204589844e-01
6.070833802223205566e-01
6.079862117767333984e-01
6.048610806465148926e-01
5.960417389869689941e-01
6.004861593246459961e-01
6.093750000000000000e-01
5.951389074325561523e-01
6.120139956474304199e-01
6.052084565162658691e-01
6.120833754539489746e-01
6.046527624130249023e-01
6.095138788223266602e-01
6.086111664772033691e-01
6.134722232818603516e-01
6.110417842864990234e-01
6.055556535720825195e-01
6.121527552604675293e-01
6.166666150093078613e-01
6.104166507720947266e-01
6.108334660530090332e-01
6.145138144493103027e-01
6.227777004241943359e-01
6.259028911590576172e-01
6.171527504920959473e-01
6.166666746139526367e-01
6.202778220176696777e-01
6.150000691413879395e-01
6.143749356269836426e-01
6.243056058883666992e-01
6.237499713897705078e-01
6.211805939674377441e-01
6.225000619888305664e-01
6.240972280502319336e-01
6.203472018241882324e-01
6.154165863990783691e-01
6.193054914474487305e-01
6.202083826065063477e-01
6.323611736297607422e-01
6.178472638130187988e-01
6.281250119209289551e-01
6.271528005599975586e-01
6.322223544120788574e-01
6.272222399711608887e-01
6.340972781181335449e-01
6.432637572288513184e-01
6.368055939674377441e-01
6.412500143051147461e-01
6.495139598846435547e-01
6.406944394111633301e-01
6.470832228660583496e-01
6.532639265060424805e-01
6.546527743339538574e-01
6.537500023841857910e-01
6.596527099609375000e-01
6.521527767181396484e-01
6.555555462837219238e-01
6.718055605888366699e-01
6.670137643814086914e-01
6.636111736297607422e-01
6.652777791023254395e-01
6.673610806465148926e-01
6.691666245460510254e-01
6.662499904632568359e-01
6.733334064483642578e-01
6.722223162651062012e-01
6.690278649330139160e-01
6.697916984558105469e-01
6.790972352027893066e-01
6.828472018241882324e-01
6.739584207534790039e-01
6.793749928474426270e-01
6.736804842948913574e-01
6.747916340827941895e-01
6.805555224418640137e-01
6.831250190734863281e-01
6.806251406669616699e-01
6.797916889190673828e-01
6.786110401153564453e-01
6.852084398269653320e-01
6.897221207618713379e-01
6.874998211860656738e-01
6.838887929916381836e-01
6.807639598846435547e-01
6.895833015441894531e-01
6.884027123451232910e-01
6.828473806381225586e-01
6.833333373069763184e-01
6.949305534362792969e-01
6.917359828948974609e-01
6.946527957916259766e-01
6.836804747581481934e-01
6.899305582046508789e-01
6.927778720855712891e-01
6.844443678855895996e-01
6.946527361869812012e-01
6.917361617088317871e-01
6.929166316986083984e-01
6.870139241218566895e-01
6.825000643730163574e-01
6.915972828865051270e-01
6.922916173934936523e-01
6.935416460037231445e-01
6.927778720855712891e-01
6.938888430595397949e-01
6.906945109367370605e-01
6.990277767181396484e-01
6.929165124893188477e-01
6.912500262260437012e-01
6.959721446037292480e-01
6.932639479637145996e-01
6.932638287544250488e-01
