5.378091931343078613e-01
5.770707130432128906e-01
6.117784976959228516e-01
6.273968815803527832e-01
6.414214372634887695e-01
6.536677479743957520e-01
6.653662323951721191e-01
6.769413948059082031e-01
6.883261799812316895e-01
6.968122124671936035e-01
7.076185941696166992e-01
7.161784172058105469e-01
7.269662022590637207e-01
7.364124059677124023e-01
7.437599897384643555e-01
7.530398964881896973e-01
7.647569775581359863e-01
7.725539207458496094e-01
7.808552384376525879e-01
7.912369370460510254e-01
7.986030578613281250e-01
8.070216178894042969e-01
8.146952986717224121e-01
8.245661854743957520e-01
8.342770338058471680e-01
8.406092524528503418e-01
8.490645885467529297e-01
8.564185500144958496e-01
8.644430041313171387e-01
8.710583448410034180e-01
8.797845840454101562e-01
8.869231343269348145e-01
8.927199244499206543e-01
8.993170261383056641e-01
9.054335355758666992e-01
9.119383096694946289e-01
9.174523949623107910e-01
9.223263263702392578e-01
9.280429482460021973e-01
9.315505027770996094e-01
9.381600022315979004e-01
9.406954050064086914e-01
9.440615773200988770e-01
9.476739764213562012e-01
9.524124264717102051e-01
9.546460509300231934e-01
9.564618468284606934e-01
9.595077633857727051e-01
9.619199037551879883e-01
9.637662172317504883e-01
9.655937552452087402e-01
9.672983884811401367e-01
9.686338901519775391e-01
9.705663919448852539e-01
9.720368981361389160e-01
9.726337194442749023e-01
9.733723998069763184e-01
9.739877581596374512e-01
9.747077822685241699e-01
9.751569032669067383e-01
9.768553972244262695e-01
9.770218729972839355e-01
9.775323271751403809e-01
9.776123762130737305e-01
9.781352877616882324e-01
9.782523512840270996e-01
9.788678884506225586e-01
9.789846539497375488e-01
9.788924455642700195e-01
9.789663553237915039e-01
9.791136384010314941e-01
9.793477058410644531e-01
9.793599247932434082e-01
9.790892601013183594e-01
9.788676500320434570e-01
9.791259765625000000e-01
9.790462851524353027e-01
9.790400862693786621e-01
9.792677164077758789e-01
9.791629910469055176e-01
9.789722561836242676e-01
9.791016578674316406e-01
9.792246222496032715e-01
9.790154695510864258e-01
9.790647029876708984e-01
9.795323014259338379e-01
9.788001179695129395e-01
9.789475202560424805e-01
9.788122177124023438e-01
9.788489937782287598e-01
9.788615703582763672e-01
9.784495234489440918e-01
9.781415462493896484e-01
9.785909056663513184e-01
9.786338806152343750e-01
9.784736037254333496e-01
9.781969785690307617e-01
9.786216020584106445e-01
9.788305759429931641e-01
9.783816337585449219e-01
9.341190457344055176e-01
9.373261928558349609e-01
9.390316009521484375e-01
9.407452940940856934e-01
9.419461488723754883e-01
9.434546828269958496e-01
9.446678757667541504e-01
9.455798268318176270e-01
9.467148780822753906e-01
9.475829005241394043e-01
9.485489130020141602e-01
9.495091438293457031e-01
9.504464268684387207e-01
9.511177539825439453e-01
9.521244168281555176e-01
9.528298974037170410e-01
9.537260532379150391e-01
9.543474912643432617e-01
9.549943208694458008e-01
