6.294302344322204590e-01
8.424028754234313965e-01
8.787696361541748047e-01
8.823016881942749023e-01
8.840155005455017090e-01
8.851183056831359863e-01
8.869261741638183594e-01
8.878318071365356445e-01
8.885641694068908691e-01
8.896217346191406250e-01
8.915084600448608398e-01
8.912945389747619629e-01
8.924994468688964844e-01
8.930161595344543457e-01
8.946948647499084473e-01
8.954541683197021484e-01
8.962463736534118652e-01
8.969703912734985352e-01
8.971334695816040039e-01
8.976595997810363770e-01
8.977016806602478027e-01
8.984254598617553711e-01
8.985104560852050781e-01
8.997517228126525879e-01
9.000188708305358887e-01
9.012500643730163574e-01
9.011368751525878906e-01
9.023089408874511719e-01
9.024565219879150391e-01
9.035415649414062500e-01
9.031879305839538574e-01
9.043756723403930664e-01
9.052793979644775391e-01
9.060720801353454590e-01
9.071410298347473145e-01
9.079152941703796387e-01
9.071155786514282227e-01
9.080523848533630371e-01
9.093203544616699219e-01
9.084666967391967773e-01
9.084222912788391113e-01
9.083898663520812988e-01
9.089999198913574219e-01
9.088023304939270020e-01
9.104136228561401367e-01
9.089140295982360840e-01
9.106540083885192871e-01
9.112048745155334473e-01
9.116874337196350098e-01
9.114038348197937012e-01
9.114369750022888184e-01
9.120672345161437988e-01
