7.939069319999998697e+01
1.215830373000000009e+02
1.637411422000000130e+02
2.058695031000000881e+02
2.480050991000000522e+02
2.901437957000000551e+02
3.323869255000000749e+02
3.745692726999999422e+02
4.166688437999999906e+02
4.588765076999999337e+02
5.010490923999999495e+02
5.433113245000000688e+02
5.854759623999999576e+02
6.277339141000001064e+02
6.699516283000001522e+02
7.120922205000000531e+02
7.542406498999999940e+02
7.964530018000001519e+02
8.385750274000000672e+02
8.806659779000000299e+02
9.227701347000000851e+02
9.647921364000000040e+02
1.006875870200000122e+03
1.049060015800000201e+03
1.091121754499999952e+03
1.133257055600000058e+03
1.175256219899999905e+03
1.217369349300000067e+03
1.259435509899999943e+03
1.301568219100000078e+03
1.343662471099999948e+03
1.385724009400000341e+03
1.427764663200000086e+03
1.469837911900000108e+03
1.511925990500000353e+03
1.554014091500000177e+03
1.596156548400000247e+03
1.638335919900000135e+03
1.680399214200000188e+03
1.722908617300000060e+03
1.764967855500000042e+03
1.807117015400000128e+03
1.849146755700000085e+03
1.891234601900000143e+03
1.933296871600000031e+03
1.975414188400000057e+03
2.017477915200000098e+03
2.059639806500000304e+03
2.101723964799999976e+03
2.144383454400000119e+03
2.187952874999999949e+03
2.230070035700000062e+03
