8.815814852714538574e-01
8.842961192131042480e-01
8.844066858291625977e-01
8.834911584854125977e-01
8.848168849945068359e-01
8.842012286186218262e-01
8.836017251014709473e-01
8.838384747505187988e-01
8.835700750350952148e-01
8.841224908828735352e-01
8.833490014076232910e-01
8.837119936943054199e-01
8.660567998886108398e-01
8.658185601234436035e-01
8.661262989044189453e-01
8.656993508338928223e-01
8.657637238502502441e-01
8.655506372451782227e-01
8.657143712043762207e-01
8.663541078567504883e-01
8.651090860366821289e-01
8.665524721145629883e-01
8.656795620918273926e-01
8.660070896148681641e-01
8.658232092857360840e-01
