1.124200671911239624e-01
1.123517975211143494e-01
1.123592257499694824e-01
1.120983883738517761e-01
1.123626157641410828e-01
1.123048290610313416e-01
1.121499687433242798e-01
1.121336072683334351e-01
1.121146529912948608e-01
1.121442466974258423e-01
1.119481250643730164e-01
1.120679676532745361e-01
1.020370125770568848e-01
1.017601117491722107e-01
1.018912494182586670e-01
1.016373261809349060e-01
1.016529202461242676e-01
1.017581745982170105e-01
1.016248613595962524e-01
1.016782298684120178e-01
1.015677675604820251e-01
1.015986055135726929e-01
1.016121134161949158e-01
1.015330180525779724e-01
1.016523167490959167e-01
