1.177481079999961366e+01
2.200009219999992638e+01
3.188777839999966091e+01
4.215411130000029516e+01
5.222961000000032072e+01
6.224107369999910588e+01
7.252895939999871189e+01
8.259033999999883235e+01
9.261526930000036373e+01
1.029836223999991489e+02
1.134377506000000722e+02
1.235637152999988757e+02
1.338331813000004331e+02
1.439832686999998259e+02
1.539503064000000450e+02
1.643185448000003817e+02
1.743906177999997453e+02
1.844019430999996985e+02
1.946268048999991152e+02
2.047252157000002626e+02
2.147409255999991728e+02
2.249509534999997413e+02
2.350595635999998194e+02
2.450430887999991683e+02
2.553596731999987242e+02
2.654010250999999698e+02
2.757322525999989011e+02
2.859898937999987538e+02
2.960587357999993401e+02
3.061648175999998784e+02
3.163812524999993911e+02
3.264720006999996258e+02
3.363968336999987514e+02
3.466125979999997071e+02
3.566074798999998166e+02
3.664957486999992398e+02
3.766833747000000585e+02
3.866893837999996322e+02
3.967025577999993402e+02
4.068438428999997996e+02
4.168971870999994280e+02
4.268040729000003921e+02
4.374805440999989514e+02
4.474244054999999207e+02
4.572995950999993511e+02
4.674602584000003844e+02
4.774074753999993845e+02
4.872661931999991793e+02
4.973244450999991386e+02
5.071901600999990478e+02
5.169986578999996709e+02
5.270467006999988371e+02
5.369253785000000789e+02
5.466454844999989291e+02
5.566374125999991520e+02
5.664701908999995794e+02
5.767021488999998837e+02
5.867036442999997234e+02
5.965789014000001771e+02
6.062944112999994104e+02
6.162767801999998483e+02
6.261241829999999027e+02
6.358481867999998940e+02
6.458324419000000489e+02
6.555386332999987644e+02
6.652310760999989725e+02
6.751374631999988196e+02
6.848538842999987537e+02
6.944660860000003595e+02
7.043697283000001335e+02
7.140298302999999578e+02
7.236711847999995371e+02
7.339890744999993331e+02
7.438290044999994279e+02
7.533754621999996743e+02
7.632981803999991826e+02
7.729862809999995079e+02
7.826254162999994151e+02
7.925302601999992476e+02
8.022396157999992283e+02
8.118161717999992106e+02
8.215718120000001363e+02
8.311090621999992436e+02
8.407365204999987327e+02
8.506145770999992237e+02
8.604100039999993896e+02
8.699945577999988018e+02
8.797771574999987934e+02
8.894967553999995289e+02
8.995286001999993459e+02
9.093438351000004332e+02
9.190382193000004918e+02
9.286207623999998759e+02
9.384817220999993879e+02
9.481442411999996693e+02
9.576622303999993164e+02
9.674581086999987747e+02
9.772306989999997313e+02
9.867664211999999679e+02
9.966653666000001976e+02
1.028081485299999258e+03
1.059308865900000455e+03
1.091407361999999921e+03
1.122654165399999329e+03
1.153996163399999205e+03
1.185579876599998897e+03
1.217027943799999775e+03
1.248723566299999220e+03
1.280371772399999827e+03
1.311815354399999705e+03
1.343004443399999218e+03
1.374509634899999583e+03
1.405878378800000064e+03
1.437139551500000380e+03
1.469088794100000086e+03
1.500251822099999117e+03
1.531201039999999921e+03
1.562676570399999036e+03
1.593789327700000285e+03
1.625045437400000083e+03
1.657004747099999804e+03
1.688163036599999032e+03
1.719201709799999662e+03
1.750474404499998855e+03
1.781538994999998977e+03
1.812462197499999093e+03
1.843849519100000180e+03
1.875681393599999865e+03
1.906583474600000045e+03
1.937769667900000059e+03
1.968634449099999983e+03
1.999748135599998932e+03
2.031009681600000476e+03
2.062085019299998748e+03
