8.682290911674499512e-01
8.758996725082397461e-01
8.746213316917419434e-01
8.699651956558227539e-01
8.746527433395385742e-01
8.790878057479858398e-01
8.728534579277038574e-01
8.708176612854003906e-01
8.743844032287597656e-01
8.744634985923767090e-01
8.728219866752624512e-01
8.544645309448242188e-01
8.510664701461791992e-01
8.525938391685485840e-01
8.507835268974304199e-01
8.549354076385498047e-01
8.650942444801330566e-01
8.894594311714172363e-01
8.936257362365722656e-01
8.979514837265014648e-01
9.039086103439331055e-01
9.111257791519165039e-01
9.172621369361877441e-01
9.209623336791992188e-01
9.253869652748107910e-01
9.274602532386779785e-01
9.288441538810729980e-01
9.299504160881042480e-01
9.297915101051330566e-01
9.315379261970520020e-01
9.320931434631347656e-01
9.325594902038574219e-01
9.339883923530578613e-01
9.343256354331970215e-01
9.347769618034362793e-01
9.349899888038635254e-01
9.354311823844909668e-01
9.363787770271301270e-01
9.363989233970642090e-01
9.365923404693603516e-01
9.381747245788574219e-01
9.376588463783264160e-01
9.378622770309448242e-01
9.381646513938903809e-01
9.397371411323547363e-01
9.390028715133666992e-01
9.396328926086425781e-01
9.401189088821411133e-01
9.403869509696960449e-01
9.409821629524230957e-01
9.417061805725097656e-01
9.408980607986450195e-01
9.422470331192016602e-01
9.422126412391662598e-01
9.422221779823303223e-01
9.424402713775634766e-01
9.429215192794799805e-01
9.431052207946777344e-01
9.434075951576232910e-01
9.433827400207519531e-01
9.432585835456848145e-01
9.432983994483947754e-01
9.445980191230773926e-01
9.444593787193298340e-01
9.437301158905029297e-01
9.447124600410461426e-01
9.442906975746154785e-01
9.450793266296386719e-01
9.452478289604187012e-01
9.447025656700134277e-01
9.451786875724792480e-01
9.455406665802001953e-01
9.453766942024230957e-01
9.454912543296813965e-01
9.458628892898559570e-01
9.451930522918701172e-01
9.460266828536987305e-01
9.466913938522338867e-01
9.461460709571838379e-01
9.474306106567382812e-01
9.470932483673095703e-01
9.463246464729309082e-01
9.473662376403808594e-01
9.466416835784912109e-01
9.477878212928771973e-01
9.471676349639892578e-01
9.479715228080749512e-01
9.475247859954833984e-01
9.472714662551879883e-01
9.478919506072998047e-01
9.478422403335571289e-01
9.480752944946289062e-01
9.487302303314208984e-01
9.478674530982971191e-01
9.485663771629333496e-01
9.486510157585144043e-01
9.493799805641174316e-01
9.489284157752990723e-01
9.495337009429931641e-01
9.488542079925537109e-01
9.490478634834289551e-01
9.489183425903320312e-01
9.493204355239868164e-01
9.498903751373291016e-01
9.489337801933288574e-01
9.495533704757690430e-01
9.497616887092590332e-01
9.492464065551757812e-01
9.495236873626708984e-01
