1.299388110637664795e-01
1.137569323182106018e-01
1.054358631372451782e-01
9.902528673410415649e-02
9.296623617410659790e-02
8.757960796356201172e-02
8.193232119083404541e-02
7.792542874813079834e-02
7.355065643787384033e-02
7.025231420993804932e-02
6.719961762428283691e-02
6.443943083286285400e-02
6.220038607716560364e-02
5.972935259342193604e-02
5.797576531767845154e-02
5.619154870510101318e-02
5.446922034025192261e-02
5.328825861215591431e-02
5.215124413371086121e-02
5.090639740228652954e-02
5.013459920883178711e-02
4.872009903192520142e-02
4.824071377515792847e-02
4.728988558053970337e-02
4.648231714963912964e-02
4.590079560875892639e-02
4.522186145186424255e-02
4.392417147755622864e-02
4.346827045083045959e-02
4.259100928902626038e-02
4.202862083911895752e-02
4.136967658996582031e-02
4.101256281137466431e-02
4.003298282623291016e-02
3.961234912276268005e-02
3.858097642660140991e-02
3.818755969405174255e-02
3.808134421706199646e-02
3.711302205920219421e-02
3.661881387233734131e-02
3.629383444786071777e-02
3.568812459707260132e-02
3.538359701633453369e-02
3.482292592525482178e-02
3.417167812585830688e-02
3.421714156866073608e-02
3.429511561989784241e-02
3.295452147722244263e-02
3.241982683539390564e-02
3.244855254888534546e-02
3.203499317169189453e-02
3.203178942203521729e-02
3.068179264664649963e-02
3.066851571202278137e-02
3.046057373285293579e-02
2.967031672596931458e-02
2.919941022992134094e-02
2.894461899995803833e-02
2.869715914130210876e-02
2.847938425838947296e-02
2.792289480566978455e-02
2.807952836155891418e-02
2.724599465727806091e-02
2.736813575029373169e-02
2.727079764008522034e-02
2.659351006150245667e-02
2.629145607352256775e-02
2.613700740039348602e-02
2.563838846981525421e-02
2.526645921170711517e-02
2.506296895444393158e-02
2.495281584560871124e-02
2.421478740870952606e-02
2.386664226651191711e-02
2.369925566017627716e-02
2.369781956076622009e-02
2.342546731233596802e-02
2.307093888521194458e-02
2.300014905631542206e-02
2.251995727419853210e-02
2.256990596652030945e-02
2.225131168961524963e-02
2.146914787590503693e-02
2.167187817394733429e-02
2.123898454010486603e-02
2.089407667517662048e-02
2.114274725317955017e-02
2.076965942978858948e-02
2.028930559754371643e-02
2.032490819692611694e-02
1.954624243080615997e-02
1.970207877457141876e-02
1.938107796013355255e-02
1.867015287280082703e-02
1.887460798025131226e-02
1.892030611634254456e-02
1.858326978981494904e-02
1.796734519302845001e-02
1.787865348160266876e-02
1.797156035900115967e-02
2.377806417644023895e-02
2.333319932222366333e-02
2.214988693594932556e-02
2.153419330716133118e-02
2.063848637044429779e-02
2.004501596093177795e-02
1.963606290519237518e-02
1.910527423024177551e-02
1.862612180411815643e-02
1.793230324983596802e-02
1.762614026665687561e-02
1.707695983350276947e-02
1.672831736505031586e-02
1.629680022597312927e-02
1.599045470356941223e-02
1.566661521792411804e-02
1.525232661515474319e-02
1.486292295157909393e-02
1.470302883535623550e-02
1.430051028728485107e-02
1.400894299149513245e-02
1.380838919430971146e-02
1.348770875483751297e-02
1.336180604994297028e-02
1.300605200231075287e-02
1.285102218389511108e-02
1.267196144908666611e-02
1.245076954364776611e-02
1.227661874145269394e-02
1.195605937391519547e-02
1.175059378147125244e-02
1.154497638344764709e-02
1.133596897125244141e-02
1.124248653650283813e-02
1.109034568071365356e-02
1.091434806585311890e-02
1.072062272578477859e-02
1.066512428224086761e-02
1.049912814050912857e-02
1.043907832354307175e-02
1.029436849057674408e-02
1.014496292918920517e-02
9.965661913156509399e-03
9.887938387691974640e-03
9.900178760290145874e-03
9.680251590907573700e-03
9.725070558488368988e-03
9.487741626799106598e-03
9.435351938009262085e-03
9.373805485665798187e-03
9.296505711972713470e-03
9.191007353365421295e-03
9.131581522524356842e-03
8.964542299509048462e-03
8.897613734006881714e-03
8.760567754507064819e-03
8.918657898902893066e-03
8.844709955155849457e-03
8.712776005268096924e-03
8.692715317010879517e-03
8.585847914218902588e-03
8.548176847398281097e-03
8.484724909067153931e-03
8.497356437146663666e-03
8.334731683135032654e-03
8.288356475532054901e-03
8.392651565372943878e-03
8.183112367987632751e-03
8.152962662279605865e-03
8.076888509094715118e-03
8.052057586610317230e-03
7.968423888087272644e-03
7.962172850966453552e-03
7.969778962433338165e-03
7.900989614427089691e-03
7.884007878601551056e-03
7.843880914151668549e-03
7.831358350813388824e-03
7.665387354791164398e-03
7.725615054368972778e-03
7.635004352778196335e-03
7.625809404999017715e-03
7.574925664812326431e-03
7.542806211858987808e-03
7.479410618543624878e-03
7.521683350205421448e-03
7.440195418894290924e-03
7.494648452848196030e-03
7.400068454444408417e-03
7.401092909276485443e-03
7.409876678138971329e-03
7.216563913971185684e-03
7.250972092151641846e-03
7.268599234521389008e-03
7.218240294605493546e-03
7.223358843475580215e-03
7.159485947340726852e-03
7.033875677734613419e-03
7.068649865686893463e-03
7.069049868732690811e-03
