8.547978401184082031e-01
8.543403744697570801e-01
8.522567749023437500e-01
8.546715378761291504e-01
8.567230701446533203e-01
8.544031977653503418e-01
8.564552068710327148e-01
8.553186655044555664e-01
7.993052601814270020e-01
7.972168922424316406e-01
7.992511987686157227e-01
7.978027462959289551e-01
7.989535331726074219e-01
8.015078902244567871e-01
8.312400579452514648e-01
8.455158472061157227e-01
8.531646728515625000e-01
8.647422790527343750e-01
8.772169947624206543e-01
8.895288109779357910e-01
8.999106287956237793e-01
9.081995487213134766e-01
9.129958748817443848e-01
9.195036888122558594e-01
9.249555468559265137e-01
9.264087677001953125e-01
9.293600916862487793e-01
9.321624636650085449e-01
9.350992441177368164e-01
9.354515671730041504e-01
9.382341504096984863e-01
9.390027523040771484e-01
9.400544762611389160e-01
9.413740038871765137e-01
9.423165321350097656e-01
9.429811239242553711e-01
9.445535540580749512e-01
9.460269808769226074e-01
9.459821581840515137e-01
9.468056559562683105e-01
9.468256235122680664e-01
9.475348591804504395e-01
9.490078091621398926e-01
9.497075676918029785e-01
9.489781856536865234e-01
9.513092041015625000e-01
9.512500166893005371e-01
9.517358541488647461e-01
9.518600702285766602e-01
9.524850249290466309e-01
9.512994289398193359e-01
9.539780020713806152e-01
9.540923833847045898e-01
9.537944793701171875e-01
9.540725350379943848e-01
9.544988274574279785e-01
9.542957544326782227e-01
9.552083015441894531e-01
9.552179574966430664e-01
9.542952179908752441e-01
