6.913854799999999301e+00
1.006988789999999945e+01
1.326394420000000096e+01
1.645083739999999750e+01
1.967869910000000289e+01
2.282717339999999950e+01
2.602764009999999928e+01
2.932460960000000227e+01
3.252856909999999857e+01
3.568016810000000305e+01
3.889164630000000500e+01
4.204046699999999959e+01
4.521930629999999951e+01
4.841404169999999851e+01
5.155621770000000481e+01
5.475557669999999888e+01
5.796159109999999970e+01
6.108128270000000271e+01
6.431469309999999950e+01
6.747466319999999484e+01
7.063945320000000549e+01
7.382946270000000766e+01
7.704261449999999911e+01
8.033827430000000902e+01
8.351740789999999492e+01
8.672001900000000774e+01
8.983996620000000632e+01
9.303158410000000345e+01
9.620878480000000366e+01
1.059796538000000083e+02
1.157454644000000030e+02
1.255216295999999971e+02
1.352825546999999915e+02
1.450853667999999743e+02
1.548415467999999748e+02
1.645934091999999964e+02
1.743788578999999856e+02
1.841235919999999737e+02
1.939723795999999822e+02
2.037930662999999925e+02
2.135202979999999968e+02
2.232388505999999779e+02
2.330374401999999918e+02
2.427952353000000016e+02
2.525018762999999922e+02
2.623097361000000092e+02
2.720401525999999990e+02
2.818635586000000330e+02
2.916597546000000420e+02
3.013913403000000244e+02
3.111232117000000130e+02
3.208578754000000117e+02
3.308437014000000431e+02
3.406130524000000150e+02
3.503556279000000018e+02
3.599686146000000235e+02
3.698583050999999955e+02
3.796863412000000153e+02
3.895184710999999993e+02
3.992962793000000374e+02
4.090881853000000206e+02
4.188653073000000404e+02
4.285471761000000015e+02
4.383040094000000408e+02
4.481597803000000226e+02
4.578835669000000053e+02
4.676670255000000225e+02
4.776177886000000399e+02
4.874191165999999953e+02
