4.700229689478874207e-02
4.640815407037734985e-02
4.619996622204780579e-02
3.388818725943565369e-02
1.394400279968976974e-02
8.997061289846897125e-03
5.507693160325288773e-03
4.156826529651880264e-03
3.313586581498384476e-03
2.615582430735230446e-03
2.725415863096714020e-03
2.450508764013648033e-03
2.209199592471122742e-03
2.037754282355308533e-03
1.702171284705400467e-03
1.809657667763531208e-03
1.590084400959312916e-03
1.567098079249262810e-03
1.588615356013178825e-03
1.558584161102771759e-03
1.277831732295453548e-03
1.514214789494872093e-03
1.465540146455168724e-03
1.291443593800067902e-03
1.283869380131363869e-03
1.103022368624806404e-03
1.263893325813114643e-03
9.921209421008825302e-04
1.223646104335784912e-03
1.172858988866209984e-03
1.259375945664942265e-03
9.461019653826951981e-04
1.051352475769817829e-03
1.122049870900809765e-03
9.613127331249415874e-04
1.137308659963309765e-03
1.070071943104267120e-03
9.339552489109337330e-04
1.023395336233079433e-03
1.138700055889785290e-03
6.812716834247112274e-03
4.844256676733493805e-03
4.218734800815582275e-03
3.748633433133363724e-03
3.428856609389185905e-03
3.267099848017096519e-03
3.046695142984390259e-03
2.907868009060621262e-03
2.761757001280784607e-03
2.636322053149342537e-03
2.574695972725749016e-03
2.469970146194100380e-03
2.352281706407666206e-03
2.415087772533297539e-03
2.328255446627736092e-03
2.338243182748556137e-03
2.214012434706091881e-03
2.198868896812200546e-03
2.200764836743474007e-03
2.099043224006891251e-03
1.996029168367385864e-03
2.083625877276062965e-03
1.986867049708962440e-03
2.051015850156545639e-03
1.998047111555933952e-03
1.922687282785773277e-03
1.933756168000400066e-03
1.807020395062863827e-03
1.913364976644515991e-03
1.894283108413219452e-03
1.910821534693241119e-03
1.828206819482147694e-03
1.734153833240270615e-03
1.778102829121053219e-03
1.789041562005877495e-03
1.714774523861706257e-03
1.720139291137456894e-03
1.692269812338054180e-03
1.682102214545011520e-03
1.629621954634785652e-03
1.747041475027799606e-03
1.656184322200715542e-03
1.671003410592675209e-03
1.628693309612572193e-03
1.601008814759552479e-03
1.621597446501255035e-03
1.646304503083229065e-03
1.631453400477766991e-03
1.616942230612039566e-03
1.617999048903584480e-03
1.658116700127720833e-03
