6.396048610000000423e+01
1.242678161999999986e+02
1.845046585999999991e+02
2.447581992000000071e+02
3.050453678000000082e+02
3.653107889999999998e+02
4.255607885000000010e+02
4.857610472999999729e+02
5.459218208999999433e+02
6.060886925999999448e+02
6.662303196000000298e+02
7.263659722999999531e+02
7.865226635999999871e+02
8.466737166999999999e+02
9.069527957999999899e+02
9.671670925999999326e+02
1.027345607700000073e+03
1.087500510500000019e+03
1.147583109700000023e+03
1.207672191200000043e+03
1.267753552800000080e+03
1.327827397600000040e+03
1.387899570000000040e+03
1.447958366000000069e+03
1.507993649999999889e+03
1.568053898500000059e+03
1.628113677099999904e+03
1.688173523700000032e+03
1.748244659700000057e+03
1.808306813500000089e+03
1.868387928999999986e+03
1.928458400900000015e+03
1.988528552100000070e+03
2.048596989399999984e+03
2.108650436200000058e+03
2.168690459900000405e+03
2.228736856900000021e+03
2.288786700999999994e+03
2.348811650000000100e+03
2.408800984200000130e+03
2.599591192600000340e+03
2.790516166700000213e+03
2.981444769700000052e+03
3.172575478400000065e+03
3.363471929300000284e+03
3.554547237900000255e+03
3.745518297400000392e+03
3.936431510000000344e+03
4.127386807699999736e+03
4.318331737999999859e+03
4.509253369199999725e+03
4.700321553499999936e+03
4.891247026099999857e+03
5.082232422399999450e+03
5.273287352599999394e+03
5.464288745899999412e+03
5.655350964599999315e+03
5.846438251699999455e+03
6.037442882199999985e+03
6.228520592799999577e+03
6.419568754399999307e+03
6.610575665299999855e+03
6.801602371799999673e+03
6.992784875399999692e+03
7.183764532499999405e+03
7.374823301800000081e+03
7.565903404599999703e+03
7.756974697300000116e+03
7.948082863199999338e+03
8.139279536399999415e+03
8.330435538499999893e+03
8.521578792800000883e+03
8.712723924400001124e+03
8.903856851300000926e+03
9.095104069099999833e+03
9.286192415800000163e+03
9.477313412800000151e+03
9.668466075400001500e+03
9.859662130000000616e+03
1.005083856350000133e+04
1.024204189610000140e+04
1.043327652480000143e+04
1.062449698979999994e+04
1.081581970350000120e+04
1.100708709000000090e+04
1.119833023010000034e+04
1.138959145570000146e+04
1.158082318180000038e+04
1.177202691620000041e+04
1.196321493750000081e+04
1.215445962620000137e+04
