5.178808569908142090e-01
5.389453172683715820e-01
5.540136694908142090e-01
5.687792897224426270e-01
5.770019292831420898e-01
5.865331292152404785e-01
5.966601371765136719e-01
6.022461056709289551e-01
6.097167730331420898e-01
6.164648532867431641e-01
6.230273246765136719e-01
6.270312666893005371e-01
6.336621046066284180e-01
6.418163776397705078e-01
6.465820074081420898e-01
6.534277200698852539e-01
6.588671803474426270e-01
6.647754311561584473e-01
6.718945503234863281e-01
6.764355897903442383e-01
6.823827624320983887e-01
6.884375810623168945e-01
6.966406106948852539e-01
7.018749713897705078e-01
7.059668898582458496e-01
7.142871022224426270e-01
7.193066477775573730e-01
7.252734303474426270e-01
7.335448861122131348e-01
7.407812476158142090e-01
7.476269602775573730e-01
7.568652033805847168e-01
7.632031440734863281e-01
7.704296708106994629e-01
7.749316096305847168e-01
7.792382240295410156e-01
7.869629263877868652e-01
7.911816239356994629e-01
7.984667420387268066e-01
8.036425709724426270e-01
8.087500333786010742e-01
8.153905868530273438e-01
8.196093440055847168e-01
8.262012600898742676e-01
8.326659798622131348e-01
8.379589915275573730e-01
8.403222560882568359e-01
8.484179377555847168e-01
8.523925542831420898e-01
8.562989234924316406e-01
8.601465225219726562e-01
8.650000095367431641e-01
8.695995807647705078e-01
8.755859136581420898e-01
8.769823908805847168e-01
8.816015720367431641e-01
8.850781321525573730e-01
8.877148628234863281e-01
8.919140696525573730e-01
8.942089676856994629e-01
8.984961509704589844e-01
9.018652439117431641e-01
9.041992425918579102e-01
9.056054949760437012e-01
9.079198837280273438e-01
9.098144769668579102e-01
9.156543016433715820e-01
9.158008098602294922e-01
9.164843559265136719e-01
9.181152582168579102e-01
9.203320741653442383e-01
9.231640100479125977e-01
9.230566620826721191e-01
9.254686832427978516e-01
9.264062643051147461e-01
9.261816740036010742e-01
9.290039539337158203e-01
9.284277558326721191e-01
9.316699504852294922e-01
9.288964867591857910e-01
9.337499737739562988e-01
9.330468773841857910e-01
9.331347346305847168e-01
9.344434142112731934e-01
9.352538585662841797e-01
9.357421994209289551e-01
9.364159703254699707e-01
9.371874928474426270e-01
9.371972680091857910e-01
9.379199743270874023e-01
9.377441406250000000e-01
9.380176067352294922e-01
9.383691549301147461e-01
9.386034607887268066e-01
9.387109279632568359e-01
9.392382502555847168e-01
9.382617473602294922e-01
9.404296875000000000e-01
9.398339390754699707e-01
9.395800828933715820e-01
9.245194792747497559e-01
9.297811985015869141e-01
9.326721429824829102e-01
9.343718290328979492e-01
9.347656965255737305e-01
9.361886382102966309e-01
9.373220205307006836e-01
9.373120665550231934e-01
9.373496174812316895e-01
9.396133422851562500e-01
9.398139119148254395e-01
9.412906765937805176e-01
9.410849213600158691e-01
9.411144852638244629e-01
9.415803551673889160e-01
9.414930939674377441e-01
9.421874284744262695e-01
9.433178305625915527e-01
9.433307647705078125e-01
9.434939026832580566e-01
9.438431859016418457e-01
9.446034431457519531e-01
9.449732303619384766e-01
9.451720714569091797e-01
9.436819553375244141e-01
9.461213350296020508e-01
9.463598728179931641e-01
9.460760354995727539e-01
9.470174312591552734e-01
9.482426643371582031e-01
9.472094178199768066e-01
9.482951164245605469e-01
9.475968480110168457e-01
9.484236240386962891e-01
9.486815929412841797e-01
9.490378499031066895e-01
9.490497708320617676e-01
9.496411681175231934e-01
9.490377902984619141e-01
9.494580626487731934e-01
9.490931034088134766e-01
9.503829479217529297e-01
9.508523941040039062e-01
9.512807130813598633e-01
9.505853652954101562e-01
9.504628181457519531e-01
9.506516456604003906e-01
9.504035115242004395e-01
9.521767497062683105e-01
9.529446959495544434e-01
9.529328942298889160e-01
9.516960978507995605e-01
9.531623721122741699e-01
9.535778164863586426e-01
9.528620243072509766e-01
9.535442590713500977e-01
9.536024928092956543e-01
9.539240598678588867e-01
9.548554420471191406e-01
9.548852443695068359e-01
9.556941986083984375e-01
9.562013149261474609e-01
9.559473991394042969e-01
9.569441676139831543e-01
9.567752480506896973e-01
9.577650427818298340e-01
9.574229717254638672e-01
9.586707949638366699e-01
9.593216180801391602e-01
9.594500660896301270e-01
9.597141742706298828e-01
9.603818058967590332e-01
9.604293107986450195e-01
9.604478478431701660e-01
9.612658619880676270e-01
9.618139863014221191e-01
9.632002711296081543e-01
9.625899791717529297e-01
9.641966819763183594e-01
9.660086035728454590e-01
9.663131237030029297e-01
9.665099382400512695e-01
9.664834737777709961e-01
9.671042561531066895e-01
9.672645926475524902e-01
9.673607945442199707e-01
9.673863649368286133e-01
9.671665430068969727e-01
9.673885107040405273e-01
9.671916961669921875e-01
9.674864411354064941e-01
9.676080346107482910e-01
9.675594568252563477e-01
9.676820039749145508e-01
9.677866697311401367e-01
9.679124951362609863e-01
9.679716825485229492e-01
9.678592085838317871e-01
9.681249856948852539e-01
9.683266282081604004e-01
9.550668001174926758e-01
9.551769495010375977e-01
9.553764462471008301e-01
9.553812742233276367e-01
9.557057619094848633e-01
9.559800624847412109e-01
9.559814929962158203e-01
9.561954140663146973e-01
9.564569592475891113e-01
9.565582275390625000e-01
9.567126035690307617e-01
9.567397832870483398e-01
9.570742845535278320e-01
9.571865797042846680e-01
9.573683738708496094e-01
9.575781822204589844e-01
9.576211571693420410e-01
9.576862454414367676e-01
9.579027295112609863e-01
9.580923318862915039e-01
9.581928253173828125e-01
9.583331942558288574e-01
9.583820104598999023e-01
9.585304856300354004e-01
9.586116671562194824e-01
9.586145877838134766e-01
9.587525725364685059e-01
9.588568806648254395e-01
9.589907526969909668e-01
9.590137004852294922e-01
9.591436386108398438e-01
9.592714309692382812e-01
9.592452645301818848e-01
9.594892859458923340e-01
9.594027400016784668e-01
9.595804810523986816e-01
9.596074223518371582e-01
9.596583247184753418e-01
9.596754312515258789e-01
9.597793817520141602e-01
9.599344134330749512e-01
9.599485993385314941e-01
9.599944353103637695e-01
9.600929021835327148e-01
9.601110816001892090e-01
9.602893590927124023e-01
9.602174162864685059e-01
9.603210687637329102e-01
9.603694081306457520e-01
9.604596495628356934e-01
9.606032967567443848e-01
9.605299234390258789e-01
9.606156945228576660e-01
9.607635140419006348e-01
9.607461690902709961e-01
9.607856273651123047e-01
9.608505964279174805e-01
9.608999490737915039e-01
9.608000516891479492e-01
9.608712792396545410e-01
9.609533548355102539e-01
9.611017107963562012e-01
9.610682129859924316e-01
9.611063599586486816e-01
9.610784649848937988e-01
9.612081646919250488e-01
9.612945914268493652e-01
9.612897634506225586e-01
9.613602757453918457e-01
9.613883495330810547e-01
9.614185690879821777e-01
9.613904953002929688e-01
9.613982439041137695e-01
9.616469740867614746e-01
9.616950154304504395e-01
9.616541862487792969e-01
9.616540670394897461e-01
9.616010189056396484e-01
9.616979956626892090e-01
9.617024064064025879e-01
9.617728590965270996e-01
9.618164896965026855e-01
9.618252515792846680e-01
9.619203805923461914e-01
9.618860483169555664e-01
9.620018601417541504e-01
9.620734453201293945e-01
9.619839787483215332e-01
9.620263576507568359e-01
9.621269702911376953e-01
9.620940089225769043e-01
9.621517062187194824e-01
9.621875286102294922e-01
9.622194766998291016e-01
9.622764587402343750e-01
9.622707366943359375e-01
9.623770713806152344e-01
9.622837305068969727e-01
9.624232649803161621e-01
9.624476432800292969e-01
9.488938450813293457e-01
9.489655494689941406e-01
9.491138458251953125e-01
9.492136240005493164e-01
9.493414759635925293e-01
9.494221210479736328e-01
9.496153593063354492e-01
9.497028589248657227e-01
9.497554898262023926e-01
9.499485492706298828e-01
9.500274062156677246e-01
9.501006007194519043e-01
9.502074122428894043e-01
9.502961039543151855e-01
9.503778219223022461e-01
9.503853321075439453e-01
9.505283236503601074e-01
9.505906701087951660e-01
9.506275653839111328e-01
9.507161974906921387e-01
9.507672190666198730e-01
9.508050084114074707e-01
9.508855342864990234e-01
9.509916901588439941e-01
9.510705471038818359e-01
9.510492682456970215e-01
9.510964751243591309e-01
9.512087106704711914e-01
9.512007236480712891e-01
9.512456655502319336e-01
9.513122439384460449e-01
9.513348937034606934e-01
9.513964056968688965e-01
9.514297246932983398e-01
9.514825344085693359e-01
9.515423178672790527e-01
9.515062570571899414e-01
9.515518546104431152e-01
9.516330361366271973e-01
9.516708850860595703e-01
9.517253637313842773e-01
9.517526030540466309e-01
9.518136382102966309e-01
9.518338441848754883e-01
9.518772363662719727e-01
9.518790841102600098e-01
9.518991708755493164e-01
9.519439339637756348e-01
9.519866108894348145e-01
9.519577622413635254e-01
9.520203471183776855e-01
9.520331621170043945e-01
9.521055221557617188e-01
9.521874189376831055e-01
9.521238803863525391e-01
9.521870613098144531e-01
9.522141218185424805e-01
9.521775841712951660e-01
9.521502852439880371e-01
9.522484540939331055e-01
9.522424340248107910e-01
9.522830843925476074e-01
9.523019194602966309e-01
9.523505568504333496e-01
9.523094296455383301e-01
9.523749947547912598e-01
9.524115920066833496e-01
9.523900151252746582e-01
9.524442553520202637e-01
9.524079561233520508e-01
9.524579048156738281e-01
9.524434208869934082e-01
9.524165391921997070e-01
9.524743556976318359e-01
9.525184631347656250e-01
9.525202512741088867e-01
9.525012969970703125e-01
9.525045156478881836e-01
9.524687528610229492e-01
9.525080323219299316e-01
9.525645971298217773e-01
9.524756073951721191e-01
9.525505304336547852e-01
9.525190591812133789e-01
9.525656700134277344e-01
