4.656690391409210861e+01
6.371007927297614515e+01
8.109013418597169220e+01
9.793514120415784419e+01
1.150821210190188140e+02
1.320998268581461161e+02
1.493366548900958151e+02
1.662977073469664901e+02
1.837292927100788802e+02
2.020480805989354849e+02
2.207381924381479621e+02
2.388665495240129530e+02
2.569030368749517947e+02
2.754917893931269646e+02
2.934496150049380958e+02
3.120086607199627906e+02
3.302206543621141464e+02
3.482698404421098530e+02
3.663984980899840593e+02
3.850351483409758657e+02
4.036582557009533048e+02
4.217998811220750213e+02
4.400463443209882826e+02
4.573509003671351820e+02
4.755773707930929959e+02
4.935341298901475966e+02
5.120034192239399999e+02
5.301061505009420216e+02
5.759075930791441351e+02
5.953007537219673395e+02
6.147169354010839015e+02
6.338652485820930451e+02
6.540662069439422339e+02
6.734863602169789374e+02
6.931461785680148751e+02
7.123919334481470287e+02
7.317827382951509207e+02
7.511088813580572605e+02
7.702275241201277822e+02
7.897129986151121557e+02
8.089632928010541946e+02
8.281694725330453366e+02
8.478099148359615356e+02
8.674371079411357641e+02
8.861304809879511595e+02
9.060449515250511467e+02
9.253661262809764594e+02
9.443072778519708663e+02
9.641918929109815508e+02
9.836551245381124318e+02
1.002452435930026695e+03
1.022107787373010069e+03
1.041399139310931787e+03
1.060643501625163481e+03
1.079060950929997489e+03
1.097892761579947546e+03
1.117140525955008343e+03
1.136684794153086841e+03
1.155220804782118648e+03
1.175085168745135888e+03
1.194691376029048115e+03
1.214349339731037617e+03
1.234653761771973222e+03
1.253919302015099674e+03
1.273193547656992450e+03
1.292419784970115870e+03
1.311867282615974545e+03
1.330591582215158269e+03
1.350128906951984391e+03
1.370034636751981452e+03
1.389130497870966792e+03
1.408403710576938465e+03
1.427720090453978628e+03
1.447171122594038025e+03
1.465825263313949108e+03
1.484915688473964110e+03
1.503874666881980374e+03
1.523158668363932520e+03
1.542564734749030322e+03
1.561275623135967180e+03
1.580426586390938610e+03
1.599724959457060322e+03
1.619250750510953367e+03
1.638527360951062292e+03
1.657781370969023556e+03
1.677038826920092106e+03
1.696367895568022504e+03
1.716083776995074004e+03
1.735325591064058244e+03
1.754896229165140539e+03
1.774526520433137193e+03
1.794146619459148496e+03
1.813492652165936306e+03
1.832353354043094441e+03
1.851499653278151527e+03
1.871273022006032988e+03
1.890361741411965340e+03
1.909580379876075312e+03
1.928420617179013789e+03
1.947483843537047505e+03
2.002376308046048507e+03
2.054818453073967248e+03
2.106916686509968713e+03
2.159961414243094623e+03
2.212536763899959624e+03
2.265360917760990560e+03
2.318780316116986796e+03
2.370801630435977131e+03
2.422636185901938006e+03
2.476097927120979875e+03
2.529510531166102737e+03
2.584349978680023924e+03
2.637869604171020910e+03
2.688996109704952687e+03
2.741471088605932891e+03
2.795270091918064281e+03
2.848407319572055712e+03
2.901668778616003692e+03
2.953863483367022127e+03
3.007675940165063366e+03
3.061592009120155126e+03
3.114668180539971218e+03
3.166809751824941486e+03
3.222024170869961381e+03
3.275867153248982504e+03
3.329885691731004044e+03
3.384463542570127174e+03
3.440321459735045210e+03
3.492664228225126863e+03
3.546949615657096729e+03
3.599902282372117043e+03
3.652048593338113278e+03
3.704675056327134371e+03
3.755621391718043014e+03
3.807848884340142831e+03
3.861441193650942296e+03
3.914686172290006652e+03
3.966963685733033344e+03
4.020341917609097436e+03
4.074408139117993414e+03
4.126542190694017336e+03
4.179334700903156772e+03
4.231182077042991295e+03
4.285679114767117426e+03
4.338550560576142743e+03
4.392186602764995769e+03
4.444991129714995623e+03
4.499554361604154110e+03
4.553641487674089149e+03
4.605833367255982012e+03
4.657644872413016856e+03
4.711773008679971099e+03
4.764037346808938310e+03
4.815996954686939716e+03
4.867498644109116867e+03
4.919293040334014222e+03
4.971969986933982000e+03
5.025661528341006488e+03
5.079445316534955055e+03
5.134591351244132966e+03
5.187730255302973092e+03
5.241530583901097998e+03
5.295228809037012979e+03
5.346543202009983361e+03
5.400116693621966988e+03
5.454976931096985936e+03
5.508252601210959256e+03
5.561203183886129409e+03
5.615177311334060505e+03
5.666767425740137696e+03
5.719393629065947607e+03
5.773270769238006324e+03
5.825136609097942710e+03
5.877312599582131952e+03
5.930312575732124969e+03
5.984140974703012034e+03
6.036023949538124725e+03
6.090633586853044108e+03
6.145749287170125172e+03
6.198819415135076270e+03
6.251840575498063117e+03
6.304893524443032220e+03
6.357512006733100861e+03
6.409293767289025709e+03
6.462039572558132932e+03
6.518232313983142376e+03
6.572171038642060012e+03
6.624653497664025053e+03
6.676433697387110442e+03
6.730844998507061973e+03
6.783642925745109096e+03
6.835689876960124820e+03
6.890556959092151374e+03
6.943476046642987058e+03
6.996648763966048136e+03
7.050005750447046012e+03
7.102371984881116077e+03
7.155202473390148953e+03
7.208386034318944439e+03
7.261691099506104365e+03
7.569193610825110227e+03
7.885428078845143318e+03
8.201582018991932273e+03
8.512934494192013517e+03
8.829310951797990128e+03
9.146947823783149943e+03
9.462474695976125076e+03
9.785293506245128810e+03
1.010428737828112207e+04
1.041992512490414083e+04
1.073826361624198034e+04
1.105541941486415453e+04
1.137149907539295964e+04
1.168742440718109719e+04
1.200187297380715609e+04
1.231589827118697576e+04
1.263748032134212554e+04
1.295427093322598375e+04
1.327700639347708784e+04
1.358450173681112938e+04
1.390235589702497236e+04
1.422535094667994417e+04
1.454050248345895670e+04
1.486054531140904874e+04
1.518073722037905827e+04
1.549860893939901143e+04
1.582109732907311991e+04
1.614255358888301998e+04
1.645792783124209382e+04
1.677803627123893239e+04
1.709727464865916409e+04
1.741446717067412101e+04
1.773328601728193462e+04
1.805166046329797246e+04
1.836219821329298429e+04
1.867918071039603092e+04
1.899500139214308001e+04
1.932017467466695234e+04
1.963836885182512924e+04
1.995017478864709847e+04
2.026517438830900937e+04
2.057306181854405440e+04
2.088700208128616214e+04
2.120666779999993742e+04
2.152107593900896609e+04
2.183783525796514004e+04
2.215026094967313111e+04
2.245400109592312947e+04
2.277115599821414798e+04
2.308437921304116026e+04
2.340067444969108328e+04
2.371359395816712640e+04
2.403441978200012818e+04
2.435096820781705901e+04
2.466646942433807999e+04
2.498146261717006564e+04
2.530488838452100754e+04
2.562496839154209010e+04
2.594327782086608931e+04
2.626263885214994662e+04
2.657995057583414018e+04
2.689303900522110052e+04
2.720846529506309889e+04
2.751547693318501115e+04
2.783052891501714475e+04
2.814509130579605699e+04
2.845818490717210807e+04
2.877740690219495445e+04
2.909560919945104979e+04
2.941587535912310705e+04
2.973816624836996198e+04
3.005662556698406115e+04
3.037679335299110971e+04
3.069279846594505943e+04
3.100747479591798037e+04
3.132563154407893308e+04
3.164318713652598672e+04
3.195201403679512441e+04
3.226898407435300760e+04
3.258624804832506925e+04
3.290484743046411313e+04
3.322256649871496484e+04
3.354648821228905581e+04
3.386942007211805321e+04
3.418624948335904628e+04
3.450694968065596186e+04
3.481907361900806427e+04
3.513460041958605871e+04
3.545178014034614898e+04
3.577106729032914154e+04
3.609018542164401151e+04
3.640910000472096726e+04
3.672386142647103406e+04
3.704576724462304264e+04
3.736533555152593181e+04
3.768728180243005045e+04
3.800176668836199678e+04
3.832271171505004168e+04
3.863616190457693301e+04
3.894233426979510114e+04
4.084296763452608138e+04
4.275386925381002948e+04
4.465614597563911229e+04
4.655202838153601624e+04
4.843599779204395600e+04
5.031233171006198972e+04
5.221881759217102081e+04
5.413197444474906661e+04
5.602050123037397861e+04
5.792851542616100051e+04
5.981345852051302791e+04
6.172235450343415141e+04
6.360707835558196530e+04
6.554609085719613358e+04
6.749274106371495873e+04
6.972000139433611184e+04
7.194373408800293691e+04
7.414659524843702093e+04
7.639984441065811552e+04
7.888045016828994267e+04
8.137260282323416322e+04
8.383416818412300199e+04
8.629858582732407376e+04
8.875669743955507874e+04
9.123448198908311315e+04
9.367653457304206677e+04
9.615315915801608935e+04
9.862640320796798915e+04
1.011088617327159736e+05
1.035688880482320674e+05
1.060105426679190714e+05
1.085213276675511152e+05
1.109724575093439780e+05
1.135003896106849425e+05
1.159747274763821624e+05
1.184987129151350819e+05
1.209760342424260452e+05
1.234683701899820007e+05
1.259413819013489410e+05
1.284305078029560391e+05
1.309180408946941607e+05
1.334054210463219788e+05
1.358845300460511353e+05
1.383434275797209702e+05
1.408271939799741376e+05
1.432768607213471550e+05
1.457659877563500777e+05
1.482430944079060573e+05
1.507309332990860566e+05
1.531851545347119682e+05
1.557128796020839363e+05
1.581770930024620611e+05
1.606886793542520609e+05
1.631604719378740992e+05
1.656440721337299328e+05
1.681303905416179914e+05
1.706497893248510081e+05
1.731185434243590571e+05
1.756023231153199449e+05
1.781260988368210383e+05
1.806180456364769489e+05
1.831246922198641114e+05
1.856047530284090899e+05
1.880863046465199441e+05
1.905941812252609525e+05
1.931132497439100407e+05
1.953965650853060652e+05
1.975133740161389578e+05
1.995465948893979657e+05
2.014405361396910157e+05
2.033409827568160836e+05
2.052501316640970763e+05
2.071497615172620863e+05
2.090346971468850970e+05
2.109285119775061030e+05
2.128272282904570457e+05
2.147330739889030810e+05
2.166350613249591552e+05
2.185316899903451558e+05
2.204354780746030156e+05
2.222886327322360594e+05
2.241712761956530157e+05
2.260619302651830949e+05
2.279606993015811313e+05
2.298509734293869697e+05
