1.200205311179161072e-01
1.018348634243011475e-01
8.919163793325424194e-02
7.922802120447158813e-02
7.091445475816726685e-02
6.542619317770004272e-02
5.969627201557159424e-02
5.578307062387466431e-02
5.260580405592918396e-02
4.953798651695251465e-02
4.664172232151031494e-02
4.439816996455192566e-02
4.228688403964042664e-02
4.023736342787742615e-02
3.876860812306404114e-02
3.687793016433715820e-02
3.570909425616264343e-02
3.476811572909355164e-02
3.286864235997200012e-02
3.146566823124885559e-02
3.072922863066196442e-02
2.971893362700939178e-02
2.822650969028472900e-02
2.759714797139167786e-02
2.664012089371681213e-02
2.560608461499214172e-02
2.509945817291736603e-02
2.385118603706359863e-02
2.344328723847866058e-02
2.282256260514259338e-02
2.191658690571784973e-02
2.167049050331115723e-02
2.054878324270248413e-02
2.002365142107009888e-02
1.962652429938316345e-02
1.869524642825126648e-02
1.827868074178695679e-02
1.745289377868175507e-02
1.721127517521381378e-02
1.669565401971340179e-02
1.666487753391265869e-02
1.578379981219768524e-02
1.539030205458402634e-02
1.472822576761245728e-02
1.473658997565507889e-02
1.418058946728706360e-02
1.361626479774713516e-02
1.330265589058399200e-02
1.324367057532072067e-02
1.273506693542003632e-02
1.269433926790952682e-02
1.230664271861314774e-02
1.231803372502326965e-02
1.192914694547653198e-02
1.175035629421472549e-02
1.143541559576988220e-02
1.099820062518119812e-02
1.104935631155967712e-02
1.090794894844293594e-02
1.049600075930356979e-02
1.048697344958782196e-02
1.035370584577322006e-02
1.013046689331531525e-02
9.777043946087360382e-03
9.720973670482635498e-03
9.918235242366790771e-03
9.612922556698322296e-03
9.679369628429412842e-03
9.031974710524082184e-03
9.266541339457035065e-03
9.054950438439846039e-03
8.947814814746379852e-03
8.708664216101169586e-03
8.778334595263004303e-03
8.699173107743263245e-03
8.562618866562843323e-03
8.523385971784591675e-03
8.457919582724571228e-03
8.438258431851863861e-03
8.306588046252727509e-03
8.215962909162044525e-03
8.250790648162364960e-03
8.153479546308517456e-03
7.995250634849071503e-03
7.827713154256343842e-03
7.897262461483478546e-03
7.881319150328636169e-03
7.723665330559015274e-03
7.694629020988941193e-03
7.801258470863103867e-03
7.565253879874944687e-03
7.816260680556297302e-03
7.509618531912565231e-03
7.396824657917022705e-03
7.449782453477382660e-03
7.411878556013107300e-03
7.516586687415838242e-03
7.127325981855392456e-03
7.121446076780557632e-03
7.063336204737424850e-03
1.597479730844497681e-02
1.517185103148221970e-02
1.522015035152435303e-02
1.487859990447759628e-02
1.472548302263021469e-02
1.468968112021684647e-02
1.434768363833427429e-02
1.405438035726547241e-02
1.433142367750406265e-02
1.382106076925992966e-02
1.383165363222360611e-02
1.377809699624776840e-02
1.365257427096366882e-02
1.347186323255300522e-02
1.330980844795703888e-02
1.342641003429889679e-02
1.320257503539323807e-02
1.314816717058420181e-02
1.284428313374519348e-02
1.276832725852727890e-02
1.275617070496082306e-02
1.272970158606767654e-02
1.247539650648832321e-02
1.266537979245185852e-02
1.240797620266675949e-02
1.236370112746953964e-02
1.220600120723247528e-02
1.204974297434091568e-02
1.214982476085424423e-02
1.196213997900485992e-02
1.196153648197650909e-02
1.189245656132698059e-02
1.177016831934452057e-02
1.180333178490400314e-02
1.157253514975309372e-02
1.155743841081857681e-02
1.146215666085481644e-02
1.140086073428392410e-02
1.134087331593036652e-02
1.125857047736644745e-02
1.129054930061101913e-02
1.110015623271465302e-02
1.109756343066692352e-02
1.095390133559703827e-02
1.099817082285881042e-02
1.084515824913978577e-02
1.088386215269565582e-02
1.078278478235006332e-02
1.071362104266881943e-02
1.075807679444551468e-02
1.057230774313211441e-02
1.057603303343057632e-02
1.057324465364217758e-02
1.058021094650030136e-02
1.059527508914470673e-02
1.051360275596380234e-02
1.041785720735788345e-02
1.031303685158491135e-02
1.015449594706296921e-02
1.022863760590553284e-02
1.012883614748716354e-02
1.009169686585664749e-02
1.003727875649929047e-02
1.005396340042352676e-02
1.003116369247436523e-02
9.903772734105587006e-03
9.913724847137928009e-03
9.779698215425014496e-03
9.739141911268234253e-03
9.855404496192932129e-03
9.732631966471672058e-03
9.687920100986957550e-03
9.582570753991603851e-03
9.611506946384906769e-03
9.604293853044509888e-03
9.556969627737998962e-03
9.526405483484268188e-03
9.440788999199867249e-03
9.528240188956260681e-03
9.411453269422054291e-03
9.402843192219734192e-03
9.383326396346092224e-03
9.398202411830425262e-03
9.190024808049201965e-03
9.127461351454257965e-03
9.026003070175647736e-03
9.115455672144889832e-03
9.019977413117885590e-03
9.013202972710132599e-03
9.116179309785366058e-03
1.378807052969932556e-02
1.350152026861906052e-02
1.345904543995857239e-02
1.318380143493413925e-02
1.316481363028287888e-02
1.313917711377143860e-02
1.291449368000030518e-02
1.275802496820688248e-02
1.275626383721828461e-02
1.258724648505449295e-02
1.246917154639959335e-02
1.236704643815755844e-02
1.232441700994968414e-02
1.220124121755361557e-02
1.223141141235828400e-02
1.203385554254055023e-02
1.208507083356380463e-02
1.200169045478105545e-02
1.193048432469367981e-02
1.179335825145244598e-02
1.165250409394502640e-02
1.165653951466083527e-02
1.162681914865970612e-02
1.152034476399421692e-02
1.140151359140872955e-02
1.135988440364599228e-02
1.135523896664381027e-02
1.124085020273923874e-02
1.120812073349952698e-02
1.121353264898061752e-02
1.114745158702135086e-02
1.102479360997676849e-02
1.102108135819435120e-02
1.097894180566072464e-02
1.091996021568775177e-02
1.096212491393089294e-02
1.078382320702075958e-02
1.080725900828838348e-02
1.077223662286996841e-02
1.079014409333467484e-02
1.062137447297573090e-02
1.060813665390014648e-02
1.069802511483430862e-02
1.060116011649370193e-02
1.053132861852645874e-02
1.050528697669506073e-02
1.052781101316213608e-02
1.043116487562656403e-02
1.033228915184736252e-02
1.034746132791042328e-02
1.031986810266971588e-02
1.026809401810169220e-02
1.027309522032737732e-02
1.023099850863218307e-02
1.023949589580297470e-02
1.016090344637632370e-02
1.020225323736667633e-02
1.010637171566486359e-02
1.006164122372865677e-02
1.004282850772142410e-02
9.928558021783828735e-03
1.000481098890304565e-02
1.000320259481668472e-02
9.945325553417205811e-03
9.937561117112636566e-03
9.890682063996791840e-03
9.908237494528293610e-03
9.870715439319610596e-03
9.778369218111038208e-03
9.817045181989669800e-03
9.731083177030086517e-03
9.727010503411293030e-03
9.673230350017547607e-03
9.627639316022396088e-03
9.607247076928615570e-03
9.582713246345520020e-03
9.622056968510150909e-03
9.609744884073734283e-03
9.630855172872543335e-03
1.215101219713687897e-02
1.203010324388742447e-02
1.193041075021028519e-02
1.183087471872568130e-02
1.186027750372886658e-02
1.188715826719999313e-02
1.182940416038036346e-02
1.177471689879894257e-02
1.176974270492792130e-02
1.180228963494300842e-02
1.164253801107406616e-02
1.164384186267852783e-02
1.157984323799610138e-02
1.158009748905897141e-02
1.157122477889060974e-02
1.155851315706968307e-02
1.315851602703332901e-02
1.306200772523880005e-02
1.297103241086006165e-02
1.297694444656372070e-02
1.302483864128589630e-02
1.294391043484210968e-02
1.290138717740774155e-02
1.279934495687484741e-02
1.281853951513767242e-02
1.277784351259469986e-02
1.269774604588747025e-02
1.263201516121625900e-02
1.265974715352058411e-02
1.260564755648374557e-02
1.253999397158622742e-02
1.256650593131780624e-02
1.259803399443626404e-02
1.257210504263639450e-02
1.247534994035959244e-02
1.246902626007795334e-02
1.243634801357984543e-02
1.236136909574270248e-02
1.245486922562122345e-02
1.233343873172998428e-02
1.235666219145059586e-02
1.224906090646982193e-02
1.225934270769357681e-02
1.218484528362751007e-02
1.222953107208013535e-02
1.225428190082311630e-02
1.220107171684503555e-02
1.216701138764619827e-02
1.205875352025032043e-02
1.213933434337377548e-02
1.205745059996843338e-02
1.202350109815597534e-02
1.204415876418352127e-02
1.199139188975095749e-02
1.201179530471563339e-02
1.203003525733947754e-02
1.193490438163280487e-02
1.195158250629901886e-02
1.279192697256803513e-02
1.282795704901218414e-02
1.270216703414916992e-02
1.274943072348833084e-02
1.271413173526525497e-02
1.272170059382915497e-02
1.267409045249223709e-02
1.264196354895830154e-02
1.264091581106185913e-02
1.269700471311807632e-02
1.304559595882892609e-02
1.298889145255088806e-02
1.301289163529872894e-02
1.297709811478853226e-02
1.291923318058252335e-02
1.294175162911415100e-02
1.299635972827672958e-02
