9.507049599999845668e+00
1.703911689999995360e+01
2.480135339999969801e+01
3.247488979999980074e+01
4.001647499999990032e+01
4.768754509999962465e+01
5.528439939999998387e+01
6.264325639999970008e+01
7.021915249999983644e+01
7.783183919999964928e+01
8.548674140000002808e+01
9.312705179999966276e+01
1.007119787999999971e+02
1.081429336999999578e+02
1.158297497999997177e+02
1.232475919999997132e+02
1.306436776999998983e+02
1.380099299999997129e+02
1.454903761999999006e+02
1.528566656999996667e+02
1.601057138999999552e+02
1.674972294999997757e+02
1.750884790000000066e+02
1.823553334999996878e+02
1.897962999999999738e+02
1.970843678999999611e+02
2.042412933999999041e+02
2.115474734999997963e+02
2.187720546000000468e+02
2.259442065999996885e+02
2.333321257999996305e+02
2.406003660999999738e+02
2.477885135999999875e+02
2.551809803999999531e+02
2.626693425999997089e+02
2.698427700999995977e+02
2.771423869000000195e+02
2.843802286999998614e+02
2.915994127999997545e+02
2.988405760999999075e+02
3.060331317000000126e+02
3.131152735999999095e+02
3.202277764000000388e+02
3.273027071999999862e+02
3.343806994999999915e+02
3.416293163000000277e+02
3.486417496999997638e+02
3.558719298999999410e+02
3.630724990999997317e+02
3.701524325000000317e+02
3.772914350999999442e+02
3.845073219999999310e+02
3.915920650999996724e+02
3.986053534999996373e+02
4.057820733999997174e+02
4.128304110999997647e+02
4.197446300999999949e+02
4.269425815999998122e+02
4.339993656999999985e+02
4.411929152999996404e+02
4.482461328999997932e+02
4.552332695000000058e+02
4.621702833999997893e+02
4.692533891999996740e+02
4.762342721999998503e+02
4.831375856999998177e+02
4.902863846999998714e+02
4.972350536999997530e+02
5.041227716999997028e+02
5.111381851999999526e+02
5.179668480000000272e+02
5.247355819999997948e+02
5.318067888000000494e+02
5.389405582999997932e+02
5.456996093999996447e+02
5.527418715999997403e+02
5.595628698000000441e+02
5.664155610999996497e+02
5.734368190000000141e+02
5.802959741999998187e+02
5.870636212999997952e+02
5.940744408000000476e+02
6.010499121999996532e+02
6.077748498999999356e+02
6.146515712999998868e+02
6.213792782000000443e+02
6.285455801999996766e+02
6.354427553999998963e+02
6.421568576999998186e+02
6.490965280000000348e+02
6.559581570000000283e+02
6.628819485999997596e+02
6.695968777999996746e+02
6.764999426999997922e+02
6.831904138999998395e+02
6.899899038999997174e+02
6.969072997999996915e+02
7.036163463999996566e+02
7.102802582999997867e+02
7.171903314999999566e+02
7.342349783999998181e+02
7.513624942999999803e+02
7.685868256999997357e+02
7.856162935999996080e+02
8.024642158999999992e+02
8.197693028999997296e+02
8.367597356000001128e+02
8.540960472000001573e+02
8.714248408999997082e+02
8.882392416999996385e+02
9.053598693999997522e+02
9.226989748999999392e+02
9.396745392999996511e+02
9.565587555999995857e+02
9.740729258999995182e+02
9.913582371999996212e+02
1.008447080299999925e+03
1.025637287999999444e+03
1.042822295700000268e+03
1.059887789199999588e+03
1.077387202899999920e+03
1.094637390200000027e+03
1.112080329799999618e+03
1.129288958300000104e+03
1.146475001399999655e+03
1.163743500299999596e+03
1.181042670799999996e+03
1.198243540699999812e+03
1.215391382100000101e+03
1.232994839800000136e+03
1.250197784899999988e+03
1.267310978999999406e+03
1.285074409399999695e+03
1.302181780700000218e+03
1.319294895999999881e+03
1.336586564300000191e+03
1.355409494099999847e+03
1.374532630600000175e+03
1.393590407899999718e+03
1.411752818399999796e+03
1.430497183500000119e+03
1.449450095699999565e+03
1.467954365899999630e+03
1.486196189499999946e+03
1.505502857699999822e+03
1.530551383800000167e+03
1.552130595099999937e+03
1.576736005899999782e+03
1.599726844700000129e+03
1.624199711300000217e+03
1.643417938699999922e+03
1.662391909299999952e+03
1.681449574699999630e+03
1.699385816299999988e+03
1.718484892599999966e+03
1.737709201699999994e+03
1.756087022999999590e+03
1.775610147500000039e+03
1.793961867299999994e+03
1.813301172400000269e+03
1.831464285999999902e+03
1.850427223799999865e+03
1.868718279199999870e+03
1.887363115399999970e+03
1.906146445599999879e+03
1.925852790700000241e+03
1.945073456999999962e+03
1.963710902000000260e+03
1.982678945199999816e+03
2.001577526900000066e+03
2.019478696799999398e+03
2.038403730200000155e+03
2.057592936499999723e+03
2.076250128499999391e+03
2.095139685099999497e+03
2.113607135499999913e+03
2.133393236100000195e+03
2.153382641099999546e+03
2.171850248700000066e+03
2.192690284199999496e+03
2.212680465899999490e+03
2.232108396799999809e+03
2.250522905599999376e+03
2.269798113899999862e+03
2.288836240699999962e+03
2.307686540799999875e+03
