5.788655281066894531e-01
2.763205468654632568e-01
1.754256784915924072e-01
1.524363756179809570e-01
1.408291012048721313e-01
1.327546834945678711e-01
1.245761737227439880e-01
1.170028969645500183e-01
1.108027994632720947e-01
1.048898026347160339e-01
9.939274936914443970e-02
9.466244280338287354e-02
9.006363898515701294e-02
8.572799712419509888e-02
8.153425157070159912e-02
7.869261503219604492e-02
7.490102201700210571e-02
7.109019160270690918e-02
6.981001049280166626e-02
6.735731661319732666e-02
6.438299268484115601e-02
6.133637949824333191e-02
6.020861119031906128e-02
5.695948749780654907e-02
5.518317595124244690e-02
5.338271707296371460e-02
5.120027065277099609e-02
4.999076575040817261e-02
4.959991201758384705e-02
4.775414615869522095e-02
4.576379433274269104e-02
4.424098134040832520e-02
4.362792894244194031e-02
4.215553402900695801e-02
4.167076572775840759e-02
3.990664705634117126e-02
3.893820196390151978e-02
3.824042528867721558e-02
3.713707625865936279e-02
3.672488778829574585e-02
3.564429655671119690e-02
