6.584488600492477417e-02
4.622688889503479004e-02
4.620568081736564636e-02
4.607548564672470093e-02
4.609304293990135193e-02
4.620167613029479980e-02
4.613158479332923889e-02
4.612177610397338867e-02
4.616213589906692505e-02
4.620439186692237854e-02
4.423914104700088501e-02
4.399092867970466614e-02
4.406114295125007629e-02
4.396292939782142639e-02
4.391304031014442444e-02
4.384091868996620178e-02
2.782125957310199738e-02
1.590078696608543396e-02
1.099818293005228043e-02
8.815602399408817291e-03
7.666309829801321030e-03
7.185945287346839905e-03
6.761091295629739761e-03
6.116963922977447510e-03
5.567738786339759827e-03
5.450822878628969193e-03
5.087747238576412201e-03
5.037607625126838684e-03
4.837638232856988907e-03
4.660509526729583740e-03
4.565580748021602631e-03
4.397570621222257614e-03
4.460553638637065887e-03
4.248173441737890244e-03
4.062696360051631927e-03
4.150629509240388870e-03
3.969812300056219101e-03
3.888152306899428368e-03
3.986692987382411957e-03
3.870426211506128311e-03
3.906608093529939651e-03
3.912949003279209137e-03
3.736975602805614471e-03
3.533070674166083336e-03
3.655672771856188774e-03
3.677926724776625633e-03
3.812570124864578247e-03
3.775640856474637985e-03
3.636869369074702263e-03
3.575062844902276993e-03
3.510291688144207001e-03
3.549361601471900940e-03
3.441965673118829727e-03
3.469866933301091194e-03
3.382431808859109879e-03
3.363874740898609161e-03
3.419179236516356468e-03
3.340720897540450096e-03
3.365934127941727638e-03
3.263283520936965942e-03
3.307563485577702522e-03
3.425817238166928291e-03
3.277331823483109474e-03
3.295537782832980156e-03
3.261933568865060806e-03
3.222608240321278572e-03
3.150507807731628418e-03
3.191428259015083313e-03
3.169073490425944328e-03
3.197740763425827026e-03
3.161427332088351250e-03
3.157464321702718735e-03
3.068481804803013802e-03
3.199408762156963348e-03
