1.098292869999932009e+01
2.105052059999979974e+01
3.105259810000097787e+01
4.104682019999927434e+01
5.079884040000069945e+01
6.114779389999966952e+01
7.077987650000068243e+01
8.121575739999934740e+01
9.101178799999979674e+01
1.012040032000004430e+02
1.301462016999994376e+02
1.596004179999999906e+02
1.893575899999996182e+02
2.188153736000003846e+02
2.483779266000001371e+02
2.780278441999998904e+02
3.071419832999999926e+02
3.363563690000009956e+02
3.664710611000009521e+02
3.962835759000008693e+02
4.265545867000000726e+02
4.563475868000004994e+02
4.857992052000008698e+02
5.153643905999997514e+02
5.455393426000009640e+02
5.752371395000009215e+02
6.049012435999993613e+02
6.347569364999999380e+02
6.642080378000009659e+02
6.939182204999997339e+02
7.237555267000007007e+02
7.537101951000004192e+02
7.839082923000005394e+02
8.143299812999994174e+02
8.441544859000005090e+02
8.744255943999996816e+02
9.048275362000003952e+02
9.348213231999998243e+02
9.647763027000000875e+02
9.957111922000003688e+02
1.025733683899999960e+03
1.055864167600000656e+03
1.085656828700000915e+03
1.116224002599999949e+03
1.146221376100000271e+03
1.177186418499999490e+03
1.207036363700000948e+03
1.237112999700000728e+03
1.267313967500000217e+03
1.297423448900000949e+03
1.327216236500000377e+03
1.357514325599999211e+03
1.387374419400000988e+03
1.417118438900000911e+03
1.447321524900000441e+03
1.477673554700000750e+03
1.507764505400000417e+03
1.538899865699999282e+03
1.568899955299999419e+03
1.599159476700000596e+03
1.629812091100000544e+03
1.659269452200000160e+03
1.690219972400000188e+03
1.720463888500000394e+03
1.750671929100000852e+03
1.781033287000000200e+03
1.811577560100000483e+03
1.841861431799999991e+03
1.872317577600000732e+03
1.902961850400000912e+03
1.933936399500000334e+03
1.963955068400000528e+03
1.995024899699999878e+03
2.025519360000000233e+03
