8.717169761657714844e-01
8.749368190765380859e-01
8.748499155044555664e-01
8.734691739082336426e-01
8.719536662101745605e-01
8.753076791763305664e-01
8.745971918106079102e-01
8.833330869674682617e-01
9.283222556114196777e-01
9.335780143737792969e-01
9.367344975471496582e-01
9.395282268524169922e-01
9.417297244071960449e-01
9.417695403099060059e-01
9.473088383674621582e-01
9.522960186004638672e-01
9.560371637344360352e-01
9.602432250976562500e-01
9.617978334426879883e-01
9.621213674545288086e-01
9.626972079277038574e-01
9.624764323234558105e-01
9.629341959953308105e-01
9.625946879386901855e-01
9.634942412376403809e-01
9.275866746902465820e-01
9.332112073898315430e-01
9.354639649391174316e-01
9.384774565696716309e-01
9.397965073585510254e-01
9.408237338066101074e-01
9.423491358757019043e-01
9.436282515525817871e-01
9.447147250175476074e-01
9.453724026679992676e-01
9.463123679161071777e-01
9.468355774879455566e-01
9.473413825035095215e-01
9.473859667778015137e-01
9.486235976219177246e-01
9.494194388389587402e-01
9.492930173873901367e-01
9.499679803848266602e-01
9.501414895057678223e-01
9.503646492958068848e-01
9.513216018676757812e-01
9.512251615524291992e-01
9.508482217788696289e-01
9.512695074081420898e-01
9.516496062278747559e-01
9.519641995429992676e-01
9.520683288574218750e-01
9.523267745971679688e-01
9.523634314537048340e-01
9.524556398391723633e-01
9.530557394027709961e-01
9.529564380645751953e-01
9.532017111778259277e-01
9.529164433479309082e-01
9.536586999893188477e-01
9.534130096435546875e-01
9.538544416427612305e-01
9.539359211921691895e-01
