5.613414943218231201e-02
4.611214622855186462e-02
4.610450938344001770e-02
4.616414755582809448e-02
4.607499763369560242e-02
4.605166241526603699e-02
4.608575999736785889e-02
4.032449796795845032e-02
1.769939437508583069e-02
1.540476642549037933e-02
1.398571953177452087e-02
1.261102594435214996e-02
1.126632466912269592e-02
1.031021215021610260e-02
7.942207157611846924e-03
5.533258896321058273e-03
3.759925253689289093e-03
2.396756783127784729e-03
1.746767782606184483e-03
1.587309525348246098e-03
1.412409823387861252e-03
1.224595704115927219e-03
1.203970168717205524e-03
1.162821077741682529e-03
9.756019571796059608e-04
7.420241367071866989e-03
5.720918066799640656e-03
4.878016654402017593e-03
4.104042891412973404e-03
3.610164159908890724e-03
3.242264734581112862e-03
2.983902581036090851e-03
2.736475085839629173e-03
2.541888505220413208e-03
2.416932489722967148e-03
2.218596870079636574e-03
2.117200056090950966e-03
2.013064920902252197e-03
1.999241299927234650e-03
1.848135492764413357e-03
1.784541411325335503e-03
1.738262712024152279e-03
1.668308163061738014e-03
1.633235253393650055e-03
1.578797819092869759e-03
1.522181555628776550e-03
1.464502420276403427e-03
1.479794271290302277e-03
1.459994819015264511e-03
1.402189140208065510e-03
1.370085752569139004e-03
1.361206406727433205e-03
1.304159755818545818e-03
1.302570453844964504e-03
1.306101796217262745e-03
1.251625712029635906e-03
1.253050286322832108e-03
1.204145839437842369e-03
1.227975008077919483e-03
1.171675859950482845e-03
1.192678348161280155e-03
1.142663299106061459e-03
1.167161157354712486e-03
