1.253181930000005195e+01
2.376713489999997364e+01
3.577182530000004590e+01
4.714668789999996079e+01
5.863278809999997065e+01
7.002179139999998370e+01
8.169102060000000165e+01
9.297957380000002559e+01
1.043614608000000317e+02
1.159111629999999877e+02
1.271282564000000548e+02
1.378291091999999480e+02
1.493982395000000452e+02
1.606558053999999629e+02
1.715129211999999370e+02
1.831254702999999608e+02
1.943718175999999858e+02
2.051325234000000819e+02
2.164026165000000219e+02
2.278818201999999928e+02
2.387918563000000631e+02
2.502488902000000053e+02
2.618122677999999723e+02
2.726692573999998785e+02
2.841921452999999929e+02
3.218456149999999525e+02
3.614567801999999119e+02
4.016654932999999801e+02
4.414427229000000352e+02
4.821318899000000329e+02
5.220688789999999244e+02
5.619462717999999768e+02
6.016853978999999981e+02
6.414622769000000062e+02
6.808652457000000595e+02
7.204189206999999442e+02
7.659034420000000409e+02
8.085319638999999370e+02
8.497388985000000048e+02
8.907692636999997831e+02
9.308925665999997818e+02
9.704450939999999264e+02
1.008559786600000052e+03
1.046509328899999900e+03
1.084601670700000113e+03
1.122678386899999850e+03
1.161647820399999773e+03
1.200444513499999857e+03
1.239087293700000146e+03
1.277267411699999911e+03
1.315391567500000065e+03
1.353805436200000031e+03
1.392378242600000021e+03
1.430688115100000005e+03
1.468930259500000147e+03
1.507522305600000209e+03
1.545665590199999997e+03
1.583842892599999914e+03
1.622303122000000030e+03
1.660951350499999762e+03
1.699427708099999791e+03
1.737810032199999796e+03
1.776122205100000201e+03
