8.319918513298034668e-01
9.047030210494995117e-01
9.243056774139404297e-01
9.340909123420715332e-01
9.388731122016906738e-01
9.416350722312927246e-01
9.437657594680786133e-01
9.453755617141723633e-01
9.459437131881713867e-01
9.478217959403991699e-01
9.490055441856384277e-01
9.481061100959777832e-01
9.497159123420715332e-01
9.488005042076110840e-01
9.499371051788330078e-01
9.499685764312744141e-01
9.507576227188110352e-01
9.514992237091064453e-01
9.508364796638488770e-01
9.514047503471374512e-01
9.526515007019042969e-01
9.523044228553771973e-01
9.517992138862609863e-01
9.531248807907104492e-01
9.533304572105407715e-01
9.526515603065490723e-01
9.531250000000000000e-01
9.542613029479980469e-01
9.537089467048645020e-01
9.535352587699890137e-01
9.532040953636169434e-01
9.538511037826538086e-01
9.552398920059204102e-01
9.547978043556213379e-01
9.544348716735839844e-01
9.546559453010559082e-01
9.551610350608825684e-01
9.548453092575073242e-01
9.548452496528625488e-01
9.544979333877563477e-01
9.564867019653320312e-01
9.553186297416687012e-01
9.556344747543334961e-01
9.552557468414306641e-01
9.554767012596130371e-01
9.553503990173339844e-01
9.561395645141601562e-01
9.563290476799011230e-01
9.553660154342651367e-01
9.571022987365722656e-01
9.551769495010375977e-01
9.572601318359375000e-01
9.562499523162841797e-01
9.556343555450439453e-01
9.555239677429199219e-01
9.561080336570739746e-01
9.561553001403808594e-01
9.571180343627929688e-01
9.553978443145751953e-01
9.574810862541198730e-01
9.568024873733520508e-01
9.231300354003906250e-01
9.231448173522949219e-01
9.233780503273010254e-01
9.248412251472473145e-01
9.255060553550720215e-01
9.256646633148193359e-01
9.267656803131103516e-01
9.265973567962646484e-01
9.273906350135803223e-01
9.277034401893615723e-01
9.279713034629821777e-01
9.283825755119323730e-01
9.289434552192687988e-01
9.296675324440002441e-01
9.288096427917480469e-01
9.297319650650024414e-01
9.301488399505615234e-01
9.299904108047485352e-01
9.302977919578552246e-01
9.299054741859436035e-01
9.294644594192504883e-01
9.302331805229187012e-01
9.306250810623168945e-01
9.306001663208007812e-01
9.322372674942016602e-01
9.311209321022033691e-01
9.313589334487915039e-01
9.306046962738037109e-01
9.303720593452453613e-01
9.317266941070556641e-01
9.313938021659851074e-01
9.314927458763122559e-01
9.324009418487548828e-01
9.321081638336181641e-01
9.318653345108032227e-01
9.325348138809204102e-01
9.328274130821228027e-01
9.328572154045104980e-01
9.323759078979492188e-01
9.328371882438659668e-01
9.341019392013549805e-01
9.338343739509582520e-01
9.336161613464355469e-01
9.333136677742004395e-01
9.337348937988281250e-01
9.339485168457031250e-01
9.339036345481872559e-01
9.336257576942443848e-01
9.351539015769958496e-01
9.341915249824523926e-01
9.343152642250061035e-01
9.349005222320556641e-01
9.340573549270629883e-01
9.348958134651184082e-01
9.348809123039245605e-01
9.348709583282470703e-01
9.352281093597412109e-01
9.350699186325073242e-01
9.356002211570739746e-01
9.352578520774841309e-01
9.350298047065734863e-01
9.352729320526123047e-01
9.353769421577453613e-01
9.356153011322021484e-01
9.353569746017456055e-01
9.360811114311218262e-01
9.362350702285766602e-01
9.364879727363586426e-01
9.364681839942932129e-01
9.373016953468322754e-01
9.359524250030517578e-01
9.364184737205505371e-01
9.363341331481933594e-01
9.374653697013854980e-01
9.371078014373779297e-01
9.363395571708679199e-01
9.364239573478698730e-01
9.366369843482971191e-01
9.373858571052551270e-01
9.366216063499450684e-01
9.372621178627014160e-01
9.377134442329406738e-01
9.370685815811157227e-01
