1.002059030000054918e+01
1.928503490000002785e+01
2.909032300000035320e+01
3.810722669999995560e+01
4.709466819999943255e+01
5.618023300000095333e+01
6.530727920000026643e+01
7.433943770000041695e+01
8.329073740000058024e+01
9.222023459999945771e+01
1.013011686000008922e+02
1.102154599000004964e+02
1.191667744999995193e+02
1.280771505000011530e+02
1.363683228999998391e+02
1.457149262000002636e+02
1.546908824000001914e+02
1.633430941000005987e+02
1.721642592000007426e+02
1.810779609000001074e+02
1.900668924000001425e+02
1.984366864000003261e+02
2.077945149000006495e+02
2.165077495999994426e+02
2.254064046000003145e+02
2.343893342999999732e+02
2.431405107999999018e+02
2.518037586999998894e+02
2.608451930999999604e+02
2.699808725000002596e+02
2.787894407000003412e+02
2.877801302000007126e+02
2.965524371000010433e+02
3.052299763000009989e+02
3.140551506000010704e+02
3.232103390000011132e+02
3.321255342000004021e+02
3.406447024999997666e+02
3.499649781000007351e+02
3.589243695999994088e+02
3.680090505999996822e+02
3.767819283000007999e+02
3.857771805000011227e+02
3.948419317999996565e+02
4.036881623999997828e+02
4.127242286000000604e+02
4.215626384999995935e+02
4.310629495000011957e+02
4.405910280000007333e+02
4.496520596999998816e+02
4.585923462999999174e+02
4.675387516999999207e+02
4.764560835000011139e+02
4.854497609999998531e+02
4.943942370000004303e+02
5.031753409000011743e+02
5.117330768000010721e+02
5.210417926999998599e+02
5.300837757000008423e+02
5.387481812000005448e+02
5.477155870000005962e+02
5.749595117999997456e+02
6.028825969999998051e+02
6.297344286999996257e+02
6.565728533000001335e+02
6.848575467000009667e+02
7.122520562999998219e+02
7.395549341999994795e+02
7.670885610000004817e+02
7.941597767000002932e+02
8.214290521000002627e+02
8.483274189000003389e+02
8.752530244999998104e+02
9.023886679000006552e+02
9.308711251000004268e+02
9.582467076000011730e+02
9.854396603000004689e+02
1.012536172600001009e+03
1.039587150700001075e+03
1.066975748599999861e+03
1.094883761600000071e+03
1.122251398800000970e+03
1.149843582900000911e+03
1.177217786999999589e+03
1.204552848000001177e+03
1.232138666200000443e+03
1.259154413199999908e+03
1.287170213800000056e+03
1.315394410700000662e+03
1.343351715200000399e+03
1.370949652700001025e+03
1.398773618900000656e+03
1.426864990899999611e+03
1.455441205900000568e+03
1.483355015099999946e+03
1.511170056500001010e+03
1.538357888099999400e+03
1.566104193299999679e+03
1.594436489300000176e+03
1.622626996900000449e+03
1.650989096200000859e+03
1.678737069099999644e+03
1.706712391900000512e+03
1.734688726599999427e+03
1.762472560800000792e+03
1.790150871300000290e+03
1.818391840700000103e+03
1.846401794299999892e+03
1.873881886500001201e+03
1.901792801999999938e+03
1.929211204400000497e+03
1.956958833599999707e+03
1.986000284600000668e+03
2.013415452299999743e+03
2.041325118700000530e+03
2.068377345700000660e+03
2.096678387800000564e+03
2.123911295800000516e+03
2.152292520700000750e+03
2.179888246500000605e+03
2.207698601300000519e+03
2.235867585400001190e+03
2.263659825000000637e+03
2.291637347600000794e+03
2.319742795600001045e+03
2.347190070900000137e+03
2.375723089500001151e+03
2.403987707399999636e+03
2.432036126400000285e+03
2.460030410700001084e+03
2.487530001099999936e+03
2.516236253700000816e+03
2.545128752599999643e+03
2.573373253100000511e+03
2.600751217299999553e+03
2.629559876600000280e+03
2.657873849800000244e+03
2.685584290400000100e+03
2.714104465399999754e+03
2.742472156199999517e+03
2.770583681699999943e+03
2.798550431800000297e+03
2.826345166700000846e+03
2.854607759200000146e+03
