2.779074609279632568e-01
2.495238780975341797e-01
2.410937994718551636e-01
2.365304231643676758e-01
2.265111058950424194e-01
2.212675213813781738e-01
2.166333943605422974e-01
2.096439450979232788e-01
2.100925296545028687e-01
2.027401477098464966e-01
2.036479860544204712e-01
1.988788694143295288e-01
1.947533339262008667e-01
1.951202154159545898e-01
1.906266212463378906e-01
1.856721192598342896e-01
1.858176141977310181e-01
1.867585927248001099e-01
1.818515658378601074e-01
1.822289228439331055e-01
1.803740411996841431e-01
1.814281940460205078e-01
1.777343302965164185e-01
1.763607859611511230e-01
1.732876747846603394e-01
1.736460924148559570e-01
1.726083755493164062e-01
1.730239838361740112e-01
1.742271780967712402e-01
1.676404923200607300e-01
1.680501550436019897e-01
1.684406846761703491e-01
1.689073294401168823e-01
1.645535826683044434e-01
1.657298356294631958e-01
1.647664755582809448e-01
1.634031683206558228e-01
1.626620143651962280e-01
1.618494242429733276e-01
1.598167270421981812e-01
1.583965718746185303e-01
1.583338379859924316e-01
1.604794710874557495e-01
1.564313024282455444e-01
1.559430807828903198e-01
1.571509391069412231e-01
1.584015190601348877e-01
1.593246012926101685e-01
1.555832624435424805e-01
1.514115184545516968e-01
1.548985093832015991e-01
1.525706797838211060e-01
1.502501815557479858e-01
1.529807299375534058e-01
1.537391990423202515e-01
1.501141190528869629e-01
1.505863666534423828e-01
1.498178839683532715e-01
1.516592055559158325e-01
1.506729573011398315e-01
1.484139114618301392e-01
1.446684598922729492e-01
1.475113183259963989e-01
1.462860852479934692e-01
1.478226333856582642e-01
1.422877311706542969e-01
1.417527943849563599e-01
1.435214579105377197e-01
1.426817178726196289e-01
1.433272510766983032e-01
1.429985016584396362e-01
1.410457342863082886e-01
1.414007097482681274e-01
1.408627778291702271e-01
1.433074027299880981e-01
1.432327032089233398e-01
1.419878751039505005e-01
1.391971260309219360e-01
1.395694166421890259e-01
1.395882964134216309e-01
1.364802867174148560e-01
1.341192722320556641e-01
1.338168084621429443e-01
1.322880536317825317e-01
1.322916001081466675e-01
1.292410641908645630e-01
1.269014626741409302e-01
1.280867755413055420e-01
1.286942809820175171e-01
1.263363659381866455e-01
1.257994472980499268e-01
1.242244914174079895e-01
1.231474876403808594e-01
1.223209053277969360e-01
1.196965500712394714e-01
1.192700192332267761e-01
1.185280010104179382e-01
1.176639720797538757e-01
1.167511269450187683e-01
1.166072562336921692e-01
1.132805719971656799e-01
1.134394034743309021e-01
1.151337623596191406e-01
1.105430498719215393e-01
1.120740249752998352e-01
1.091583669185638428e-01
1.088118776679039001e-01
1.087506860494613647e-01
1.065857782959938049e-01
1.042051464319229126e-01
1.035320982336997986e-01
1.043988391757011414e-01
1.044198125600814819e-01
1.021144539117813110e-01
1.010748669505119324e-01
1.009366288781166077e-01
9.954047203063964844e-02
9.841251373291015625e-02
9.726117551326751709e-02
9.531630575656890869e-02
9.641085565090179443e-02
9.527603536844253540e-02
9.372002631425857544e-02
9.279341250658035278e-02
9.400150179862976074e-02
9.263668209314346313e-02
9.128423780202865601e-02
9.065365791320800781e-02
8.954739570617675781e-02
8.806340396404266357e-02
8.735081553459167480e-02
8.674202114343643188e-02
8.762401342391967773e-02
8.485104888677597046e-02
8.646488934755325317e-02
8.454398810863494873e-02
8.378535509109497070e-02
8.326105028390884399e-02
8.183239400386810303e-02
8.126416802406311035e-02
8.230720460414886475e-02
7.972298562526702881e-02
7.850015908479690552e-02
7.974889129400253296e-02
7.836011797189712524e-02
7.611251622438430786e-02
7.555569708347320557e-02
7.515659928321838379e-02
7.532523572444915771e-02
7.292058318853378296e-02
7.465925812721252441e-02
7.272217422723770142e-02
7.314381003379821777e-02
7.308421283960342407e-02
7.029824703931808472e-02
7.072614133358001709e-02
6.805694848299026489e-02
6.839904189109802246e-02
6.941170245409011841e-02
6.773059070110321045e-02
6.705620884895324707e-02
6.709778308868408203e-02
6.677109003067016602e-02
6.774095445871353149e-02
6.661070883274078369e-02
6.546697020530700684e-02
6.466057151556015015e-02
6.508333981037139893e-02
6.389194726943969727e-02
6.391895562410354614e-02
6.267278641462326050e-02
6.202824786305427551e-02
6.202957034111022949e-02
6.001022830605506897e-02
5.984598770737648010e-02
