8.768624067306518555e-01
8.767991662025451660e-01
8.776832818984985352e-01
8.728849887847900391e-01
8.728376626968383789e-01
8.751895427703857422e-01
8.757259249687194824e-01
8.769412636756896973e-01
8.754103779792785645e-01
8.730903863906860352e-01
8.783616423606872559e-01
8.736426830291748047e-01
8.759942054748535156e-01
8.834910988807678223e-01
9.262782931327819824e-01
9.351484179496765137e-01
9.375789761543273926e-01
9.398673176765441895e-01
9.440025091171264648e-01
9.498261809349060059e-01
9.559344649314880371e-01
9.610952138900756836e-01
9.618057012557983398e-01
9.627208113670349121e-01
9.641730785369873047e-01
9.625316262245178223e-01
9.630840420722961426e-01
9.638099074363708496e-01
9.629261493682861328e-01
9.655145406723022461e-01
9.643940329551696777e-01
9.637943506240844727e-01
9.651516079902648926e-01
9.651988744735717773e-01
9.662246704101562500e-01
9.628630280494689941e-01
9.643939137458801270e-01
9.648357033729553223e-01
9.652619361877441406e-01
9.647728204727172852e-01
9.658615589141845703e-01
9.642677903175354004e-01
9.646937847137451172e-01
9.650884270668029785e-01
9.664930105209350586e-01
9.644885659217834473e-01
9.661772847175598145e-01
9.636364579200744629e-01
9.295436143875122070e-01
9.349103569984436035e-01
9.382387995719909668e-01
9.403672814369201660e-01
9.425990581512451172e-01
9.432641863822937012e-01
9.440821409225463867e-01
9.446676969528198242e-01
9.472224712371826172e-01
9.456645846366882324e-01
9.473508000373840332e-01
9.479069113731384277e-01
9.487898349761962891e-01
9.483932256698608398e-01
9.482688903808593750e-01
9.497518539428710938e-01
9.502631425857543945e-01
9.506349563598632812e-01
9.503870606422424316e-01
9.508284330368041992e-01
9.505059719085693359e-01
9.503817558288574219e-01
9.506797790527343750e-01
9.513642191886901855e-01
9.510121345520019531e-01
9.520881772041320801e-01
9.527776837348937988e-01
9.510812163352966309e-01
9.526488184928894043e-01
9.523166418075561523e-01
9.528620243072509766e-01
9.530604481697082520e-01
9.520137906074523926e-01
9.527384042739868164e-01
9.521923661231994629e-01
9.528622627258300781e-01
9.534624218940734863e-01
9.526736140251159668e-01
9.524949193000793457e-01
9.531846642494201660e-01
9.534273147583007812e-01
9.537549614906311035e-01
9.535912275314331055e-01
9.545090794563293457e-01
9.540975689888000488e-01
9.550944566726684570e-01
9.537451267242431641e-01
9.540076851844787598e-01
9.548907279968261719e-01
9.527775645256042480e-01
