6.598018854856491089e-02
4.617684707045555115e-02
4.615625739097595215e-02
4.621327668428421021e-02
4.609442129731178284e-02
4.620328545570373535e-02
4.617189615964889526e-02
4.611723497509956360e-02
4.618132486939430237e-02
4.612951725721359253e-02
4.614873975515365601e-02
4.613766074180603027e-02
4.610562697052955627e-02
4.113081470131874084e-02
1.759840920567512512e-02
1.366261579096317291e-02
1.222619507461786270e-02
1.051733456552028656e-02
8.513623848557472229e-03
6.382721476256847382e-03
4.012997262179851532e-03
2.261237706989049911e-03
1.476231380365788937e-03
1.249569351784884930e-03
1.004406483843922615e-03
9.227857808582484722e-04
9.342250996269285679e-04
8.095267694443464279e-04
1.136739389039576054e-03
7.094977772794663906e-04
7.821415201760828495e-04
7.509987335652112961e-04
7.000011974014341831e-04
5.111102364026010036e-04
5.469224997796118259e-04
1.045842422172427177e-03
6.469902582466602325e-04
6.935860728845000267e-04
6.185673410072922707e-04
6.165098166093230247e-04
5.048049497418105602e-04
5.833230097778141499e-04
7.268046028912067413e-04
4.802053736057132483e-04
5.269933608360588551e-04
5.697475862689316273e-04
4.733939131256192923e-04
6.878788699395954609e-04
6.879313383251428604e-03
4.894815385341644287e-03
3.904982702806591988e-03
3.317161696031689644e-03
2.879525301977992058e-03
2.628842834383249283e-03
2.452526241540908813e-03
2.294946927577257156e-03
2.061854116618633270e-03
2.126534702256321907e-03
1.955735264346003532e-03
1.907705445773899555e-03
1.755987526848912239e-03
1.764392829500138760e-03
1.736883656121790409e-03
1.648484845645725727e-03
1.603296492248773575e-03
1.508366083726286888e-03
1.528778579086065292e-03
1.429935568012297153e-03
1.497699879109859467e-03
1.496876473538577557e-03
1.414231956005096436e-03
1.386011019349098206e-03
1.396865118294954300e-03
1.343184034340083599e-03
1.239625387825071812e-03
1.441252185031771660e-03
1.271453802473843098e-03
1.270621665753424168e-03
1.201774110086262226e-03
1.206654706038534641e-03
1.315754721872508526e-03
1.242471626028418541e-03
1.214607269503176212e-03
1.177668222226202488e-03
1.117912936024367809e-03
1.175545039586722851e-03
1.219900441356003284e-03
1.215787604451179504e-03
1.146515132859349251e-03
1.115824445150792599e-03
1.110570388846099377e-03
1.040671486407518387e-03
1.099101617000997066e-03
9.914556285366415977e-04
1.121050445362925529e-03
1.030339743010699749e-03
9.811302879825234413e-04
1.151360105723142624e-03
