7.771347761154174805e-01
8.248134255409240723e-01
8.465792536735534668e-01
8.610469102859497070e-01
8.716564178466796875e-01
8.819443583488464355e-01
8.867669105529785156e-01
8.916859626770019531e-01
8.957366943359375000e-01
8.980839252471923828e-01
9.002379179000854492e-01
9.025205969810485840e-01
9.028422832489013672e-01
9.093043208122253418e-01
9.071179628372192383e-01
9.095293879508972168e-01
9.104296565055847168e-01
9.140948057174682617e-01
9.128087162971496582e-01
9.157986044883728027e-01
9.177917838096618652e-01
9.165381193161010742e-01
9.164737462997436523e-01
9.206212162971496582e-01
9.184991121292114258e-01
9.212319254875183105e-01
9.242219328880310059e-01
9.196566939353942871e-01
9.256688356399536133e-01
9.237396717071533203e-01
9.255080223083496094e-01
9.248970150947570801e-01
9.287872910499572754e-01
9.275334477424621582e-01
9.287873506546020508e-01
9.263761043548583984e-01
9.291730523109436035e-01
9.314557313919067383e-01
9.296553730964660645e-01
9.297839403152465820e-01
9.281120896339416504e-01
9.319380521774291992e-01
9.338348507881164551e-01
9.343170523643493652e-01
9.317129850387573242e-01
9.333204627037048340e-01
9.315200448036193848e-01
9.341242313385009766e-01
9.346385598182678223e-01
9.334812164306640625e-01
9.345421195030212402e-01
9.345100522041320801e-01
9.358282685279846191e-01
9.357960224151611328e-01
9.352816939353942871e-01
9.352173805236816406e-01
9.356351494789123535e-01
9.375000596046447754e-01
9.373070001602172852e-01
9.374035000801086426e-01
9.367282986640930176e-01
9.373714923858642578e-01
9.370176792144775391e-01
9.356032013893127441e-01
9.344778656959533691e-01
9.394611120223999023e-01
9.365032911300659180e-01
9.382072687149047852e-01
9.390754699707031250e-01
9.381431341171264648e-01
9.410365819931030273e-01
9.391074180603027344e-01
9.401042461395263672e-01
9.406186342239379883e-01
9.416152834892272949e-01
9.416474103927612305e-01
9.402970075607299805e-01
9.410365223884582520e-01
9.389145970344543457e-01
9.415830969810485840e-01
9.421618580818176270e-01
9.407148957252502441e-01
9.415187835693359375e-01
9.415829777717590332e-01
9.397183656692504883e-01
9.391716718673706055e-01
9.411008358001708984e-01
9.381430745124816895e-01
9.394611120223999023e-01
9.409721493721008301e-01
9.398470520973205566e-01
9.394932389259338379e-01
9.422260522842407227e-01
9.405863881111145020e-01
9.410043358802795410e-01
9.409077763557434082e-01
9.409079551696777344e-01
9.402327537536621094e-01
9.434478282928466797e-01
9.416152238845825195e-01
9.149304032325744629e-01
9.142121076583862305e-01
9.143317937850952148e-01
9.139527678489685059e-01
9.146111011505126953e-01
9.138230085372924805e-01
9.144616127014160156e-01
9.138630032539367676e-01
9.145614504814147949e-01
9.145510196685791016e-01
9.154395461082458496e-01
9.141723513603210449e-01
9.151899218559265137e-01
9.138929247856140137e-01
9.138131737709045410e-01
9.137032032012939453e-01
9.136337041854858398e-01
9.147406220436096191e-01
9.128551483154296875e-01
9.144815206527709961e-01
9.130848050117492676e-01
9.130948185920715332e-01
9.143818020820617676e-01
9.128750562667846680e-01
9.138827919960021973e-01
9.126353859901428223e-01
9.141921401023864746e-01
9.131942987442016602e-01
9.126056432723999023e-01
9.127255082130432129e-01
9.137232303619384766e-01
9.138327240943908691e-01
9.136632084846496582e-01
9.133440852165222168e-01
9.121566414833068848e-01
9.128752946853637695e-01
9.124960303306579590e-01
9.113385677337646484e-01
9.126855134963989258e-01
9.134238958358764648e-01
9.122964143753051758e-01
9.133042693138122559e-01
9.119971990585327148e-01
9.122564196586608887e-01
9.119171500205993652e-01
9.116478562355041504e-01
