3.792862168900319375e+01
5.212074382699938724e+01
6.174824076100048842e+01
7.148716962800244801e+01
8.138690747399959946e+01
9.334194376999948872e+01
1.028433260949968826e+02
1.124295243230008055e+02
1.219285263130004751e+02
1.315737408109998796e+02
1.412456061830016552e+02
1.510023476560018025e+02
1.603830673639968154e+02
1.702852509069998632e+02
1.824521743680015788e+02
1.919424688790022628e+02
2.060242166530006216e+02
2.158376973080012249e+02
2.256039107800024794e+02
2.351353398659994127e+02
2.448447106859966880e+02
2.544404448580025928e+02
2.639355155540033593e+02
2.735957010049969540e+02
2.830036624970016419e+02
2.923871155460001319e+02
3.023312244940025266e+02
3.117297083899975405e+02
3.212142329299967969e+02
3.309206137410001247e+02
3.405034833059980883e+02
3.501637930869983393e+02
3.598884103070013225e+02
3.694087126219965285e+02
3.791139658600004623e+02
3.886149006380001083e+02
3.976777797320028185e+02
4.072508415429983870e+02
4.170345521170020220e+02
4.263263044659979641e+02
4.357409778919973178e+02
4.456118527590006124e+02
4.551229558280028868e+02
4.642420949549996294e+02
4.787583019730009255e+02
4.885458020220030448e+02
4.977786178649985231e+02
5.073054524690014659e+02
5.168706602829988697e+02
5.262944559239986120e+02
5.362245196220028447e+02
5.456985426949977409e+02
5.597567090299999109e+02
5.693490402399984305e+02
5.792841361809987575e+02
5.889934981999977026e+02
5.987003889260013239e+02
6.082337519740030984e+02
6.182258924310008297e+02
6.278001570819978951e+02
6.357940920190012548e+02
6.464766724220025935e+02
6.559621006989982561e+02
6.656972400529994047e+02
6.752094142830028431e+02
6.848652640410000458e+02
6.944609754019984393e+02
7.041232499109974015e+02
7.137212103429992567e+02
7.233291875590002746e+02
7.329279365210022661e+02
7.425104872279989650e+02
7.522357352370017907e+02
7.616939363839992438e+02
7.709433208800037391e+02
7.805425120259969844e+02
7.901604906630018377e+02
7.996755758970030001e+02
8.094635370379983215e+02
8.193713099610031350e+02
8.273470810579965473e+02
8.380386213099991437e+02
8.470971197629987728e+02
8.567613423720031278e+02
8.663819000110015622e+02
8.749371315039970796e+02
8.899509362980024889e+02
8.995298001249975641e+02
9.088551697799994145e+02
9.186002942240011180e+02
9.280851151160022710e+02
9.376864614439982688e+02
9.471803383299993584e+02
9.559140881429993897e+02
9.658394777110006544e+02
9.753230356269996264e+02
9.848822646219996386e+02
9.942637552520027384e+02
1.003900828789002844e+03
1.012494306282998878e+03
1.049162655015999917e+03
1.084143172989999584e+03
1.118615239183003723e+03
1.153739273305996903e+03
1.191257302771002287e+03
1.226075418911001179e+03
1.262268755329998385e+03
1.296300540167001600e+03
1.330905047437001485e+03
1.364936239985996508e+03
1.399189905803003057e+03
1.434625092018002761e+03
1.469284404528996674e+03
1.504468995107003138e+03
1.539007251435999933e+03
1.574241926413000328e+03
1.608886425719996623e+03
1.643831567676003033e+03
1.678783211829999345e+03
1.712127036379999481e+03
1.747495595571999729e+03
1.782585680276999483e+03
1.817352479829998629e+03
1.852308095745000173e+03
1.886497215909002989e+03
1.921837065614003222e+03
1.955248060069003259e+03
1.992154768387001241e+03
2.027722227181002381e+03
2.062215766874003748e+03
2.097354480736998084e+03
2.133149472930999764e+03
2.166763785672999802e+03
2.200488945185999910e+03
2.234813136393997411e+03
2.269150938120001229e+03
2.302774904557998525e+03
2.337103828774997965e+03
2.370045599103999848e+03
2.406772217552002985e+03
2.444077917189002619e+03
2.478927047334000235e+03
2.513835907013002725e+03
2.550111854012997355e+03
2.585932188671999029e+03
2.620547466593001445e+03
