6.002841591835021973e-01
6.704860925674438477e-01
7.077968120574951172e-01
7.247158288955688477e-01
7.434659004211425781e-01
7.589016556739807129e-01
7.678664326667785645e-01
7.798296213150024414e-01
7.886996269226074219e-01
7.970643639564514160e-01
8.011364340782165527e-01
8.105115294456481934e-01
8.199810981750488281e-01
8.220012784004211426e-01
8.287877440452575684e-01
8.367424607276916504e-01
8.386048674583435059e-01
8.440971970558166504e-01
8.475378751754760742e-01
8.502841591835021973e-01
8.542929291725158691e-01
8.588067889213562012e-01
8.606377243995666504e-01
8.646149635314941406e-01
8.701388835906982422e-01
8.707388043403625488e-01
8.768939375877380371e-01
8.775568008422851562e-01
8.800188899040222168e-01
8.833332657814025879e-01
8.866792917251586914e-01
8.872159123420715332e-01
8.904672265052795410e-01
8.912562131881713867e-01
8.931503891944885254e-01
8.922980427742004395e-01
8.999684453010559082e-01
9.009785652160644531e-01
8.982321023941040039e-01
9.016099572181701660e-01
9.028092622756958008e-01
9.027146697044372559e-01
9.056502580642700195e-01
9.060290455818176270e-01
9.071654081344604492e-01
9.085228443145751953e-01
9.078283309936523438e-01
9.107639193534851074e-01
9.112058877944946289e-01
9.101637601852416992e-01
9.133521318435668945e-01
9.124997854232788086e-01
9.128156900405883789e-01
9.133523702621459961e-01
9.164773225784301758e-01
9.147412180900573730e-01
9.134784936904907227e-01
9.147727489471435547e-01
9.163194894790649414e-01
9.186867475509643555e-01
9.183395504951477051e-01
9.178661704063415527e-01
9.188131690025329590e-01
9.190024137496948242e-01
9.173611998558044434e-01
8.842660188674926758e-01
8.836310505867004395e-01
8.838886618614196777e-01
8.857737779617309570e-01
8.836709260940551758e-01
8.853869438171386719e-01
8.842757940292358398e-01
8.853871226310729980e-01
8.847517371177673340e-01
8.844543695449829102e-01
8.861606121063232422e-01
8.857836127281188965e-01
8.852378726005554199e-01
8.856943249702453613e-01
8.853970170021057129e-01
8.864681720733642578e-01
8.857640027999877930e-01
8.859424591064453125e-01
8.856647610664367676e-01
8.847420811653137207e-01
8.852874636650085449e-01
8.852775096893310547e-01
8.861106634140014648e-01
8.844938278198242188e-01
8.845535516738891602e-01
8.850396871566772461e-01
8.853473067283630371e-01
8.848611116409301758e-01
8.847219347953796387e-01
8.842658996582031250e-01
8.855457305908203125e-01
8.849705457687377930e-01
8.851491212844848633e-01
8.855754137039184570e-01
8.852480649948120117e-01
8.853865861892700195e-01
8.841270208358764648e-01
8.854661583900451660e-01
8.841267824172973633e-01
8.856052160263061523e-01
8.847620487213134766e-01
8.847023844718933105e-01
8.835812807083129883e-01
8.862500190734863281e-01
8.850595355033874512e-01
8.861213326454162598e-01
8.856942057609558105e-01
8.838792443275451660e-01
