1.343611180782318115e-01
1.180977374315261841e-01
1.070186719298362732e-01
9.683939814567565918e-02
8.851701766252517700e-02
8.075755089521408081e-02
7.611774653196334839e-02
7.175052165985107422e-02
6.848988682031631470e-02
6.408463418483734131e-02
6.274189054965972900e-02
5.898838490247726440e-02
5.744494125247001648e-02
5.451557040214538574e-02
5.267893522977828979e-02
5.147401243448257446e-02
4.914551973342895508e-02
4.761397093534469604e-02
4.482921957969665527e-02
4.434919357299804688e-02
4.334929212927818298e-02
4.198867455124855042e-02
3.945080935955047607e-02
3.929417952895164490e-02
3.677719831466674805e-02
3.733915835618972778e-02
3.564241528511047363e-02
3.472314774990081787e-02
3.387337550520896912e-02
3.251916915178298950e-02
3.201765194535255432e-02
3.066728077828884125e-02
2.986024878919124603e-02
2.908349595963954926e-02
2.774896658957004547e-02
2.703115716576576233e-02
2.638609707355499268e-02
2.437230013310909271e-02
2.454909309744834900e-02
2.255068719387054443e-02
2.185679599642753601e-02
2.113325148820877075e-02
2.073129080235958099e-02
1.931763999164104462e-02
1.871756836771965027e-02
1.841156557202339172e-02
1.742528006434440613e-02
1.695700548589229584e-02
1.625898107886314392e-02
1.591975986957550049e-02
1.557428855448961258e-02
1.453395374119281769e-02
1.386857032775878906e-02
1.373926084488630295e-02
1.287757884711027145e-02
1.309121213853359222e-02
1.242531277239322662e-02
1.195609010756015778e-02
1.176535710692405701e-02
1.191597338765859604e-02
1.099344901740550995e-02
1.033873762935400009e-02
1.039294246584177017e-02
1.040358468890190125e-02
9.401571005582809448e-03
8.700246922671794891e-03
8.446028456091880798e-03
7.678858004510402679e-03
7.326795253902673721e-03
7.352548651397228241e-03
7.330083753913640976e-03
6.762576289474964142e-03
6.660591810941696167e-03
6.627651862800121307e-03
6.662890315055847168e-03
6.215387955307960510e-03
6.308456417173147202e-03
6.057268008589744568e-03
5.824834108352661133e-03
6.216262467205524445e-03
5.702540744096040726e-03
5.653067957609891891e-03
5.298036150634288788e-03
5.387934390455484390e-03
5.341548472642898560e-03
5.213996861129999161e-03
5.171642638742923737e-03
5.258528981357812881e-03
5.168161354959011078e-03
5.167810246348381042e-03
5.302291363477706909e-03
4.906464833766222000e-03
4.803487099707126617e-03
4.671216942369937897e-03
4.858894739300012589e-03
4.442709963768720627e-03
4.290376789867877960e-03
4.491976462304592133e-03
4.302827175706624985e-03
4.480853676795959473e-03
4.312714096158742905e-03
4.101104103028774261e-03
4.020919557660818100e-03
4.276395775377750397e-03
4.220706876367330551e-03
4.177629947662353516e-03
4.178311210125684738e-03
3.985309973359107971e-03
3.944985568523406982e-03
3.855319228023290634e-03
3.833748865872621536e-03
3.966544754803180695e-03
3.670252859592437744e-03
3.832804737612605095e-03
3.779941005632281303e-03
3.629594575613737106e-03
3.691804828122258186e-03
3.657105145975947380e-03
3.516515251249074936e-03
3.512723371386528015e-03
3.496597753837704659e-03
3.450286109000444412e-03
3.432419616729021072e-03
3.397112246602773666e-03
3.253563074395060539e-03
3.554593306034803391e-03
3.193898824974894524e-03
3.218306694179773331e-03
3.280786797404289246e-03
3.260446246713399887e-03
3.202149178832769394e-03
3.252165857702493668e-03
3.100211499258875847e-03
3.084744326770305634e-03
3.027440514415502548e-03
3.111830679699778557e-03
3.152958583086729050e-03
3.082029055804014206e-03
3.015076275914907455e-03
2.953313523903489113e-03
2.701244549825787544e-03
3.058138769119977951e-03
2.850056393072009087e-03
2.816790249198675156e-03
2.866879804059863091e-03
3.073198022320866585e-03
1.157839689403772354e-02
1.002533454447984695e-02
9.356128983199596405e-03
8.859918452799320221e-03
8.307551965117454529e-03
7.982817478477954865e-03
7.567407097667455673e-03
7.542020641267299652e-03
7.081544958055019379e-03
6.931443698704242706e-03
6.622271612286567688e-03
6.627056282013654709e-03
6.431729067116975784e-03
6.245913915336132050e-03
6.196515168994665146e-03
5.899711046367883682e-03
5.850157234817743301e-03
5.812169983983039856e-03
5.699772387742996216e-03
5.486513487994670868e-03
5.477641709148883820e-03
5.259435623884201050e-03
5.306213628500699997e-03
5.214198958128690720e-03
5.123143084347248077e-03
5.036775022745132446e-03
4.923909436911344528e-03
4.729350097477436066e-03
4.711982794106006622e-03
4.627887159585952759e-03
4.511517938226461411e-03
4.553359933197498322e-03
4.519960377365350723e-03
4.388090688735246658e-03
4.422255326062440872e-03
4.265744239091873169e-03
4.269525408744812012e-03
4.128795117139816284e-03
4.077873192727565765e-03
4.040053579956293106e-03
4.044416360557079315e-03
3.851891262456774712e-03
3.850231412798166275e-03
3.898538416251540184e-03
3.862420096993446350e-03
3.708823584020137787e-03
3.631900297477841377e-03
3.651810111477971077e-03
3.528428729623556137e-03
3.492636606097221375e-03
3.456347389146685600e-03
3.537412267178297043e-03
3.468442941084504128e-03
3.275521332398056984e-03
3.386502619832754135e-03
3.257589181885123253e-03
3.221318358555436134e-03
3.343566320836544037e-03
3.319117706269025803e-03
3.225778462365269661e-03
3.168249502778053284e-03
3.177589038386940956e-03
3.175110323354601860e-03
3.153835190460085869e-03
3.085176693275570869e-03
3.063406329602003098e-03
3.054927801713347435e-03
2.988894237205386162e-03
2.970665693283081055e-03
2.924268366768956184e-03
2.838997170329093933e-03
2.919769380241632462e-03
2.875917591154575348e-03
2.816874999552965164e-03
2.843035617843270302e-03
2.868194831535220146e-03
2.810259815305471420e-03
2.781814197078347206e-03
2.796312095597386360e-03
2.749361330643296242e-03
2.795920008793473244e-03
2.718056784942746162e-03
2.691237721592187881e-03
2.683688653632998466e-03
2.629601163789629936e-03
2.607708098366856575e-03
2.583750523626804352e-03
2.588019007816910744e-03
2.646885113790631294e-03
2.562610898166894913e-03
2.526076044887304306e-03
2.517585875466465950e-03
2.517397515475749969e-03
2.459637122228741646e-03
2.454432193189859390e-03
2.436764538288116455e-03
2.537695225328207016e-03
2.392840106040239334e-03
2.346113789826631546e-03
2.404341707006096840e-03
2.387554850429296494e-03
2.410703338682651520e-03
2.388187451288104057e-03
2.285604132339358330e-03
2.341913990676403046e-03
2.336313249543309212e-03
2.352752257138490677e-03
