6.071452299999999802e+00
8.521999699999998512e+00
1.105190669999999997e+01
1.358281699999999859e+01
1.613985549999999947e+01
1.859134399999999943e+01
2.113324150000000046e+01
2.353077170000000251e+01
2.620323460000000182e+01
2.872544150000000229e+01
3.123197329999999994e+01
3.377803360000000055e+01
3.626473820000000359e+01
3.883014430000000061e+01
4.136110010000000159e+01
4.397762550000000203e+01
4.654346160000000054e+01
4.915724279999999879e+01
5.166773530000000392e+01
5.426277509999999893e+01
5.679992130000000117e+01
5.941133669999999967e+01
6.186752309999999966e+01
6.444009969999999043e+01
6.695998089999999081e+01
6.970919219999998973e+01
7.220226569999999811e+01
7.468393649999998729e+01
7.738490089999999100e+01
7.989104059999999663e+01
8.242290439999999307e+01
8.514174089999998785e+01
8.769400199999999757e+01
9.030267259999999396e+01
9.285194979999999987e+01
9.535911469999999213e+01
9.784689279999999201e+01
1.004650274999999908e+02
1.029554641999999944e+02
1.053236889999999875e+02
1.080516672999999912e+02
1.105959413999999867e+02
1.130906686000000008e+02
1.156080973999999912e+02
1.180622766999999982e+02
1.205707993999999985e+02
1.230879426999999993e+02
1.257028402999999912e+02
1.281631717000000208e+02
1.307346988000000181e+02
1.332413275000000112e+02
1.356866772000000196e+02
1.382468405000000189e+02
1.407723458000000107e+02
1.433633092999999974e+02
1.458909607000000221e+02
1.482377328000000034e+02
1.507430920000000185e+02
1.533865313999999955e+02
1.559201873000000091e+02
1.583192722000000003e+02
1.610015851999999938e+02
1.634948207000000195e+02
1.661788027999999997e+02
1.687693586999999980e+02
1.712575908999999967e+02
1.738068266000000222e+02
1.763246559000000104e+02
1.788699161000000117e+02
1.813397444000000007e+02
1.839283606000000191e+02
1.864257259999999974e+02
1.889282749000000194e+02
1.914721679000000165e+02
1.940234580000000051e+02
1.965407486999999946e+02
1.991026958000000207e+02
2.013824137000000007e+02
2.039527859000000092e+02
2.066470874999999978e+02
2.091640432000000089e+02
2.117731914000000017e+02
2.143796475000000044e+02
2.171032315000000210e+02
2.195402732000000015e+02
2.221541150000000187e+02
2.246584129000000019e+02
2.272123408000000211e+02
2.297720063000000152e+02
2.322886187000000007e+02
2.348293068000000119e+02
2.372889482000000214e+02
2.397960436000000186e+02
2.422717669000000171e+02
2.448077815000000044e+02
2.473143273999999963e+02
2.497766177999999968e+02
2.522876487999999995e+02
2.547397138999999981e+02
2.572885921999999823e+02
2.598182876999999849e+02
2.622562576999999919e+02
2.648900074999999674e+02
2.674246320999999966e+02
2.700736605999999824e+02
2.724206937999999809e+02
2.751546749999999975e+02
2.776623443999999949e+02
2.801914082999999778e+02
2.827211429999999837e+02
2.852185068999999658e+02
2.877316103999999655e+02
2.902797276999999667e+02
2.927322216999999682e+02
2.952791949999999588e+02
2.978155540999999857e+02
3.003519609999999602e+02
3.028268696999999747e+02
3.053962733999999841e+02
3.078958405999999854e+02
3.104610999999999876e+02
3.128794050999999854e+02
3.155959573999999748e+02
3.179451298999999835e+02
3.206558308999999554e+02
3.233539140999999972e+02
3.258600324999999884e+02
3.284232948999999735e+02
3.309026744999999892e+02
3.334316632999999683e+02
3.359826065999999969e+02
3.384696292999999514e+02
3.409537222999999813e+02
3.434799340999999799e+02
3.459435201000000006e+02
3.484791677000000050e+02
3.510164733999999953e+02
3.535744328999999766e+02
3.559466990999999894e+02
3.586840059999999539e+02
3.611799417999999946e+02
3.635509723999999778e+02
3.663134891999999923e+02
3.687571482999999830e+02
3.713598169999999641e+02
3.739197629999999890e+02
3.830492327000000046e+02
3.922190860000000043e+02
4.017036756999999625e+02
4.108707587999999760e+02
4.200957692000000065e+02
4.292756961999999703e+02
4.383685975999999869e+02
4.476061487000000056e+02
4.566661570999999640e+02
4.659027995999999803e+02
4.751248951999999690e+02
4.844015890999999669e+02
4.933515258999999560e+02
5.026900425999999698e+02
5.117472586999999749e+02
5.209323193000000174e+02
5.302684222999999974e+02
5.394779058000000305e+02
5.486718099999999367e+02
5.581197647000000188e+02
5.673650211000000354e+02
5.763980271000000357e+02
5.856760861999999861e+02
5.948432050999999774e+02
6.040728931999999531e+02
6.130442663000000039e+02
6.223404087000000118e+02
6.313216254999999819e+02
6.406347065999999586e+02
6.498070620999999392e+02
6.588863906000000270e+02
6.680781792999999880e+02
6.771769497999999885e+02
6.861855971999999610e+02
6.954217148999999836e+02
7.046142264999999725e+02
7.139830572999999276e+02
7.230754557000000204e+02
7.322118386999999302e+02
7.412423502999999982e+02
7.503555673999999271e+02
7.595920214999999871e+02
7.687900518000000147e+02
7.779677267999999231e+02
7.871718521999999894e+02
7.964224379999999428e+02
8.056102757999999540e+02
8.148005980000000363e+02
8.241673369999999750e+02
8.331988596999999572e+02
8.425136086999999634e+02
8.517557242000000315e+02
8.608965173999999934e+02
8.699869231000000127e+02
8.792893784999999980e+02
8.884754924999999730e+02
8.977563656999999466e+02
9.073049892999999884e+02
9.165070393999999396e+02
9.257485537000000022e+02
9.348778945000000249e+02
9.441560254999999415e+02
9.533082464000000300e+02
9.624662786000000096e+02
9.715849061999999776e+02
9.807738114999999652e+02
9.898211903999999777e+02
9.990156398999999965e+02
1.008367609000000016e+03
1.017510868500000015e+03
1.026651352600000109e+03
1.035717579999999998e+03
1.045002219700000069e+03
1.054237394900000027e+03
1.063396272800000133e+03
1.072526122299999997e+03
1.081976006400000188e+03
1.091126218000000108e+03
1.100302177500000198e+03
1.109445885800000042e+03
1.118691069200000129e+03
1.127902593000000024e+03
1.137055986800000028e+03
1.146030230600000095e+03
1.155219936899999993e+03
1.164475927700000057e+03
1.173621761900000138e+03
1.182898978600000191e+03
1.192094281800000090e+03
1.201241891600000145e+03
1.210488922400000092e+03
1.219441526600000088e+03
1.228769684600000119e+03
1.237796921200000043e+03
1.246901680800000122e+03
1.256176376600000140e+03
1.265305812400000150e+03
1.274805806900000107e+03
1.283964607400000205e+03
1.292923442000000023e+03
1.302198907300000201e+03
1.311459486800000150e+03
1.320578903100000161e+03
1.329825507500000185e+03
1.339096262700000125e+03
1.348256699600000047e+03
1.357438588700000082e+03
