5.407986044883728027e-01
5.713252425193786621e-01
5.924478769302368164e-01
6.046006679534912109e-01
6.161747574806213379e-01
6.180555224418640137e-01
6.255787014961242676e-01
6.302083134651184082e-01
6.488714814186096191e-01
6.451099514961242676e-01
6.563946604728698730e-01
6.552372574806213379e-01
6.610242724418640137e-01
6.559606194496154785e-01
6.631944179534912109e-01
6.662326455116271973e-01
6.733217239379882812e-01
6.770833134651184082e-01
6.756365895271301270e-01
6.801214814186096191e-01
6.840278506278991699e-01
6.951677799224853516e-01
6.941550374031066895e-01
6.984953284263610840e-01
7.003762125968933105e-01
7.026908993721008301e-01
7.022569179534912109e-01
7.107928395271301270e-01
7.041377425193786621e-01
7.084780335426330566e-01
7.162904739379882812e-01
7.132523059844970703e-01
7.155671119689941406e-01
7.133970260620117188e-01
7.230903506278991699e-01
7.184606194496154785e-01
7.214989066123962402e-01
7.314815521240234375e-01
7.264177799224853516e-01
7.287326455116271973e-01
7.277199625968933105e-01
7.353877425193786621e-01
7.423321604728698730e-01
7.350983619689941406e-01
7.423321604728698730e-01
7.394387125968933105e-01
7.434895634651184082e-01
7.476851940155029297e-01
7.495660185813903809e-01
7.507233619689941406e-01
7.456597685813903809e-01
7.458043694496154785e-01
7.498553395271301270e-01
7.528935074806213379e-01
7.579572200775146484e-01
7.578125000000000000e-01
7.588252425193786621e-01
7.614293694496154785e-01
7.604166865348815918e-01
7.625868320465087891e-01
7.656250000000000000e-01
7.647569775581359863e-01
7.608506679534912109e-01
7.598379254341125488e-01
7.375992536544799805e-01
7.435929179191589355e-01
7.538855671882629395e-01
7.545056343078613281e-01
7.577711939811706543e-01
7.654182910919189453e-01
7.707092761993408203e-01
7.742642164230346680e-01
7.791831493377685547e-01
7.869544029235839844e-01
7.911705970764160156e-01
7.922453880310058594e-01
7.981978058815002441e-01
8.076636791229248047e-01
8.092344403266906738e-01
8.114666938781738281e-01
8.200231194496154785e-01
8.263476490974426270e-01
8.294478058815002441e-01
8.316386342048645020e-01
8.366815447807312012e-01
8.404431343078613281e-01
8.437914252281188965e-01
8.498677015304565430e-01
8.515211939811706543e-01
8.578043580055236816e-01
8.604497313499450684e-01
8.641286492347717285e-01
8.662781715393066406e-01
8.698331117630004883e-01
8.771081566810607910e-01
8.794642686843872070e-01
8.828538060188293457e-01
8.844659924507141113e-01
8.859126567840576172e-01
8.906248807907104492e-01
8.947998285293579102e-01
8.957093358039855957e-01
9.001322388648986816e-01
9.014963507652282715e-01
9.036043882369995117e-01
9.110863804817199707e-01
9.087715148925781250e-01
9.135664701461791992e-01
9.174520373344421387e-01
9.214202165603637695e-01
9.215443134307861328e-01
9.205936193466186523e-01
9.264631867408752441e-01
9.271246790885925293e-01
9.288607835769653320e-01
9.295634031295776367e-01
9.336144328117370605e-01
9.317543506622314453e-01
9.348546266555786133e-01
9.367972612380981445e-01
9.372518658638000488e-01
9.410962462425231934e-01
9.395667314529418945e-01
9.436177611351013184e-01
9.452711939811706543e-01
9.449404478073120117e-01
9.475032091140747070e-01
9.479166865348815918e-01
9.464285969734191895e-01
9.475033879280090332e-01
9.514716267585754395e-01
9.510582685470581055e-01
9.513476490974426270e-01
9.529597163200378418e-01
9.502314329147338867e-01
9.538690447807312012e-01
9.526289105415344238e-01
9.513888359069824219e-01
9.534556865692138672e-01
9.541171193122863770e-01
9.547370672225952148e-01
9.556463956832885742e-01
9.570105671882629395e-01
9.567626118659973145e-01
9.567626118659973145e-01
9.570106267929077148e-01
9.577132463455200195e-01
9.572587013244628906e-01
9.592427015304565430e-01
9.581265449523925781e-01
9.589533209800720215e-01
9.609788060188293457e-01
9.594907164573669434e-01
9.599453210830688477e-01
9.594906568527221680e-01
9.608135223388671875e-01
9.596561193466186523e-01
9.610615968704223633e-01
9.620535969734191895e-01
9.588293433189392090e-01
9.611029028892517090e-01
9.593253135681152344e-01
9.613094329833984375e-01
9.630456566810607910e-01
