4.170322159999977885e+01
4.641342900000017835e+01
5.114090489999944111e+01
5.586934019999989687e+01
6.063793939999959548e+01
6.537025600000015402e+01
7.012083569999958854e+01
7.484353519999967830e+01
7.955211109999982000e+01
8.429141309999977238e+01
8.900055830000019341e+01
9.371678169999995589e+01
9.846343309999974736e+01
1.031804181999996217e+02
1.079251678000000538e+02
1.126462289000000965e+02
1.173685403999998016e+02
1.221148948999998538e+02
1.268339028000000326e+02
1.315529655000000275e+02
1.363054977000001600e+02
1.410198626000001241e+02
1.457270581000002494e+02
1.504667223999995258e+02
1.551830807999995159e+02
1.599303806999996596e+02
1.646475450999996610e+02
1.693602587999994284e+02
1.741099770000000717e+02
1.788291528999998263e+02
1.835713803999997253e+02
1.882879812000001039e+02
1.930076346999994712e+02
1.977635156999995161e+02
2.024799769999999626e+02
2.072213001999998596e+02
2.119378544999999576e+02
2.166548957999993945e+02
2.226098801999996795e+02
2.322950037000000520e+02
2.540515491999994993e+02
2.591487571999996362e+02
2.638916725999997652e+02
2.686704229999995732e+02
2.734062537999998312e+02
2.781946047000001272e+02
2.830001340999997410e+02
2.877697676999996474e+02
2.930178866999995080e+02
2.977957973000002312e+02
3.026705289999999877e+02
3.075911202999996021e+02
3.123600034000000960e+02
3.172084064999999100e+02
3.220765492999998969e+02
3.272345559999994293e+02
3.320554293999994115e+02
3.368704898999994839e+02
3.416762666999993598e+02
3.464926039000001765e+02
3.512597273000001223e+02
3.563090403999995033e+02
3.610498403000001417e+02
3.658109232999995584e+02
3.708470096999999441e+02
3.755898192999993626e+02
3.803671216000002460e+02
3.850978903999994145e+02
3.898659693999998126e+02
3.949703240999997433e+02
3.997090030999997907e+02
4.044908324999996694e+02
4.092250478999994812e+02
4.140066920999997819e+02
4.192067686999998841e+02
4.239656581999997798e+02
4.287905002999996213e+02
4.336121388000001389e+02
4.383862576999999874e+02
4.436841939999994793e+02
4.484118350999997347e+02
4.531753209999997125e+02
4.579942451999995683e+02
4.627603632000000289e+02
4.678530773000002227e+02
4.725858939999998256e+02
4.773745219000002180e+02
4.824543263999994451e+02
4.871917340999998487e+02
4.919860884999998234e+02
4.991006253999994442e+02
5.038740754000000379e+02
5.085888278000002174e+02
5.132980239999997139e+02
5.180261346999996022e+02
5.227802953000000343e+02
5.275068360999994184e+02
5.322630401999995229e+02
5.369885391999996500e+02
5.417230302999996638e+02
