9.093626800000000898e+00
1.480206359999999854e+01
2.063541829999999777e+01
2.652025369999999782e+01
3.245898220000000123e+01
3.825015390000000082e+01
4.416346809999999579e+01
4.989755059999999531e+01
6.696787609999999802e+01
8.392256129999999814e+01
1.010579038999999995e+02
1.179455856999999952e+02
1.348291801000000021e+02
1.518626746000000196e+02
1.686242533000000208e+02
1.855166670000000124e+02
2.020837597000000017e+02
2.189278054000000111e+02
2.360576277000000118e+02
2.530364715000000047e+02
2.698738238999999908e+02
2.865192021000000295e+02
3.035007942000000298e+02
3.201935826000000134e+02
3.370692248999999947e+02
3.540519442000000367e+02
3.705382296999999880e+02
3.871846753000000376e+02
4.037612048999999956e+02
4.204850749000000292e+02
4.369131701000000021e+02
4.534147940999999946e+02
4.697656358000000409e+02
4.864728777999999920e+02
5.028127953000000048e+02
5.192636130999999295e+02
5.357147381999999425e+02
5.524090717999999924e+02
5.688148162999999613e+02
5.851667084999999133e+02
6.020171565999999075e+02
6.186383534999999938e+02
6.348527143000000024e+02
6.514698963999999251e+02
6.678624690999999984e+02
6.843202999000000091e+02
7.006610107999999855e+02
7.169409619999998995e+02
7.332905241999999362e+02
7.494582943999999998e+02
7.659043414999999868e+02
7.823492325999999366e+02
7.987682894999999235e+02
8.149900017999999591e+02
8.314775131999999758e+02
8.478202275999999529e+02
8.641482728999999381e+02
8.803378738999999769e+02
8.962544969999999012e+02
9.128585266999999703e+02
9.287848037999999633e+02
9.446528045999999676e+02
9.610303589000000102e+02
9.772837236999999959e+02
9.934634563999999273e+02
1.009952677499999936e+03
1.026265545699999848e+03
1.042421806000000061e+03
1.058476421500000015e+03
1.074599827499999947e+03
1.090903094600000031e+03
1.107093979399999853e+03
1.123255943299999899e+03
1.139693945799999938e+03
1.155792003300000033e+03
1.171930943399999933e+03
1.188104212299999972e+03
1.204643243499999926e+03
1.220714291199999934e+03
1.236981057799999917e+03
1.253111611000000039e+03
1.269324582199999895e+03
1.285429113899999948e+03
1.301824667200000022e+03
1.317924264399999856e+03
1.334074355299999979e+03
1.350287236699999994e+03
1.365997873799999979e+03
1.382145812799999931e+03
1.398133995099999993e+03
1.414092564600000060e+03
1.429857174499999928e+03
1.446159698599999956e+03
1.462231645699999945e+03
1.478530877700000019e+03
1.494341528299999936e+03
1.510680999400000019e+03
1.526368072499999926e+03
1.543000520300000062e+03
1.559049833600000056e+03
1.575391400400000066e+03
1.591617264599999999e+03
1.607733328000000029e+03
1.623665123699999867e+03
1.639578832299999931e+03
