8.727588057518005371e-01
8.733268976211547852e-01
8.731377124786376953e-01
8.759468197822570801e-01
8.738636374473571777e-01
8.738003969192504883e-01
8.741477727890014648e-01
8.743370771408081055e-01
8.723800778388977051e-01
8.761047124862670898e-01
8.744948506355285645e-01
8.765150308609008789e-01
8.730427026748657227e-01
8.524999022483825684e-01
8.533428907394409180e-01
8.529065847396850586e-01
8.531845808029174805e-01
8.558430671691894531e-01
8.842661976814270020e-01
9.032736420631408691e-01
9.199602603912353516e-01
9.287895560264587402e-01
9.329659342765808105e-01
9.350395798683166504e-01
9.360318183898925781e-01
9.370636940002441406e-01
9.382243752479553223e-01
9.385413527488708496e-01
9.411112070083618164e-01
9.411907196044921875e-01
9.412994980812072754e-01
9.413389563560485840e-01
9.427480697631835938e-01
9.414085745811462402e-01
9.446629881858825684e-01
9.428668022155761719e-01
9.440082907676696777e-01
9.434722065925598145e-01
9.450100064277648926e-01
9.457141757011413574e-01
9.453076124191284180e-01
9.458234310150146484e-01
9.460613131523132324e-01
9.461899399757385254e-01
9.464483857154846191e-01
9.470433592796325684e-01
9.468451142311096191e-01
9.474504590034484863e-01
9.475295543670654297e-01
9.462201595306396484e-01
9.488492012023925781e-01
9.471822977066040039e-01
9.479264020919799805e-01
9.475794434547424316e-01
9.487099647521972656e-01
9.482044577598571777e-01
9.496028423309326172e-01
9.487402439117431641e-01
9.491170048713684082e-01
9.484922289848327637e-01
9.494246244430541992e-01
9.488787651062011719e-01
9.219693541526794434e-01
9.246574044227600098e-01
9.266234636306762695e-01
9.266730546951293945e-01
9.290220737457275391e-01
9.282245635986328125e-01
9.280033111572265625e-01
9.296810626983642578e-01
9.298300147056579590e-01
9.312042593955993652e-01
9.311060309410095215e-01
9.305374026298522949e-01
9.312818646430969238e-01
9.314885735511779785e-01
9.323907494544982910e-01
9.331489205360412598e-01
9.339781999588012695e-01
9.333966374397277832e-01
9.331126809120178223e-01
9.330312609672546387e-01
