6.772137433290481567e-02
4.643018171191215515e-02
4.612926393747329712e-02
4.613341763615608215e-02
4.640937224030494690e-02
4.624952748417854309e-02
4.618297517299652100e-02
4.630776494741439819e-02
4.621409252285957336e-02
4.628043994307518005e-02
4.618189111351966858e-02
4.621336236596107483e-02
4.629682376980781555e-02
4.417764768004417419e-02
4.414566606283187866e-02
4.403984546661376953e-02
4.393015801906585693e-02
4.323635250329971313e-02
2.655360847711563110e-02
1.741317100822925568e-02
1.102191023528575897e-02
7.530369795858860016e-03
6.387247238308191299e-03
5.694382358342409134e-03
4.918586462736129761e-03
4.484632052481174469e-03
4.031546413898468018e-03
3.817227669060230255e-03
3.361238399520516396e-03
3.211852861568331718e-03
3.132000565528869629e-03
2.965894760563969612e-03
2.850278047844767570e-03
2.876678481698036194e-03
2.610990544781088829e-03
2.568778116255998611e-03
2.519931877031922340e-03
2.443199511617422104e-03
2.284489106386899948e-03
2.370038768276572227e-03
2.226287499070167542e-03
2.058293204754590988e-03
2.052123658359050751e-03
1.999931177124381065e-03
2.133435569703578949e-03
1.973669277504086494e-03
1.990414923056960106e-03
2.031805692240595818e-03
1.835236675105988979e-03
1.970098121091723442e-03
1.854407251812517643e-03
1.912559731863439083e-03
1.874206354841589928e-03
1.880317926406860352e-03
1.762461848556995392e-03
1.739091589115560055e-03
1.633455627597868443e-03
1.748613431118428707e-03
1.639629132114350796e-03
1.709181698970496655e-03
1.584681798703968525e-03
1.669595018029212952e-03
4.553823266178369522e-03
4.036163445562124252e-03
3.709433833137154579e-03
3.638508031144738197e-03
3.465069225057959557e-03
3.462259424850344658e-03
3.312179585918784142e-03
3.233022522181272507e-03
3.253844799473881721e-03
3.087599528953433037e-03
3.058648668229579926e-03
3.030933672562241554e-03
3.025989048182964325e-03
2.951032249256968498e-03
2.788641024380922318e-03
2.764131175354123116e-03
2.726920181885361671e-03
2.744535682722926140e-03
2.763791009783744812e-03
2.780499169602990150e-03
