5.693129301071166992e-01
6.082965135574340820e-01
6.312341690063476562e-01
6.476747393608093262e-01
6.590908765792846680e-01
6.760838031768798828e-01
6.875525116920471191e-01
6.952335238456726074e-01
7.055712938308715820e-01
7.134627103805541992e-01
7.233008742332458496e-01
7.299296259880065918e-01
7.359269857406616211e-01
7.487373352050781250e-01
7.504208683967590332e-01
7.623893618583679199e-01
7.691235542297363281e-01
7.767517566680908203e-01
7.807239294052124023e-01
7.882470488548278809e-01
7.979796528816223145e-01
8.020044565200805664e-01
8.095539212226867676e-01
8.161036968231201172e-01
8.254155516624450684e-01
8.293085098266601562e-01
8.363321423530578613e-01
8.409616351127624512e-01
8.510627150535583496e-01
8.529040813446044922e-01
8.616372942924499512e-01
8.673452734947204590e-01
8.708963990211486816e-01
8.779724240303039551e-01
8.849695324897766113e-01
8.888362646102905273e-01
8.932554721832275391e-01
8.967540264129638672e-01
9.029092788696289062e-01
9.088277816772460938e-01
9.113531112670898438e-01
9.160879254341125488e-01
9.199548363685607910e-01
9.212963581085205078e-01
9.242687225341796875e-01
9.277408719062805176e-01
9.333438873291015625e-01
9.351325631141662598e-01
9.375525712966918945e-01
9.399462938308715820e-01
9.423663616180419922e-01
9.419453144073486328e-01
9.442076086997985840e-01
9.453650712966918945e-01
9.481008052825927734e-01
9.483374953269958496e-01
9.539930224418640137e-01
9.515992999076843262e-01
9.544927477836608887e-01
9.545189738273620605e-01
9.564920067787170410e-01
9.575967192649841309e-01
9.589645266532897949e-01
9.569916725158691406e-01
9.599642753601074219e-01
9.602536559104919434e-01
9.603060483932495117e-01
9.624894857406616211e-01
9.613847732543945312e-01
9.625684022903442383e-01
9.643833637237548828e-01
9.631996750831604004e-01
9.633311629295349121e-01
9.650411009788513184e-01
9.649885296821594238e-01
9.633312821388244629e-01
9.662773609161376953e-01
9.667772054672241211e-01
9.656987190246582031e-01
9.675399661064147949e-01
9.664615392684936523e-01
9.656459093093872070e-01
9.665929079055786133e-01
9.659879803657531738e-01
9.669349789619445801e-01
9.663037061691284180e-01
9.673821330070495605e-01
9.679608345031738281e-01
9.673031568527221680e-01
9.670664668083190918e-01
9.668822884559631348e-01
9.677242040634155273e-01
9.672241806983947754e-01
9.680661559104919434e-01
9.680923819541931152e-01
9.685922861099243164e-01
9.682238101959228516e-01
9.693024158477783203e-01
9.678292870521545410e-01
9.685921669006347656e-01
