2.631349439999999618e+01
2.789487979999998402e+01
2.947969090000000847e+01
3.106068560000002776e+01
3.265294040000000564e+01
3.423938009999997689e+01
3.582829680000000394e+01
3.743259880000002227e+01
3.902491360000001919e+01
4.062542740000000663e+01
4.221689200000000142e+01
4.380390209999998774e+01
4.539866379999998003e+01
4.698732279999998696e+01
4.859195079999997802e+01
5.018409080000000699e+01
5.177527150000000233e+01
5.337353859999998917e+01
5.497297050000000240e+01
5.656063389999999913e+01
5.815608319999998344e+01
5.974200490000001196e+01
6.135379099999997266e+01
6.294288750000001187e+01
6.453066450000002874e+01
6.612863799999999515e+01
6.771633670000002780e+01
6.930140889999998421e+01
7.089898569999999722e+01
7.248595950000000698e+01
7.408586469999997348e+01
7.567104759999998009e+01
7.725428789999998003e+01
7.884981619999999225e+01
8.043309539999998492e+01
8.231503510000001711e+01
8.389374749999998926e+01
8.547252089999997793e+01
8.705518049999997743e+01
8.863146689999999239e+01
9.021199279999999021e+01
9.180326180000000136e+01
9.338369279999997730e+01
9.497943059999997217e+01
9.655906510000002640e+01
9.814218789999998194e+01
9.974110459999999989e+01
1.013282102999999950e+02
1.029147139000000095e+02
1.045123585999999989e+02
1.061019063000000244e+02
1.077026075999999932e+02
1.092929261999999824e+02
1.108809030999999834e+02
1.124788069999999891e+02
1.140673164000000099e+02
1.156531553999999744e+02
1.172496372000000235e+02
1.188362922999999967e+02
1.204358284000000197e+02
1.220237325000000226e+02
1.236097711999999831e+02
1.252075544999999863e+02
1.267955907999999852e+02
1.283814188999999999e+02
1.299768468000000041e+02
1.315639576999999747e+02
1.331645003999999801e+02
1.347529143999999803e+02
1.363388637999999844e+02
1.379338717000000258e+02
1.395210974000000022e+02
1.411072739999999897e+02
1.427001517000000206e+02
1.442834279999999865e+02
1.458776981000000035e+02
1.474632681000000218e+02
1.490446680999999955e+02
1.506401064999999733e+02
1.522273044999999740e+02
1.538294530999999949e+02
1.554171515000000170e+02
1.570031560000000184e+02
1.586046035000000245e+02
1.601935134000000005e+02
1.617807659999999998e+02
1.633785135999999909e+02
1.649678237000000252e+02
1.669622862999999882e+02
1.685421801000000244e+02
1.701212693999999885e+02
1.717042178000000092e+02
1.732828881000000081e+02
1.748696179000000086e+02
1.764510833999999875e+02
1.780368029999999919e+02
1.796313745000000210e+02
1.812176687000000186e+02
1.828031979999999805e+02
1.844010441000000071e+02
