6.619056463241577148e-01
8.177345991134643555e-01
9.169823527336120605e-01
9.451810121536254883e-01
9.537299275398254395e-01
9.578598737716674805e-01
9.603061079978942871e-01
9.610689878463745117e-01
9.599115252494812012e-01
9.626209139823913574e-01
9.630156159400939941e-01
9.630945920944213867e-01
9.642518162727355957e-01
9.639624953269958496e-01
9.640415310859680176e-01
9.654093384742736816e-01
9.645939469337463379e-01
9.659878611564636230e-01
9.645938873291015625e-01
9.654620289802551270e-01
9.640150666236877441e-01
9.666719436645507812e-01
9.666455984115600586e-01
9.674611687660217285e-01
9.665930271148681641e-01
9.661983847618103027e-01
9.687500596046447754e-01
9.696443676948547363e-01
9.676451683044433594e-01
9.694075584411621094e-01
9.685395956039428711e-01
9.686710834503173828e-01
9.697233438491821289e-01
9.688026905059814453e-01
9.704598188400268555e-01
9.685133099555969238e-01
9.696181416511535645e-01
9.694602489471435547e-01
9.702494144439697266e-01
9.711700081825256348e-01
9.709595441818237305e-01
