2.038376778364181519e-01
1.313000470399856567e-01
7.126816362142562866e-02
3.700282424688339233e-02
2.252893336117267609e-02
1.643906347453594208e-02
1.345631200820207596e-02
1.114779803901910782e-02
1.011299900710582733e-02
9.206172078847885132e-03
8.336441591382026672e-03
7.537232711911201477e-03
7.023554760962724686e-03
6.575572304427623749e-03
6.486757192760705948e-03
6.010050419718027115e-03
6.048359908163547516e-03
5.667607765644788742e-03
5.525486078113317490e-03
5.194459110498428345e-03
5.114395637065172195e-03
5.000693723559379578e-03
4.741150885820388794e-03
4.485767800360918045e-03
4.451877437531948090e-03
4.368209280073642731e-03
4.210986662656068802e-03
3.937904722988605499e-03
4.049214534461498260e-03
3.859623568132519722e-03
3.830212634056806564e-03
3.707203781232237816e-03
3.570845816284418106e-03
3.558015916496515274e-03
3.446003189310431480e-03
3.353573614731431007e-03
3.297164803370833397e-03
3.290888154879212379e-03
3.137519117444753647e-03
3.073960542678833008e-03
2.980415243655443192e-03
