2.642476049999999077e+01
2.801917189999997504e+01
2.961508440000000064e+01
3.120292459999998869e+01
3.280276619999997934e+01
3.439074129999997353e+01
3.597766779999997766e+01
3.757658069999999384e+01
3.919338830000000939e+01
4.090982769999996549e+01
4.253072489999996719e+01
4.412655889999999204e+01
4.574219489999998700e+01
4.739197559999999498e+01
4.902118409999999926e+01
5.064415519999997173e+01
5.227944690000001060e+01
5.391838549999997099e+01
5.551914819999998940e+01
5.716167329999998969e+01
5.879450689999995916e+01
6.039223159999997392e+01
6.200283379999999056e+01
6.360566409999998427e+01
6.525415960000000837e+01
6.687738949999996407e+01
6.846267099999997185e+01
7.004890900000000897e+01
7.164408990000001154e+01
7.322865529999998557e+01
7.482543369999999072e+01
7.641177289999998834e+01
7.799574549999996975e+01
7.959328289999999129e+01
8.117469980000001328e+01
8.308974290000000451e+01
8.470179160000000707e+01
8.628413169999996057e+01
8.787624400000001401e+01
8.946144649999999388e+01
9.104403999999996699e+01
