2.717136740684509277e-01
2.548108398914337158e-01
2.415292561054229736e-01
2.329193055629730225e-01
2.266479432582855225e-01
2.232721149921417236e-01
2.183468937873840332e-01
2.128173559904098511e-01
2.079577744007110596e-01
2.066038995981216431e-01
2.012117654085159302e-01
1.972603201866149902e-01
1.946426481008529663e-01
1.916760057210922241e-01
1.878371238708496094e-01
1.858523786067962646e-01
1.838476806879043579e-01
1.818368285894393921e-01
1.778532564640045166e-01
1.808407008647918701e-01
1.759512424468994141e-01
1.721169054508209229e-01
1.739381849765777588e-01
1.720420420169830322e-01
1.693910658359527588e-01
1.674604117870330811e-01
1.657032221555709839e-01
1.691505014896392822e-01
1.663312315940856934e-01
1.631013303995132446e-01
1.609907448291778564e-01
1.611966490745544434e-01
1.583039164543151855e-01
1.580189019441604614e-01
1.607051938772201538e-01
1.543745398521423340e-01
1.541125923395156860e-01
1.516020148992538452e-01
1.542872786521911621e-01
1.501542031764984131e-01
1.483476758003234863e-01
1.504074633121490479e-01
1.495567113161087036e-01
1.455276161432266235e-01
1.464966237545013428e-01
1.451343595981597900e-01
1.486958116292953491e-01
1.443086713552474976e-01
1.428468078374862671e-01
1.417190879583358765e-01
1.430443674325942993e-01
1.416026949882507324e-01
1.398499310016632080e-01
1.406500488519668579e-01
1.407166421413421631e-01
1.370478868484497070e-01
1.320991665124893188e-01
1.342830806970596313e-01
1.329537779092788696e-01
1.351878643035888672e-01
1.317530721426010132e-01
1.313419491052627563e-01
1.321453303098678589e-01
1.308017075061798096e-01
1.306544840335845947e-01
1.312580704689025879e-01
1.277472972869873047e-01
1.300604492425918579e-01
1.266659796237945557e-01
1.286944001913070679e-01
1.262525618076324463e-01
1.296190321445465088e-01
1.264353096485137939e-01
1.263034343719482422e-01
1.234801560640335083e-01
1.227213591337203979e-01
1.236544027924537659e-01
1.237278282642364502e-01
1.207747533917427063e-01
1.225037202239036560e-01
1.221314147114753723e-01
1.193415746092796326e-01
1.182568594813346863e-01
1.191573441028594971e-01
1.187136545777320862e-01
1.159970611333847046e-01
1.166089400649070740e-01
1.170006617903709412e-01
1.166271790862083435e-01
1.138616651296615601e-01
1.175600737333297729e-01
1.196574047207832336e-01
1.183827966451644897e-01
1.164520978927612305e-01
1.139476001262664795e-01
1.125985160470008850e-01
1.109435036778450012e-01
1.096592694520950317e-01
1.085541620850563049e-01
1.090025603771209717e-01
1.078225746750831604e-01
1.039497479796409607e-01
1.029703319072723389e-01
1.040076017379760742e-01
9.878370165824890137e-02
9.724564850330352783e-02
9.624311327934265137e-02
9.500229358673095703e-02
9.302345663309097290e-02
9.407626837491989136e-02
9.334326535463333130e-02
8.848629891872406006e-02
8.890104293823242188e-02
8.934777975082397461e-02
8.720710873603820801e-02
8.594357967376708984e-02
8.356344699859619141e-02
8.331730216741561890e-02
8.293800801038742065e-02
7.772290706634521484e-02
7.974324375391006470e-02
7.926645129919052124e-02
7.650204747915267944e-02
7.659988105297088623e-02
7.500087469816207886e-02
7.294622063636779785e-02
7.431894540786743164e-02
7.128573209047317505e-02
6.861761957406997681e-02
7.171372324228286743e-02
6.749693304300308228e-02
6.786995381116867065e-02
6.854523718357086182e-02
6.853787600994110107e-02
6.551433354616165161e-02
6.374678015708923340e-02
6.572847068309783936e-02
6.547078490257263184e-02
6.428685039281845093e-02
6.430926173925399780e-02
6.127971410751342773e-02
6.061184033751487732e-02
5.931577458977699280e-02
5.848322808742523193e-02
5.957263708114624023e-02
5.940369516611099243e-02
5.693966150283813477e-02
5.712144821882247925e-02
5.884875729680061340e-02
5.565438792109489441e-02
5.557115003466606140e-02
5.418220907449722290e-02
5.375268682837486267e-02
5.470980703830718994e-02
5.470863729715347290e-02
5.301400274038314819e-02
5.122338980436325073e-02
5.360886082053184509e-02
5.161540582776069641e-02
5.284912139177322388e-02
5.240362882614135742e-02
5.136342346668243408e-02
5.124789103865623474e-02
4.904728755354881287e-02
5.073828622698783875e-02
5.032171308994293213e-02
4.958117753267288208e-02
4.760488867759704590e-02
4.916270822286605835e-02
4.876896366477012634e-02
4.728036001324653625e-02
4.757648706436157227e-02
4.784226417541503906e-02
4.752743989229202271e-02
4.810393601655960083e-02
4.624469205737113953e-02
4.713900014758110046e-02
4.555738344788551331e-02
4.725710675120353699e-02
4.608715698122978210e-02
4.655187204480171204e-02
4.952043294906616211e-02
