8.922764199999999590e+00
1.490138560000000112e+01
2.065296670000000034e+01
2.638455030000000079e+01
3.227502320000000680e+01
3.802970449999999403e+01
4.380569769999999608e+01
4.959734579999999937e+01
5.535434130000000152e+01
6.121001410000000931e+01
6.704550230000000965e+01
8.393375260000000537e+01
1.029882976000000099e+02
1.210408419999999978e+02
1.387197630000000004e+02
1.565791667999999959e+02
1.747720806999999752e+02
1.929863410999999758e+02
2.106353281999999751e+02
2.311889018999999905e+02
2.501106800999999962e+02
2.678162697000000207e+02
2.857950334000000225e+02
3.035174614000000020e+02
