5.349486321210861206e-02
4.963653162121772766e-02
4.795830696821212769e-02
4.700902849435806274e-02
4.720278829336166382e-02
4.607038572430610657e-02
4.595000296831130981e-02
4.593962803483009338e-02
4.507407546043395996e-02
4.428048059344291687e-02
4.426538944244384766e-02
4.371982440352439880e-02
4.408444836735725403e-02
4.333169758319854736e-02
4.371684417128562927e-02
4.286286979913711548e-02
4.247625172138214111e-02
4.202131181955337524e-02
4.253314808011054993e-02
4.301011562347412109e-02
4.142322391271591187e-02
4.191899299621582031e-02
4.165781661868095398e-02
4.152717441320419312e-02
4.135353863239288330e-02
4.136766493320465088e-02
4.136452823877334595e-02
4.059271514415740967e-02
4.020518809556961060e-02
4.052836075425148010e-02
4.059560596942901611e-02
4.072034358978271484e-02
4.051601886749267578e-02
4.008790105581283569e-02
3.939298912882804871e-02
3.898529335856437683e-02
3.979876637458801270e-02
4.060278460383415222e-02
6.070780381560325623e-02
5.513749271631240845e-02
5.259213969111442566e-02
5.090136080980300903e-02
4.996849969029426575e-02
4.759952053427696228e-02
4.732229560613632202e-02
4.593917727470397949e-02
4.593837633728981018e-02
4.471811652183532715e-02
4.519174620509147644e-02
4.454520344734191895e-02
4.444582015275955200e-02
4.359735921025276184e-02
4.303041845560073853e-02
4.284376651048660278e-02
4.224436357617378235e-02
4.272063076496124268e-02
4.199972003698348999e-02
4.250399768352508545e-02
4.160126671195030212e-02
4.065122082829475403e-02
4.126204550266265869e-02
4.094136133790016174e-02
4.056760668754577637e-02
3.994515165686607361e-02
3.947736695408821106e-02
3.956481441855430603e-02
3.965951874852180481e-02
3.950420394539833069e-02
3.979403153061866760e-02
3.871713578701019287e-02
3.891536593437194824e-02
3.851316869258880615e-02
3.917332366108894348e-02
3.885775059461593628e-02
3.906194493174552917e-02
3.778655827045440674e-02
3.839961811900138855e-02
3.861324861645698547e-02
3.826326504349708557e-02
3.788948804140090942e-02
3.721774742007255554e-02
3.738381713628768921e-02
3.787867724895477295e-02
3.682554885745048523e-02
3.682165220379829407e-02
3.750015050172805786e-02
3.761133924126625061e-02
3.687022626399993896e-02
3.703632950782775879e-02
3.668062016367912292e-02
3.650732338428497314e-02
3.628712520003318787e-02
3.657843917608261108e-02
3.681476414203643799e-02
3.672871366143226624e-02
3.635647892951965332e-02
3.709632530808448792e-02
5.422048643231391907e-02
5.272498726844787598e-02
5.082651972770690918e-02
5.090590938925743103e-02
4.932847619056701660e-02
4.859074577689170837e-02
4.795648530125617981e-02
4.765571281313896179e-02
4.660681635141372681e-02
4.679464921355247498e-02
4.596320539712905884e-02
4.536170512437820435e-02
4.499555006623268127e-02
4.454981163144111633e-02
4.441048204898834229e-02
4.454876855015754700e-02
4.311254993081092834e-02
4.364939779043197632e-02
4.301796853542327881e-02
4.345496743917465210e-02
4.271845892071723938e-02
4.297360777854919434e-02
4.208241403102874756e-02
4.211421310901641846e-02
4.194263368844985962e-02
4.109437391161918640e-02
4.090454056859016418e-02
4.078635200858116150e-02
4.047141969203948975e-02
4.085507243871688843e-02
4.008173570036888123e-02
4.012707248330116272e-02
3.939700499176979065e-02
3.923999890685081482e-02
3.949799016118049622e-02
4.025504738092422485e-02
5.890234932303428650e-02
5.537766963243484497e-02
5.377697572112083435e-02
5.315179377794265747e-02
5.176225677132606506e-02
5.230028554797172546e-02
5.120985209941864014e-02
5.061022937297821045e-02
4.914657771587371826e-02
4.874000698328018188e-02
4.809266701340675354e-02
4.837626591324806213e-02
4.712615534663200378e-02
4.708247259259223938e-02
4.667029902338981628e-02
4.653666913509368896e-02
4.638123139739036560e-02
4.546369239687919617e-02
4.483110085129737854e-02
4.533481970429420471e-02
4.392413049936294556e-02
4.433136060833930969e-02
4.377204924821853638e-02
4.393097758293151855e-02
4.288147762417793274e-02
4.268265888094902039e-02
4.176371917128562927e-02
4.262249544262886047e-02
4.258644208312034607e-02
4.191310331225395203e-02
4.201085492968559265e-02
4.238647967576980591e-02
4.159099981188774109e-02
4.165745154023170471e-02
4.091436043381690979e-02
4.183625802397727966e-02
4.054428264498710632e-02
3.991968929767608643e-02
4.080598056316375732e-02
3.976131230592727661e-02
4.022977501153945923e-02
3.997564315795898438e-02
4.036251083016395569e-02
3.984419256448745728e-02
3.999777883291244507e-02
3.974747285246849060e-02
4.040360823273658752e-02
4.067497327923774719e-02
4.051787033677101135e-02
4.015667364001274109e-02
4.001723602414131165e-02
3.937756270170211792e-02
3.914401680231094360e-02
3.977277129888534546e-02
3.977815806865692139e-02
3.933943063020706177e-02
3.925941139459609985e-02
3.871278464794158936e-02
3.863218426704406738e-02
3.833921998739242554e-02
3.939703851938247681e-02
