1.208158135414123535e-01
1.036342605948448181e-01
9.270528703927993774e-02
8.354090899229049683e-02
7.661257684230804443e-02
7.045289129018783569e-02
6.442819535732269287e-02
5.958951264619827271e-02
5.519951507449150085e-02
5.168567970395088196e-02
4.879239201545715332e-02
4.599393904209136963e-02
4.302675649523735046e-02
4.077527299523353577e-02
3.898797929286956787e-02
3.707949072122573853e-02
3.530498221516609192e-02
3.350562229752540588e-02
3.138519451022148132e-02
3.010019659996032715e-02
2.888391166925430298e-02
2.766724675893783569e-02
2.617622539401054382e-02
2.478948794305324554e-02
2.401006035506725311e-02
2.310112863779067993e-02
2.232511341571807861e-02
2.113818936049938202e-02
2.030221186578273773e-02
1.929805055260658264e-02
1.828739047050476074e-02
1.726383157074451447e-02
1.619780063629150391e-02
1.549992058426141739e-02
1.486977003514766693e-02
1.404029317200183868e-02
1.367041375488042831e-02
1.292381435632705688e-02
1.225954387336969376e-02
1.195238437503576279e-02
1.165589410811662674e-02
1.127354986965656281e-02
1.068664062768220901e-02
1.046078931540250778e-02
1.036562398076057434e-02
9.819855913519859314e-03
9.614169597625732422e-03
9.159327484667301178e-03
9.074660949409008026e-03
8.894662372767925262e-03
8.601870387792587280e-03
8.376022800803184509e-03
8.102071471512317657e-03
8.001334033906459808e-03
7.780224550515413284e-03
7.639146409928798676e-03
7.598341908305883408e-03
7.434205617755651474e-03
7.090102881193161011e-03
6.990485824644565582e-03
7.030953187495470047e-03
6.712012458592653275e-03
6.680842023342847824e-03
6.457468029111623764e-03
6.373451557010412216e-03
6.412146147340536118e-03
6.223953794687986374e-03
6.225162185728549957e-03
6.018484942615032196e-03
5.941441748291254044e-03
5.890803411602973938e-03
5.702364258468151093e-03
5.747213494032621384e-03
5.430285818874835968e-03
5.631517618894577026e-03
5.266276653856039047e-03
5.259331781417131424e-03
5.127994809299707413e-03
5.098243709653615952e-03
5.051041953265666962e-03
4.972369410097599030e-03
4.829250276088714600e-03
4.826413467526435852e-03
4.683084785938262939e-03
4.732985049486160278e-03
4.741222597658634186e-03
4.675021860748529434e-03
4.558941349387168884e-03
4.550622776150703430e-03
4.357346799224615097e-03
4.417829681187868118e-03
4.407783504575490952e-03
4.374668467789888382e-03
4.195943009108304977e-03
4.245471209287643433e-03
4.269370343536138535e-03
4.289777018129825592e-03
4.080201033502817154e-03
4.074605647474527359e-03
4.057801794260740280e-03
1.297669950872659683e-02
1.140036340802907944e-02
1.083871442824602127e-02
1.039464771747589111e-02
9.920056909322738647e-03
9.674430824816226959e-03
9.292014874517917633e-03
9.085960686206817627e-03
8.883467875421047211e-03
8.627847768366336823e-03
8.345757611095905304e-03
8.188029751181602478e-03
8.015351369976997375e-03
7.845002226531505585e-03
7.581135258078575134e-03
7.518301717936992645e-03
7.289753761142492294e-03
7.131490856409072876e-03
7.071715313941240311e-03
6.864750757813453674e-03
6.857472006231546402e-03
6.670976988971233368e-03
6.577375344932079315e-03
6.436855997890233994e-03
6.270757876336574554e-03
6.198753602802753448e-03
6.025842390954494476e-03
6.005272734910249710e-03
5.900579039007425308e-03
5.804044194519519806e-03
5.665293429046869278e-03
5.570211447775363922e-03
5.627936217933893204e-03
5.517153535038232803e-03
5.327301565557718277e-03
5.332789383828639984e-03
5.285012535750865936e-03
5.203971173614263535e-03
5.030876491218805313e-03
5.019597243517637253e-03
4.974681418389081955e-03
4.866370931267738342e-03
4.796374589204788208e-03
4.817076958715915680e-03
4.746006336063146591e-03
4.667670931667089462e-03
4.609045106917619705e-03
4.487436730414628983e-03
4.484049975872039795e-03
4.472817294299602509e-03
4.325179848819971085e-03
4.374911077320575714e-03
4.316206555813550949e-03
4.272472579032182693e-03
4.193686880171298981e-03
4.126309882849454880e-03
4.143632017076015472e-03
4.079705104231834412e-03
4.054473713040351868e-03
3.999420441687107086e-03
3.914061468094587326e-03
3.935280255973339081e-03
3.904061391949653625e-03
3.784414613619446754e-03
3.778273006901144981e-03
3.703956259414553642e-03
3.739555133506655693e-03
3.643905045464634895e-03
3.588211489841341972e-03
3.554243594408035278e-03
3.568349173292517662e-03
3.502210602164268494e-03
3.513923613354563713e-03
3.427490824833512306e-03
3.382882801815867424e-03
3.364641917869448662e-03
3.352046711370348930e-03
3.310051979497075081e-03
3.292245790362358093e-03
3.246604697778820992e-03
3.208499867469072342e-03
3.222207771614193916e-03
3.127746284008026123e-03
3.131037345156073570e-03
3.130465280264616013e-03
3.091690829023718834e-03
3.118102438747882843e-03
3.089575329795479774e-03
