8.270674347877502441e-01
8.928502202033996582e-01
9.187973737716674805e-01
9.302871823310852051e-01
9.366793632507324219e-01
9.396306276321411133e-01
9.414457678794860840e-01
9.450913667678833008e-01
9.449495673179626465e-01
9.455807209014892578e-01
9.476326704025268555e-01
9.481534957885742188e-01
9.479798674583435059e-01
9.481692910194396973e-01
9.490687251091003418e-01
9.504261612892150879e-01
9.482010602951049805e-01
9.498739242553710938e-01
9.511207342147827148e-01
9.508679509162902832e-01
9.513257741928100586e-01
9.519885778427124023e-01
9.518150091171264648e-01
9.517046213150024414e-01
9.520673751831054688e-01
9.527305364608764648e-01
9.538351297378540039e-01
9.536615610122680664e-01
9.525252580642700195e-01
9.530303478240966797e-01
9.537562131881713867e-01
9.539775252342224121e-01
9.522570371627807617e-01
9.546401500701904297e-01
9.542456865310668945e-01
9.547505974769592285e-01
9.546877741813659668e-01
9.550346136093139648e-01
9.539141058921813965e-01
9.543716907501220703e-01
9.550347924232482910e-01
9.550188779830932617e-01
9.542611837387084961e-01
9.557766914367675781e-01
9.551138281822204590e-01
9.540718793869018555e-01
9.554608464241027832e-01
9.554293751716613770e-01
9.558869600296020508e-01
9.554768204689025879e-01
9.553818702697753906e-01
9.551136493682861328e-01
9.551765918731689453e-01
9.552714228630065918e-01
9.558871388435363770e-01
9.560762047767639160e-01
9.555554986000061035e-01
9.570707082748413086e-01
9.567710161209106445e-01
9.554607272148132324e-01
9.563921093940734863e-01
9.561080932617187500e-01
9.573549032211303711e-01
9.563606381416320801e-01
9.570389986038208008e-01
9.571810364723205566e-01
9.571653008460998535e-01
9.573071599006652832e-01
9.564709067344665527e-01
9.566445946693420410e-01
9.564395546913146973e-01
9.574812054634094238e-01
9.571338295936584473e-01
9.567865729331970215e-01
9.568338990211486816e-01
9.573706388473510742e-01
9.580964446067810059e-01
9.568180441856384277e-01
9.555397033691406250e-01
9.576231241226196289e-01
9.572286605834960938e-01
9.565182328224182129e-01
9.237846732139587402e-01
9.240773916244506836e-01
9.247273206710815430e-01
9.253121614456176758e-01
9.259522557258605957e-01
9.250495433807373047e-01
9.263837337493896484e-01
9.268302917480468750e-01
9.272223114967346191e-01
9.274653792381286621e-01
9.281898736953735352e-01
9.281399250030517578e-01
9.290133118629455566e-01
9.294596910476684570e-01
9.297519326210021973e-01
9.296181201934814453e-01
9.301784634590148926e-01
9.300344586372375488e-01
9.298563003540039062e-01
9.311206340789794922e-01
9.307689666748046875e-01
9.319294691085815430e-01
9.351338148117065430e-01
9.350939989089965820e-01
9.332044124603271484e-01
9.314780235290527344e-01
9.309276342391967773e-01
9.317263960838317871e-01
9.307987689971923828e-01
9.317310452461242676e-01
9.312943220138549805e-01
9.311209321022033691e-01
9.329760670661926270e-01
9.321280121803283691e-01
9.317261576652526855e-01
9.325398206710815430e-01
9.321727752685546875e-01
9.328027367591857910e-01
9.324206709861755371e-01
9.325001835823059082e-01
9.333184957504272461e-01
9.322319030761718750e-01
9.320733547210693359e-01
9.340627789497375488e-01
9.334573149681091309e-01
9.332838058471679688e-01
9.336803555488586426e-01
9.339085817337036133e-01
9.337002038955688477e-01
9.339187145233154297e-01
9.328472614288330078e-01
9.336856603622436523e-01
9.341912865638732910e-01
9.347717165946960449e-01
9.346477985382080078e-01
9.345333576202392578e-01
9.338344931602478027e-01
