1.242405697703361511e-01
1.062742918729782104e-01
9.528333693742752075e-02
8.706208318471908569e-02
7.890353351831436157e-02
7.162014394998550415e-02
6.588375568389892578e-02
6.045550107955932617e-02
5.624967813491821289e-02
5.287502333521842957e-02
4.967601224780082703e-02
4.750948771834373474e-02
4.460348188877105713e-02
4.209624975919723511e-02
4.015767201781272888e-02
3.815266862511634827e-02
3.626542910933494568e-02
3.504418209195137024e-02
3.352338075637817383e-02
3.200194612145423889e-02
3.107402473688125610e-02
3.015613742172718048e-02
2.811008319258689880e-02
2.716383337974548340e-02
2.645253762602806091e-02
2.562644332647323608e-02
2.438606694340705872e-02
2.384239993989467621e-02
2.240645512938499451e-02
2.211371064186096191e-02
2.131859585642814636e-02
2.028628252446651459e-02
1.958221569657325745e-02
1.874073036015033722e-02
1.811713352799415588e-02
1.741315983235836029e-02
1.706053130328655243e-02
1.640087738633155823e-02
1.591100543737411499e-02
1.526321843266487122e-02
1.500673498958349228e-02
1.439607888460159302e-02
1.381678041070699692e-02
1.336677372455596924e-02
1.275124680250883102e-02
1.259058620780706406e-02
1.221497729420661926e-02
1.182792056351900101e-02
1.154072489589452744e-02
1.107466779649257660e-02
1.077268458902835846e-02
1.050784159451723099e-02
1.028013788163661957e-02
1.025299821048974991e-02
9.737518616020679474e-03
9.561575949192047119e-03
9.327238425612449646e-03
9.189815260469913483e-03
9.030387736856937408e-03
8.760153315961360931e-03
8.463260717689990997e-03
8.072868920862674713e-03
8.127999491989612579e-03
7.953048683702945709e-03
8.010819554328918457e-03
7.941809482872486115e-03
7.785408291965723038e-03
7.514358963817358017e-03
7.441389374434947968e-03
7.256901357322931290e-03
7.218834944069385529e-03
7.137974724173545837e-03
7.003690581768751144e-03
7.030951324850320816e-03
6.911227945238351822e-03
6.758139468729496002e-03
6.688936613500118256e-03
6.483722943812608719e-03
6.419033277779817581e-03
6.305843591690063477e-03
6.615060381591320038e-03
6.170525681227445602e-03
6.267333403229713440e-03
6.137045565992593765e-03
6.349103990942239761e-03
6.181129720062017441e-03
6.006433628499507904e-03
5.991621408611536026e-03
5.719935987144708633e-03
5.686381366103887558e-03
5.692905746400356293e-03
5.691167898476123810e-03
5.574704147875308990e-03
5.651839543133974075e-03
1.373995654284954071e-02
1.318789739161729813e-02
1.287371385842561722e-02
1.267087087035179138e-02
1.234818622469902039e-02
1.221343595534563065e-02
1.210372801870107651e-02
1.197439432144165039e-02
1.166320499032735825e-02
1.174753718078136444e-02
1.147936936467885971e-02
1.139341201633214951e-02
1.128733530640602112e-02
1.110663078725337982e-02
1.098334882408380508e-02
1.087777316570281982e-02
1.073804683983325958e-02
1.078351121395826340e-02
1.063661184161901474e-02
1.040982827544212341e-02
1.043706201016902924e-02
1.034061610698699951e-02
1.027392409741878510e-02
1.014299597591161728e-02
1.001227926462888718e-02
9.949895553290843964e-03
9.937915019690990448e-03
9.693868458271026611e-03
9.542767889797687531e-03
9.689816273748874664e-03
9.537765756249427795e-03
9.319313801825046539e-03
9.325969964265823364e-03
9.333290159702301025e-03
9.230547584593296051e-03
9.222941473126411438e-03
9.119617752730846405e-03
9.057977236807346344e-03
8.941472508013248444e-03
8.810871280729770660e-03
8.871183730661869049e-03
8.779618889093399048e-03
8.772289380431175232e-03
8.685955777764320374e-03
8.615259081125259399e-03
8.546678349375724792e-03
8.411596529185771942e-03
8.447419852018356323e-03
8.283898234367370605e-03
8.315244689583778381e-03
8.296565152704715729e-03
8.132602088153362274e-03
8.068625815212726593e-03
8.045999333262443542e-03
8.116068318486213684e-03
7.983099669218063354e-03
7.956985384225845337e-03
7.975133135914802551e-03
7.822581566870212555e-03
7.819234393537044525e-03
7.718608714640140533e-03
7.696135435253381729e-03
7.656872738152742386e-03
7.601243443787097931e-03
7.574835326522588730e-03
7.534411270171403885e-03
7.485457696020603180e-03
7.459562271833419800e-03
7.353969383984804153e-03
7.303841412067413330e-03
7.339329924434423447e-03
7.257027551531791687e-03
7.235671393573284149e-03
7.176243700087070465e-03
7.036486174911260605e-03
7.117546629160642624e-03
6.955866701900959015e-03
6.954506505280733109e-03
7.062557153403759003e-03
6.964335218071937561e-03
6.930023431777954102e-03
6.885357666760683060e-03
6.906502414494752884e-03
6.828228477388620377e-03
6.839847657829523087e-03
6.765577476471662521e-03
6.815033033490180969e-03
6.685698870569467545e-03
6.685294210910797119e-03
6.628473289310932159e-03
6.666474975645542145e-03
6.545587908476591110e-03
6.507879123091697693e-03
6.552241276949644089e-03
6.496177520602941513e-03
6.505917757749557495e-03
6.426010280847549438e-03
6.337430328130722046e-03
6.365507841110229492e-03
6.392402574419975281e-03
