8.450321999999999889e+00
1.392357400000000034e+01
2.002558110000000013e+01
2.581665760000000276e+01
3.171210960000000156e+01
3.745467819999999648e+01
4.317813459999999992e+01
4.883456819999999965e+01
5.482237579999999610e+01
6.058457459999999628e+01
6.637743509999999958e+01
7.205260930000000030e+01
7.795941849999999818e+01
8.377369000000000199e+01
8.960127350000000490e+01
9.534977320000000134e+01
1.010924667000000028e+02
1.069003659999999911e+02
1.126046899999999908e+02
1.184062826999999913e+02
1.240470921999999945e+02
1.296966964000000075e+02
1.353757136000000116e+02
1.409894291999999894e+02
1.468140257999999960e+02
1.523965794000000074e+02
1.581881439999999941e+02
1.638696076999999889e+02
1.694601509000000021e+02
1.750735233999999991e+02
1.803688175000000058e+02
1.863229336999999930e+02
1.919348239999999919e+02
1.975523048999999958e+02
2.031998027999999863e+02
2.087925766999999837e+02
2.143566476999999963e+02
2.198398120999999890e+02
2.254096372999999858e+02
2.309856891000000019e+02
2.367098086999999964e+02
2.425203132999999980e+02
2.480355704000000117e+02
2.537207532999999842e+02
2.590690717000000518e+02
2.648256460000000061e+02
2.705035215000000335e+02
2.762408666000000039e+02
2.818293326000000434e+02
2.874536756000000537e+02
2.930650019000000270e+02
2.985059811000000423e+02
3.041161867000000143e+02
3.096532109000000332e+02
3.152532740999999987e+02
3.209732395999999994e+02
3.264757603000000472e+02
3.320985363000000348e+02
3.376880120000000147e+02
3.432736251000000038e+02
3.488045584000000190e+02
3.544506958000000054e+02
3.599452997000000209e+02
3.653951539000000253e+02
3.711848224000000300e+02
3.764105595999999991e+02
3.822497879000000012e+02
3.877848041000000308e+02
3.933716156000000410e+02
3.989594529000000307e+02
4.044643461000000002e+02
4.099859462000000008e+02
4.156864731000000006e+02
4.212759268000000361e+02
4.267476509000000533e+02
4.322697266000000127e+02
4.377925647000000140e+02
4.433040765000000079e+02
4.489316233000000125e+02
4.546129222000000141e+02
4.600179610000000139e+02
4.654891709000000333e+02
4.713615032000000156e+02
4.769245191000000546e+02
4.824929273000000194e+02
4.880611129000000119e+02
4.935774762000000351e+02
4.991771741000000020e+02
5.047606386000000498e+02
5.102671974000000432e+02
5.158176808999999139e+02
5.215676515000000109e+02
5.270798641000000089e+02
5.326239707999999382e+02
5.486026481999999760e+02
5.648878970999999183e+02
5.809617349999999760e+02
5.974401048999999375e+02
6.138499464000000216e+02
6.299296122999999170e+02
6.467358057000000144e+02
6.630836289000000079e+02
6.797292800999999827e+02
6.959206786999999395e+02
7.126137645999999677e+02
7.289492407000000185e+02
7.453349760999999489e+02
7.615820219999999381e+02
7.781805137999999715e+02
7.946331586000000016e+02
8.110243681999999126e+02
8.273731804000000238e+02
8.438856912999999622e+02
8.601233735999999226e+02
8.766053360999999313e+02
8.927603382999999440e+02
9.090319290999999566e+02
9.256551644999999553e+02
9.419695620999999619e+02
9.583184726999999157e+02
9.749426840999999513e+02
9.912279718999999432e+02
1.007267455299999938e+03
1.023943653999999924e+03
1.040226808200000050e+03
1.056608418399999891e+03
1.073053720800000065e+03
1.089183105099999921e+03
1.105715187999999898e+03
1.122252755900000011e+03
1.138644182499999943e+03
1.154701185899999928e+03
1.170799867899999981e+03
1.187427798899999971e+03
1.203911145699999906e+03
1.220232496999999967e+03
1.236644075499999872e+03
1.252714334099999860e+03
1.269001764699999967e+03
1.285461430000000064e+03
1.301703604699999914e+03
1.317980724600000030e+03
1.334076247199999898e+03
1.350421057699999892e+03
1.366694031300000006e+03
1.383075674599999957e+03
1.399427300999999943e+03
1.415941212799999903e+03
1.431927778400000079e+03
1.448467343699999901e+03
1.464800541300000077e+03
1.481024550800000043e+03
1.497359120699999949e+03
1.513747787000000017e+03
1.529878396699999939e+03
1.546142066899999918e+03
1.562368800899999997e+03
1.578797800300000063e+03
1.595186549399999876e+03
1.611417258700000048e+03
1.627543446799999856e+03
1.643697120000000041e+03
1.660074353799999926e+03
1.676201636900000040e+03
1.692618908799999872e+03
1.708786927500000047e+03
1.725012639099999888e+03
1.741647268199999871e+03
1.757969287099999974e+03
1.774185814199999868e+03
1.790685195799999974e+03
1.806931828199999927e+03
1.823615673099999867e+03
1.840073148499999888e+03
1.856394952399999966e+03
1.872761178999999856e+03
1.889259324800000059e+03
1.905882067799999959e+03
1.922223067500000070e+03
1.938862264899999900e+03
1.955118727399999898e+03
1.971421119899999894e+03
1.987698040199999923e+03
2.004217699199999970e+03
2.020703232399999933e+03
2.036581841499999882e+03
2.053146391500000391e+03
2.069431892500000231e+03
2.086076376100000289e+03
2.102022876400000314e+03
2.118818839900000057e+03
2.135108647100000326e+03
2.151437326500000381e+03
2.168071142100000088e+03
