2.836451828479766846e-01
2.639187276363372803e-01
2.590445280075073242e-01
2.528271675109863281e-01
2.509755790233612061e-01
2.486714571714401245e-01
2.430458068847656250e-01
2.399962544441223145e-01
2.357255071401596069e-01
2.345197945833206177e-01
2.315767258405685425e-01
2.308199852705001831e-01
2.271652817726135254e-01
2.286096364259719849e-01
2.271760851144790649e-01
2.222504466772079468e-01
2.214515954256057739e-01
2.215369492769241333e-01
2.189498096704483032e-01
2.173137217760086060e-01
2.165784835815429688e-01
2.141584306955337524e-01
2.122193127870559692e-01
2.118349522352218628e-01
2.081751823425292969e-01
2.104402333498001099e-01
2.071028202772140503e-01
2.102958709001541138e-01
2.076781988143920898e-01
2.076294273138046265e-01
2.054520249366760254e-01
2.064351439476013184e-01
2.024223059415817261e-01
2.023418694734573364e-01
2.007216811180114746e-01
2.018306851387023926e-01
1.998456269502639771e-01
1.980661153793334961e-01
2.001516222953796387e-01
1.985993236303329468e-01
1.954346746206283569e-01
1.966802328824996948e-01
1.950272917747497559e-01
1.964136809110641479e-01
1.957544833421707153e-01
1.940165013074874878e-01
1.922091990709304810e-01
1.932489722967147827e-01
1.924370080232620239e-01
1.905521750450134277e-01
1.891207844018936157e-01
1.909964829683303833e-01
1.893300861120223999e-01
1.915914565324783325e-01
1.889970898628234863e-01
1.898410320281982422e-01
1.881628632545471191e-01
1.869471073150634766e-01
1.848020553588867188e-01
1.855538040399551392e-01
1.872258037328720093e-01
1.862504929304122925e-01
1.856387257575988770e-01
1.850060373544692993e-01
1.831175237894058228e-01
1.844558715820312500e-01
1.838620156049728394e-01
1.829005926847457886e-01
1.811348199844360352e-01
1.821459382772445679e-01
1.825093030929565430e-01
1.805258542299270630e-01
1.791848093271255493e-01
1.791294813156127930e-01
1.790279746055603027e-01
1.793914586305618286e-01
1.811966300010681152e-01
1.804933249950408936e-01
1.779355853796005249e-01
1.757500320672988892e-01
1.744207441806793213e-01
1.731626540422439575e-01
1.720115244388580322e-01
1.709667593240737915e-01
1.689708828926086426e-01
1.674754321575164795e-01
1.673199385404586792e-01
1.656115055084228516e-01
1.648356765508651733e-01
1.632236540317535400e-01
1.633771210908889771e-01
1.611603796482086182e-01
1.597001254558563232e-01
1.595965176820755005e-01
1.587549597024917603e-01
1.570892632007598877e-01
1.555718034505844116e-01
1.547880768775939941e-01
1.554148346185684204e-01
1.525513380765914917e-01
1.519011706113815308e-01
1.519867181777954102e-01
1.497298628091812134e-01
1.496215313673019409e-01
1.497505009174346924e-01
1.466887295246124268e-01
1.471102535724639893e-01
1.454625129699707031e-01
1.441116631031036377e-01
1.443480849266052246e-01
1.428916454315185547e-01
1.422725617885589600e-01
1.418372541666030884e-01
1.409164369106292725e-01
1.394420564174652100e-01
1.377501934766769409e-01
1.375476568937301636e-01
1.386716067790985107e-01
1.365454494953155518e-01
1.349402964115142822e-01
1.350642293691635132e-01
1.326945126056671143e-01
1.326033174991607666e-01
1.307792365550994873e-01
1.293871253728866577e-01
1.294127851724624634e-01
1.291510760784149170e-01
1.277861446142196655e-01
1.283729374408721924e-01
1.261018514633178711e-01
1.256477534770965576e-01
1.249230653047561646e-01
1.236113682389259338e-01
1.230271607637405396e-01
1.209460943937301636e-01
1.201040148735046387e-01
1.197635307908058167e-01
1.183837279677391052e-01
1.172756776213645935e-01
1.164734959602355957e-01
1.159584298729896545e-01
1.157575249671936035e-01
1.147910952568054199e-01
1.140456572175025940e-01
1.131292805075645447e-01
1.122435778379440308e-01
1.113129630684852600e-01
1.095283851027488708e-01
1.086498349905014038e-01
1.080487817525863647e-01
1.080474257469177246e-01
1.066928282380104065e-01
1.047500818967819214e-01
1.046891659498214722e-01
1.044032946228981018e-01
1.032401546835899353e-01
1.016357690095901489e-01
1.014396101236343384e-01
1.009931340813636780e-01
9.942584484815597534e-02
9.901823848485946655e-02
9.812675416469573975e-02
9.595035016536712646e-02
9.577689319849014282e-02
9.508051723241806030e-02
9.494228661060333252e-02
9.305223077535629272e-02
9.279033541679382324e-02
9.226226806640625000e-02
9.181318432092666626e-02
8.966884762048721313e-02
8.946745097637176514e-02
8.896504342555999756e-02
8.774743974208831787e-02
8.670544624328613281e-02
8.641415834426879883e-02
8.406473696231842041e-02
