5.028522610664367676e-01
5.059523582458496094e-01
5.072751045227050781e-01
5.116567611694335938e-01
5.166376233100891113e-01
5.162450075149536133e-01
5.215980410575866699e-01
5.214326977729797363e-01
5.247396826744079590e-01
5.289765000343322754e-01
5.291418433189392090e-01
5.279224514961242676e-01
5.339989066123962402e-01
5.349288582801818848e-01
5.381737351417541504e-01
5.381324291229248047e-01
5.394139289855957031e-01
5.416459441184997559e-01
5.426173210144042969e-01
5.454282164573669434e-01
5.463582277297973633e-01
5.504092574119567871e-01
5.504918694496154785e-01
5.537781715393066406e-01
5.527860522270202637e-01
5.552661418914794922e-01
5.538194179534912109e-01
5.593377351760864258e-01
5.573536753654479980e-01
5.585110783576965332e-01
5.654142498970031738e-01
5.657448768615722656e-01
5.655381083488464355e-01
5.675637125968933105e-01
5.653521418571472168e-01
5.661582350730895996e-01
5.667368769645690918e-01
5.690310597419738770e-01
5.704984664916992188e-01
5.746940970420837402e-01
5.722139477729797363e-01
5.741980671882629395e-01
5.750662088394165039e-01
5.782076716423034668e-01
5.806257724761962891e-01
5.786417722702026367e-01
5.824446082115173340e-01
5.807291865348815918e-01
5.811839103698730469e-01
5.848628282546997070e-01
5.825686454772949219e-01
5.859994888305664062e-01
5.848007202148437500e-01
5.851521492004394531e-01
5.855035185813903809e-01
5.880042314529418945e-01
5.882109403610229492e-01
5.906291604042053223e-01
5.893063545227050781e-01
5.880043506622314453e-01
5.911458134651184082e-01
5.931299328804016113e-01
5.943906903266906738e-01
5.935846567153930664e-01
5.957134962081909180e-01
5.966021418571472168e-01
5.977389216423034668e-01
5.980283021926879883e-01
5.969328880310058594e-01
5.953208208084106445e-01
6.001570224761962891e-01
5.986482501029968262e-01
6.024718284606933594e-01
6.011078357696533203e-01
6.017072796821594238e-01
5.994957685470581055e-01
6.041045188903808594e-01
6.059855222702026367e-01
6.052207350730895996e-01
6.028645634651184082e-01
6.067915558815002441e-01
6.050555109977722168e-01
6.066673994064331055e-01
6.105736494064331055e-01
6.085895299911499023e-01
6.091477274894714355e-01
6.120825409889221191e-01
6.104910969734191895e-01
6.100983619689941406e-01
6.137358546257019043e-01
6.104084253311157227e-01
6.117104887962341309e-01
6.127231717109680176e-01
6.136739253997802734e-01
6.142113208770751953e-01
6.138185858726501465e-01
6.152240633964538574e-01
6.178694963455200195e-01
6.175594329833984375e-01
6.185515522956848145e-01
6.070774197578430176e-01
6.074853539466857910e-01
6.094581484794616699e-01
6.113600730895996094e-01
6.122280359268188477e-01
6.133258342742919922e-01
6.157705187797546387e-01
6.174427270889282227e-01
6.187895536422729492e-01
6.204745769500732422e-01
6.219426989555358887e-01
6.218786239624023438e-01
6.235127449035644531e-01
6.265063285827636719e-01
6.262509822845458984e-01
6.285744905471801758e-01
6.283125877380371094e-01
6.304764151573181152e-01
6.322828531265258789e-01
6.313318014144897461e-01
6.330485939979553223e-01
6.350910067558288574e-01
6.354230046272277832e-01
6.341847181320190430e-01
6.385697126388549805e-01
6.392464637756347656e-01
6.400889754295349121e-01
6.405485868453979492e-01
6.413784027099609375e-01
6.442312598228454590e-01
6.436760425567626953e-01
6.437716484069824219e-01
6.443843245506286621e-01
6.464844346046447754e-01
6.476780176162719727e-01
6.475055217742919922e-01
6.487184762954711914e-01
6.489799618721008301e-01
6.508757472038269043e-01
6.515587568283081055e-01
6.518840789794921875e-01
6.532245874404907227e-01
6.546800136566162109e-01
6.542136073112487793e-01
6.544308662414550781e-01
6.568881869316101074e-01
6.561352014541625977e-01
6.578711271286010742e-01
6.581394076347351074e-01
6.587459444999694824e-01
6.596072316169738770e-01
6.610369682312011719e-01
6.610816717147827148e-01
6.628113985061645508e-01
6.627286076545715332e-01
6.630474925041198730e-01
6.649176478385925293e-01
6.647710204124450684e-01
6.649366021156311035e-01
6.662452816963195801e-01
6.669983863830566406e-01
6.686004996299743652e-01
6.704325675964355469e-01
6.692837476730346680e-01
6.697239875793457031e-01
6.713644862174987793e-01
6.716327667236328125e-01
6.730303764343261719e-01
6.719260811805725098e-01
6.742621064186096191e-01
6.745686531066894531e-01
6.753535270690917969e-01
6.762089133262634277e-01
6.761702895164489746e-01
6.768215298652648926e-01
6.788768768310546875e-01
6.771664619445800781e-01
6.774535179138183594e-01
6.809130907058715820e-01
6.802492141723632812e-01
6.811810731887817383e-01
6.812958717346191406e-01
6.829619407653808594e-01
6.826428174972534180e-01
6.834406852722167969e-01
6.846339702606201172e-01
6.834660172462463379e-01
6.862873435020446777e-01
6.853172779083251953e-01
6.875509619712829590e-01
6.867276430130004883e-01
6.873211860656738281e-01
6.879597306251525879e-01
6.891785860061645508e-01
6.889806389808654785e-01
6.908062100410461426e-01
6.900531649589538574e-01
6.920893192291259766e-01
6.927403807640075684e-01
6.913358569145202637e-01
