5.246875286102294922e-01
5.338194370269775391e-01
5.288541913032531738e-01
5.373612046241760254e-01
5.328124761581420898e-01
5.328472256660461426e-01
5.322569608688354492e-01
5.320138335227966309e-01
5.374305844306945801e-01
5.335069298744201660e-01
5.326735973358154297e-01
5.398612022399902344e-01
5.352430939674377441e-01
5.414584279060363770e-01
5.365625619888305664e-01
5.332639217376708984e-01
5.353473424911499023e-01
5.382291674613952637e-01
5.344095826148986816e-01
5.468403100967407227e-01
5.379512906074523926e-01
5.345138311386108398e-01
5.443055629730224609e-01
5.307986736297607422e-01
5.361806154251098633e-01
5.278472900390625000e-01
5.379860401153564453e-01
5.374652743339538574e-01
5.353471636772155762e-01
5.398263931274414062e-01
5.364235043525695801e-01
5.329514145851135254e-01
5.365971922874450684e-01
5.281597375869750977e-01
5.508680939674377441e-01
5.612499713897705078e-01
5.685763955116271973e-01
5.739582777023315430e-01
5.777430534362792969e-01
5.824652910232543945e-01
5.799652338027954102e-01
5.850694775581359863e-01
5.812846422195434570e-01
5.859375596046447754e-01
5.810069441795349121e-01
5.840624570846557617e-01
5.858333110809326172e-01
5.835069417953491211e-01
5.837847590446472168e-01
5.869444608688354492e-01
5.893403887748718262e-01
5.843402147293090820e-01
5.903125405311584473e-01
5.858333110809326172e-01
5.889236330986022949e-01
5.872916579246520996e-01
5.847569108009338379e-01
5.906596779823303223e-01
5.905555486679077148e-01
5.877777934074401855e-01
5.906250476837158203e-01
5.886458754539489746e-01
5.882986187934875488e-01
5.871528387069702148e-01
5.881596207618713379e-01
5.895835161209106445e-01
5.877082347869873047e-01
5.874305963516235352e-01
5.856250524520874023e-01
5.901736021041870117e-01
5.836111307144165039e-01
5.930207371711730957e-01
5.888194441795349121e-01
5.884026885032653809e-01
5.781944394111633301e-01
5.878125429153442383e-01
6.013888120651245117e-01
5.988889336585998535e-01
6.104862093925476074e-01
6.105903387069702148e-01
6.131945252418518066e-01
6.143402457237243652e-01
6.196875572204589844e-01
6.223610043525695801e-01
6.201041340827941895e-01
6.253124475479125977e-01
6.231945157051086426e-01
6.268056631088256836e-01
6.292360424995422363e-01
6.322917342185974121e-01
6.287846565246582031e-01
6.340624690055847168e-01
6.351042389869689941e-01
6.423958539962768555e-01
6.379860043525695801e-01
6.382291913032531738e-01
6.420832276344299316e-01
6.419443488121032715e-01
6.447223424911499023e-01
6.436457633972167969e-01
6.409374475479125977e-01
6.461805105209350586e-01
6.470834612846374512e-01
6.467360854148864746e-01
6.420833468437194824e-01
6.405901908874511719e-01
6.531597971916198730e-01
6.488889455795288086e-01
6.446527838706970215e-01
6.452777981758117676e-01
6.470832824707031250e-01
6.482986211776733398e-01
6.525347232818603516e-01
6.500694751739501953e-01
6.319791674613952637e-01
6.488888263702392578e-01
6.527431607246398926e-01
6.589582562446594238e-01
6.578472256660461426e-01
6.682985424995422363e-01
6.767013669013977051e-01
6.737847924232482910e-01
6.803472042083740234e-01
6.824999451637268066e-01
6.794793009757995605e-01
6.915624737739562988e-01
6.868055462837219238e-01
6.877430677413940430e-01
6.947222948074340820e-01
6.937499046325683594e-01
7.010416984558105469e-01
6.943402290344238281e-01
6.967015266418457031e-01
6.954168081283569336e-01
7.031944394111633301e-01
7.038194537162780762e-01
7.014930844306945801e-01
6.993750929832458496e-01
7.026737332344055176e-01
6.980903148651123047e-01
7.078472375869750977e-01
7.005208730697631836e-01
7.056596875190734863e-01
7.064929008483886719e-01
7.037847638130187988e-01
7.019445300102233887e-01
7.027429342269897461e-01
7.085069417953491211e-01
7.034375071525573730e-01
7.051388621330261230e-01
7.063542008399963379e-01
7.065625786781311035e-01
7.099999189376831055e-01
7.029860615730285645e-01
7.076388597488403320e-01
7.041667699813842773e-01
7.075001001358032227e-01
7.034720778465270996e-01
7.084375023841857910e-01
7.087846994400024414e-01
7.134373188018798828e-01
7.072569131851196289e-01
7.098264098167419434e-01
7.076041698455810547e-01
7.048959136009216309e-01
