4.867406934499740601e-02
4.511753469705581665e-02
4.457428306341171265e-02
4.328295588493347168e-02
4.294710978865623474e-02
4.233152419328689575e-02
4.226071387529373169e-02
4.227704182267189026e-02
4.062441363930702209e-02
4.138711839914321899e-02
4.084728285670280457e-02
4.000012576580047607e-02
3.988996520638465881e-02
3.932757675647735596e-02
3.978966549038887024e-02
3.966976329684257507e-02
3.934895619750022888e-02
3.794059157371520996e-02
3.913309052586555481e-02
3.822067007422447205e-02
3.765727579593658447e-02
3.886154666543006897e-02
3.733297809958457947e-02
3.882404044270515442e-02
3.804795444011688232e-02
3.825543820858001709e-02
3.746675327420234680e-02
3.752019256353378296e-02
3.740300238132476807e-02
3.762125596404075623e-02
3.699249401688575745e-02
3.717719390988349915e-02
3.771757334470748901e-02
5.685754865407943726e-02
4.843381792306900024e-02
4.581863805651664734e-02
4.474775493144989014e-02
4.289703443646430969e-02
4.212163016200065613e-02
4.135575145483016968e-02
4.101524874567985535e-02
4.013231769204139709e-02
4.016814753413200378e-02
3.864438459277153015e-02
3.877038881182670593e-02
3.817763179540634155e-02
3.835042193531990051e-02
3.871326148509979248e-02
3.780599683523178101e-02
3.731030598282814026e-02
3.815947473049163818e-02
3.830430656671524048e-02
3.778916224837303162e-02
3.767870739102363586e-02
3.688487410545349121e-02
3.702495247125625610e-02
3.758728131651878357e-02
3.686571866273880005e-02
3.634935244917869568e-02
3.625739738345146179e-02
3.625638782978057861e-02
3.632718697190284729e-02
3.604439646005630493e-02
3.616622835397720337e-02
3.618082031607627869e-02
3.570283949375152588e-02
3.521710261702537537e-02
3.543966263532638550e-02
3.555719926953315735e-02
3.519375994801521301e-02
3.461674600839614868e-02
3.459072485566139221e-02
3.486996889114379883e-02
3.563824668526649475e-02
5.387745425105094910e-02
4.960725829005241394e-02
4.839628189802169800e-02
4.701205343008041382e-02
4.515416547656059265e-02
4.471581801772117615e-02
4.374378174543380737e-02
4.386419802904129028e-02
4.256641864776611328e-02
4.229533299803733826e-02
4.183759167790412903e-02
4.113114997744560242e-02
4.115097224712371826e-02
4.138482734560966492e-02
3.994706273078918457e-02
3.961971402168273926e-02
3.953523933887481689e-02
3.919041529297828674e-02
3.948598727583885193e-02
3.888175636529922485e-02
3.828530013561248779e-02
3.800175711512565613e-02
3.754500299692153931e-02
3.816313669085502625e-02
3.708327189087867737e-02
3.783502057194709778e-02
3.761205077171325684e-02
3.700457885861396790e-02
3.710867092013359070e-02
3.702791407704353333e-02
3.719802945852279663e-02
3.660883009433746338e-02
3.629868105053901672e-02
3.584441170096397400e-02
3.602306917309761047e-02
3.618120402097702026e-02
3.589466959238052368e-02
3.613958135247230530e-02
3.612445294857025146e-02
3.634870424866676331e-02
5.426157638430595398e-02
4.989372566342353821e-02
4.865239188075065613e-02
4.663770273327827454e-02
4.597167670726776123e-02
4.519374668598175049e-02
4.336219280958175659e-02
4.322886839509010315e-02
4.268175736069679260e-02
4.175586625933647156e-02
4.173830151557922363e-02
4.113577678799629211e-02
4.072672873735427856e-02
4.023290053009986877e-02
3.953398391604423523e-02
3.956057503819465637e-02
3.889870271086692810e-02
3.936452418565750122e-02
3.864428028464317322e-02
3.879682719707489014e-02
3.754915669560432434e-02
3.774651139974594116e-02
3.768531605601310730e-02
3.799562156200408936e-02
3.761777281761169434e-02
3.746302425861358643e-02
3.723219782114028931e-02
3.681281954050064087e-02
3.607254102826118469e-02
3.583313152194023132e-02
3.627066314220428467e-02
3.643202409148216248e-02
3.604338690638542175e-02
3.597222641110420227e-02
3.615525364875793457e-02
3.618903085589408875e-02
3.633532300591468811e-02
3.527607023715972900e-02
3.553082048892974854e-02
3.660713881254196167e-02
3.670160099864006042e-02
3.655734658241271973e-02
3.572733327746391296e-02
3.670046478509902954e-02
3.621395677328109741e-02
3.582971915602684021e-02
3.548480197787284851e-02
3.566786646842956543e-02
3.567644581198692322e-02
3.569554165005683899e-02
3.599469736218452454e-02
