8.170217300000331306e+00
1.447784470000033252e+01
2.083126880000008896e+01
2.720445800000015879e+01
3.360619450000012876e+01
3.995955160000039541e+01
4.630992130000004181e+01
5.270752040000024863e+01
5.908732520000012300e+01
6.548288490000004458e+01
7.186229690000027404e+01
7.824162500000011278e+01
8.466204460000017207e+01
9.100709810000034850e+01
9.735801810000020851e+01
1.036519143000000440e+02
1.098889437000002545e+02
1.161936995000000934e+02
1.224367507000001751e+02
1.287261941000001571e+02
1.349819924000003084e+02
1.412674570000003769e+02
1.475209007000003112e+02
1.537990271000003304e+02
1.600863963000001604e+02
1.664102351000001363e+02
1.727479028000002472e+02
1.791250136000003295e+02
1.858210211000000527e+02
1.922037704000003941e+02
1.985241055000001325e+02
2.048884175000002870e+02
2.112424177000002601e+02
2.176185953000003792e+02
2.240335896000001412e+02
2.303717399000001933e+02
2.367544233000003260e+02
2.430430806000003940e+02
2.493286438000000089e+02
2.556157908000000134e+02
2.618736751999999797e+02
2.681738469000001714e+02
2.744376274000001104e+02
2.807272123000002466e+02
2.869745621000001847e+02
2.932437140000001818e+02
2.995391285000000607e+02
3.058308279000002585e+02
3.120800401999999849e+02
3.183745869000003950e+02
3.246509204000003592e+02
3.309367685000001984e+02
3.372022549000002982e+02
3.434726702000002660e+02
3.497332079000002523e+02
3.560371304000000237e+02
3.623152460999999676e+02
3.685722254000002067e+02
3.748544173000000228e+02
3.811334103000003779e+02
3.873985887000003459e+02
3.936860120999999708e+02
3.999598703999999998e+02
4.062370465000003605e+02
4.125092620000000352e+02
4.188041602000002968e+02
4.250677088000002186e+02
4.313358594000001176e+02
4.376139133000001493e+02
4.569841293000004043e+02
4.763902024000003621e+02
4.957917319000002863e+02
5.151731689000002916e+02
5.345954414000002544e+02
5.540040957000001072e+02
5.733741456000002472e+02
5.928034950999999637e+02
6.122473849000002701e+02
6.316257964000001266e+02
6.510434671000002709e+02
6.704307713000002877e+02
6.898434530000004088e+02
7.092789950999999746e+02
7.286987045000000762e+02
7.480968041000000994e+02
7.675215588000000935e+02
7.869416220000002795e+02
8.063536449000002904e+02
8.257640255999999681e+02
8.454564700000000812e+02
8.648894484000002194e+02
8.843462881000000380e+02
9.037674001000000317e+02
9.231681929000001219e+02
9.425923241000000417e+02
9.620169818000003943e+02
9.817782108000001244e+02
1.001211608900000101e+03
1.020618923300000006e+03
1.040006952600000204e+03
1.059412445200000093e+03
1.078828033800000412e+03
1.098249715400000241e+03
1.117673306500000308e+03
1.137116254200000185e+03
1.156531445400000393e+03
1.175947519700000157e+03
1.195387334300000020e+03
1.214808293700000377e+03
1.234243270100000245e+03
1.253721827800000028e+03
1.273160183500000130e+03
1.292621427500000209e+03
1.312122756400000071e+03
1.331581316300000253e+03
1.351077698500000224e+03
1.370543779999999970e+03
1.389957922200000212e+03
1.409383834700000079e+03
1.428846567200000209e+03
1.448271493600000213e+03
1.467704798300000220e+03
1.487280371199999990e+03
1.506721557400000165e+03
1.526173976200000197e+03
1.545684235500000341e+03
1.565131111700000019e+03
1.584572197100000267e+03
1.604025557899999967e+03
1.623457431600000291e+03
1.642888675600000170e+03
1.662311825600000248e+03
1.681758472299999994e+03
1.701225545300000249e+03
1.720712501599999996e+03
1.740148905900000045e+03
1.759619092600000386e+03
1.779110672300000260e+03
1.798591159000000061e+03
1.818050158700000338e+03
1.837571091600000273e+03
1.857082986900000378e+03
1.876552417100000184e+03
1.896050985400000627e+03
1.915510883200000080e+03
1.934967112400000133e+03
1.954451551300000119e+03
1.973926315899999736e+03
1.993384070900000097e+03
2.012849139200000081e+03
2.032357423599999947e+03
2.051845630299999812e+03
2.071313354500000514e+03
2.090747987400000511e+03
2.110202489200000400e+03
2.129665166400000544e+03
2.149123676300000170e+03
2.168572469899999760e+03
2.188046328200000517e+03
2.207461702699999933e+03
2.226919066699999803e+03
2.246359815000000253e+03
2.265783518300000196e+03
2.285286815800000568e+03
2.304763474500000029e+03
2.324250712700000349e+03
2.343716848100000334e+03
2.363172559000000092e+03
2.382659188400000403e+03
