7.386521100997924805e-01
7.743213176727294922e-01
7.960069775581359863e-01
8.163508772850036621e-01
8.268780112266540527e-01
8.389994502067565918e-01
8.454859852790832520e-01
8.551610708236694336e-01
8.629893064498901367e-01
8.709280490875244141e-01
8.780462145805358887e-01
8.838700652122497559e-01
8.870263695716857910e-01
8.905458450317382812e-01
8.958332538604736328e-01
8.995580673217773438e-01
9.041036367416381836e-01
9.082230925559997559e-01
9.092012047767639160e-01
9.154829382896423340e-01
9.166036248207092285e-01
9.196813702583312988e-01
9.222855567932128906e-01
9.241635203361511230e-01
9.267361164093017578e-01
9.283616542816162109e-01
9.302555918693542480e-01
9.299557209014892578e-01
9.324653148651123047e-01
9.338068962097167969e-01
9.354796409606933594e-01
9.367107748985290527e-01
9.360479712486267090e-01
9.373263716697692871e-01
9.365214705467224121e-01
9.377366900444030762e-01
9.383839964866638184e-01
9.385101795196533203e-01
9.404039978981018066e-01
9.405933022499084473e-01
9.408143758773803711e-01
9.414615035057067871e-01
9.413510560989379883e-01
9.410511851310729980e-01
9.427872896194458008e-01
9.430238604545593262e-01
9.429924488067626953e-01
9.444129467010498047e-01
9.438760876655578613e-01
9.433081746101379395e-01
9.444918036460876465e-01
9.444918632507324219e-01
9.448707103729248047e-01
9.448863863945007324e-01
9.454705119132995605e-01
9.455335736274719238e-01
9.461331963539123535e-01
9.451388120651245117e-01
9.461963176727294922e-01
9.459910392761230469e-01
9.459910392761230469e-01
9.475378990173339844e-01
9.469695091247558594e-01
9.450284242630004883e-01
9.471750259399414062e-01
9.461175799369812012e-01
9.465591311454772949e-01
9.466382265090942383e-01
9.472694396972656250e-01
9.471747875213623047e-01
9.482954144477844238e-01
9.477903842926025391e-01
9.480272531509399414e-01
9.479482769966125488e-01
9.482324719429016113e-01
9.481692910194396973e-01
9.486899375915527344e-01
9.482480883598327637e-01
9.492264986038208008e-01
9.483112096786499023e-01
9.472537636756896973e-01
9.489109516143798828e-01
9.493528008460998535e-01
9.480746388435363770e-01
9.495579004287719727e-01
9.493527412414550781e-01
9.491475820541381836e-01
9.480586051940917969e-01
9.486742019653320312e-01
9.513100385665893555e-01
9.490846991539001465e-01
9.493528008460998535e-01
9.507576227188110352e-01
9.503946304321289062e-01
9.499684572219848633e-01
9.502210021018981934e-01
9.487528800964355469e-01
9.127826690673828125e-01
9.131347537040710449e-01
9.142265319824218750e-01
9.137945771217346191e-01
9.147518277168273926e-01
9.143103957176208496e-01
9.141321778297424316e-01
9.144592881202697754e-01
9.146131277084350586e-01
9.150395989418029785e-01
9.147721529006958008e-01
9.152828454971313477e-01
9.158481359481811523e-01
9.166617393493652344e-01
9.160559773445129395e-01
9.165922403335571289e-01
9.163890480995178223e-01
9.163692593574523926e-01
9.168897271156311035e-01
9.169292449951171875e-01
9.167904853820800781e-01
9.184274673461914062e-01
9.178125262260437012e-01
9.177775979042053223e-01
9.183287620544433594e-01
9.181548357009887695e-01
9.181100726127624512e-01
9.182984232902526855e-01
9.171972870826721191e-01
9.182835817337036133e-01
9.181398153305053711e-01
9.183428883552551270e-01
9.181250929832458496e-01
9.182889461517333984e-01
9.192111492156982422e-01
9.189288616180419922e-01
9.189633727073669434e-01
9.185218811035156250e-01
9.184773564338684082e-01
9.196230769157409668e-01
9.192710518836975098e-01
9.194394946098327637e-01
9.200196862220764160e-01
9.200747013092041016e-01
9.199951291084289551e-01
9.203571677207946777e-01
9.196080565452575684e-01
9.199898242950439453e-01
9.201837182044982910e-01
9.199008345603942871e-01
9.203818440437316895e-01
9.205408692359924316e-01
9.203627109527587891e-01
9.215726256370544434e-01
9.207937121391296387e-01
9.215477705001831055e-01
9.217062592506408691e-01
9.214435815811157227e-01
9.205554127693176270e-01
9.218700528144836426e-01
9.210611581802368164e-01
9.212795495986938477e-01
9.211558103561401367e-01
9.218553900718688965e-01
9.221677184104919434e-01
9.210166931152343750e-01
9.209029674530029297e-01
9.217461943626403809e-01
9.222223758697509766e-01
9.223662614822387695e-01
9.220534563064575195e-01
9.220089316368103027e-01
9.221826195716857910e-01
9.217210412025451660e-01
9.221330285072326660e-01
9.226836562156677246e-01
9.226390719413757324e-01
9.220485091209411621e-01
9.220340251922607422e-01
9.223463535308837891e-01
9.227924346923828125e-01
9.225343465805053711e-01
9.226931333541870117e-01
9.216915369033813477e-01
9.236209392547607422e-01
9.231401085853576660e-01
9.225146770477294922e-01
9.224802255630493164e-01
9.226190447807312012e-01
9.233776926994323730e-01
9.224700331687927246e-01
9.233084321022033691e-01
9.229610562324523926e-01
9.227826595306396484e-01
9.222864508628845215e-01
