7.980645298957824707e-01
9.665637612342834473e-01
9.759516716003417969e-01
9.804205894470214844e-01
9.813850522041320801e-01
9.854681491851806641e-01
9.850500822067260742e-01
9.851145148277282715e-01
9.871398806571960449e-01
9.860790371894836426e-01
9.872041344642639160e-01
9.878472089767456055e-01
9.881687164306640625e-01
9.885544180870056152e-01
9.879437088966369629e-01
9.891010522842407227e-01
9.894226193428039551e-01
9.896155595779418945e-01
9.895833134651184082e-01
9.891976118087768555e-01
9.897763729095458984e-01
9.902263879776000977e-01
9.904193282127380371e-01
9.912872314453125000e-01
9.907407164573669434e-01
9.922516942024230957e-01
9.908372163772583008e-01
9.918981194496154785e-01
9.911587238311767578e-01
9.912551641464233398e-01
9.921554327011108398e-01
9.919303655624389648e-01
9.923481345176696777e-01
9.928627014160156250e-01
9.923484325408935547e-01
9.920588731765747070e-01
9.931842088699340820e-01
9.928947687149047852e-01
9.927661418914794922e-01
9.927660822868347168e-01
9.927020072937011719e-01
9.929912686347961426e-01
9.934414029121398926e-01
9.942129850387573242e-01
9.934092164039611816e-01
9.938591122627258301e-01
9.927661418914794922e-01
9.653777480125427246e-01
9.712244868278503418e-01
9.724917411804199219e-01
9.741778373718261719e-01
9.750459194183349609e-01
9.745872616767883301e-01
9.747764468193054199e-01
9.755448698997497559e-01
9.763230681419372559e-01
9.754551053047180176e-01
9.756644368171691895e-01
9.762930870056152344e-01
9.760038256645202637e-01
9.765025973320007324e-01
9.762929081916809082e-01
9.752655029296875000e-01
9.762331843376159668e-01
9.761036634445190430e-01
