8.935597538948059082e-01
9.028811454772949219e-01
9.026123881340026855e-01
9.031085968017578125e-01
9.032945036888122559e-01
9.028398394584655762e-01
9.026329517364501953e-01
9.032945036888122559e-01
9.030256867408752441e-01
9.028811454772949219e-01
9.026125669479370117e-01
9.028605222702026367e-01
9.028811454772949219e-01
9.024883508682250977e-01
9.030256867408752441e-01
9.026538133621215820e-01
9.029017686843872070e-01
9.031292200088500977e-01
9.023024439811706543e-01
9.029637575149536133e-01
9.031497240066528320e-01
9.025710821151733398e-01
9.027777314186096191e-01
9.030050635337829590e-01
9.027777910232543945e-01
9.026742577552795410e-01
9.032944440841674805e-01
8.833231925964355469e-01
8.833040595054626465e-01
8.838655948638916016e-01
8.835657835006713867e-01
8.835591077804565430e-01
8.829530477523803711e-01
8.834635615348815918e-01
8.832082748413085938e-01
8.834446668624877930e-01
8.830995559692382812e-01
8.839743137359619141e-01
8.836869597434997559e-01
8.836871385574340820e-01
8.834058642387390137e-01
8.832210302352905273e-01
8.833868503570556641e-01
8.833995461463928223e-01
8.835973739624023438e-01
8.835528492927551270e-01
8.836613893508911133e-01
8.836169242858886719e-01
8.837252855300903320e-01
8.835464715957641602e-01
8.834061026573181152e-01
8.830804228782653809e-01
8.836293220520019531e-01
8.830744028091430664e-01
8.833742141723632812e-01
8.832465410232543945e-01
8.829848170280456543e-01
8.829913139343261719e-01
8.828890323638916016e-01
8.833231925964355469e-01
8.835335373878479004e-01
8.830677270889282227e-01
8.832146525382995605e-01
8.838082551956176758e-01
8.838400840759277344e-01
8.833870291709899902e-01
8.837253451347351074e-01
8.838400840759277344e-01
8.835400342941284180e-01
8.830676674842834473e-01
8.839548826217651367e-01
8.834059238433837891e-01
8.837381005287170410e-01
8.836486339569091797e-01
8.836295008659362793e-01
8.838719129562377930e-01
8.836293220520019531e-01
8.835592269897460938e-01
8.832274675369262695e-01
8.838720321655273438e-01
8.830742239952087402e-01
8.836998939514160156e-01
8.830996751785278320e-01
8.839356899261474609e-01
8.833807110786437988e-01
8.832592964172363281e-01
8.836104273796081543e-01
8.835338950157165527e-01
8.835148215293884277e-01
8.834697008132934570e-01
8.833935260772705078e-01
8.834828734397888184e-01
8.841337561607360840e-01
8.833612203598022461e-01
8.834571838378906250e-01
8.831827640533447266e-01
8.829784989356994629e-01
8.832337856292724609e-01
8.834636211395263672e-01
8.836871385574340820e-01
8.832466602325439453e-01
8.837445974349975586e-01
8.833740949630737305e-01
8.838146328926086426e-01
8.838081359863281250e-01
8.830295205116271973e-01
8.834697604179382324e-01
8.833042979240417480e-01
8.830230236053466797e-01
8.833295702934265137e-01
8.830739855766296387e-01
8.831505775451660156e-01
8.833355903625488281e-01
8.830931186676025391e-01
8.836359381675720215e-01
