1.349208649999491172e+01
2.536291899999923771e+01
3.718423649999749614e+01
4.917281039999943459e+01
6.109300549999898067e+01
7.313053879999642959e+01
8.562668129999656230e+01
9.728007100000104401e+01
1.086473408999954700e+02
1.200990447000003769e+02
1.314153609999993932e+02
1.428642079999990528e+02
1.543758846999990055e+02
1.657733908000009251e+02
1.773674236000006204e+02
1.896812351999979001e+02
2.016250262999965344e+02
2.129803676000010455e+02
2.245290934000004199e+02
2.359751469999973779e+02
2.474131051000003936e+02
2.587544581999973161e+02
2.700384867999964627e+02
2.814686609999989741e+02
2.929125003999943146e+02
3.042451407999978983e+02
3.155308930999963195e+02
3.520993693999989773e+02
3.883206830999988597e+02
4.246145936999964761e+02
4.610029528999948525e+02
4.974332329999961075e+02
5.362905555999968783e+02
5.726690764000013587e+02
6.088114955999990343e+02
6.451439848000009079e+02
6.814245035999992979e+02
7.176903076999951736e+02
7.548685703000010108e+02
7.911975047000014456e+02
8.273788542999973288e+02
8.641087301000006846e+02
9.001681815999982064e+02
9.362592648999998346e+02
9.725821321999974316e+02
1.008528418499998224e+03
1.044657059099998150e+03
1.080964050700000371e+03
1.117376853099995060e+03
1.153622392599994782e+03
1.189496291199997358e+03
1.226252031299998634e+03
1.262317541899996286e+03
1.298109106500000053e+03
1.334283114999998361e+03
1.370270671699996456e+03
1.406222311899997294e+03
1.442331484099995578e+03
1.478242112200001429e+03
1.514065990099996270e+03
1.550177014399996551e+03
1.587806920700000774e+03
1.626028116099994804e+03
1.663316092299995944e+03
1.698994893299997784e+03
1.736204037799994694e+03
1.772816123600001447e+03
1.808458120700001018e+03
1.844074922499996319e+03
1.880243915699997160e+03
1.915826757299997553e+03
1.951625004699999408e+03
1.988024613199995656e+03
2.023238692599996284e+03
2.058618434099997103e+03
2.094072513200000685e+03
2.129212053199997172e+03
2.164533167399997183e+03
2.200105381900000793e+03
2.235268970099998114e+03
2.270540245099997264e+03
2.306001944499999809e+03
2.341864501500000188e+03
2.377138777699998172e+03
2.412498558399995090e+03
2.447718804799995269e+03
2.483020862299999862e+03
2.518227424899996549e+03
2.553264403399996809e+03
2.588360831999998481e+03
2.623702207999995153e+03
2.658859521400001540e+03
2.693831868199995370e+03
2.729045049799999106e+03
2.764826355099998182e+03
2.799941525700000057e+03
2.835167048600000271e+03
2.870660641800001031e+03
2.905814510899996094e+03
2.941095727399995667e+03
2.976331891399997403e+03
3.011663145699996676e+03
3.046872237099996710e+03
3.081921686699999555e+03
3.116898606099995959e+03
3.152706026499996369e+03
3.187901621599994542e+03
3.222941783999995096e+03
3.257993418099998962e+03
3.293198214299998654e+03
3.328415506799996365e+03
3.363538537399996130e+03
3.398875128200001200e+03
3.434060159699998621e+03
3.469301028599998972e+03
