4.952256977558135986e-01
5.342881679534912109e-01
5.625000000000000000e-01
5.629340410232543945e-01
5.811631679534912109e-01
5.881076455116271973e-01
5.900607705116271973e-01
5.998263955116271973e-01
6.082899570465087891e-01
6.065537929534912109e-01
6.163194179534912109e-01
6.226128339767456055e-01
6.273871660232543945e-01
6.375868320465087891e-01
6.371527910232543945e-01
6.464843750000000000e-01
6.386718750000000000e-01
6.445312500000000000e-01
6.425781250000000000e-01
6.501736044883728027e-01
6.562500000000000000e-01
6.605902910232543945e-01
6.634114384651184082e-01
6.710069179534912109e-01
6.705729365348815918e-01
6.647135615348815918e-01
6.649305820465087891e-01
6.608073115348815918e-01
6.788194179534912109e-01
6.694878339767456055e-01
6.710069179534912109e-01
6.775173544883728027e-01
6.746962070465087891e-01
6.781684160232543945e-01
6.855468750000000000e-01
6.781684160232543945e-01
6.864149570465087891e-01
6.851128339767456055e-01
6.929253339767456055e-01
6.918402910232543945e-01
6.875000000000000000e-01
6.927083134651184082e-01
6.983506679534912109e-01
6.935763955116271973e-01
6.933593750000000000e-01
6.940104365348815918e-01
7.007378339767456055e-01
7.016059160232543945e-01
6.987847089767456055e-01
7.016059160232543945e-01
6.959635615348815918e-01
7.031250000000000000e-01
7.039930820465087891e-01
7.063801884651184082e-01
7.107204794883728027e-01
7.087673544883728027e-01
7.048611044883728027e-01
6.871383190155029297e-01
6.928530335426330566e-01
6.995081305503845215e-01
7.071035504341125488e-01
6.998698115348815918e-01
7.101418375968933105e-01
7.106481194496154785e-01
7.136862874031066895e-01
7.165074944496154785e-01
7.199073433876037598e-01
7.154948115348815918e-01
7.188223004341125488e-01
7.217158675193786621e-01
7.239583134651184082e-01
7.304687500000000000e-01
7.282262444496154785e-01
7.379918694496154785e-01
7.360387444496154785e-01
7.341580390930175781e-01
7.393662929534912109e-01
7.414641380310058594e-01
7.398726940155029297e-01
7.400897145271301270e-01
7.394385933876037598e-01
7.466724514961242676e-01
7.447193264961242676e-01
7.469618320465087891e-01
7.509403824806213379e-01
7.533275485038757324e-01
7.552806735038757324e-01
7.531105875968933105e-01
7.542679309844970703e-01
7.610676884651184082e-01
7.576677799224853516e-01
7.601273655891418457e-01
7.586805224418640137e-01
7.596209645271301270e-01
7.606337070465087891e-01
7.598379254341125488e-01
7.656973004341125488e-01
7.682291865348815918e-01
7.651910185813903809e-01
7.713396549224853516e-01
7.662037014961242676e-01
7.689526081085205078e-01
7.717737555503845215e-01
7.717013359069824219e-01
7.749565243721008301e-01
7.693865895271301270e-01
7.745949625968933105e-01
7.771990299224853516e-01
7.766203880310058594e-01
7.778501510620117188e-01
7.772714495658874512e-01
7.816839814186096191e-01
7.766203880310058594e-01
7.793691754341125488e-01
7.808883190155029297e-01
7.834201455116271973e-01
7.846498489379882812e-01
7.808160185813903809e-01
7.864583134651184082e-01
7.822627425193786621e-01
7.855179309844970703e-01
7.850115895271301270e-01
7.874710559844970703e-01
7.851562500000000000e-01
7.855179905891418457e-01
7.921007275581359863e-01
7.903645634651184082e-01
7.920283675193786621e-01
7.918836474418640137e-01
7.915220260620117188e-01
7.943431735038757324e-01
7.905816435813903809e-01
7.934751510620117188e-01
7.963685989379882812e-01
7.985387444496154785e-01
7.972366809844970703e-01
8.000578880310058594e-01
8.034577369689941406e-01
8.025174140930175781e-01
8.003471493721008301e-01
8.058449625968933105e-01
8.038917183876037598e-01
8.018662929534912109e-01
8.029513955116271973e-01
8.020833134651184082e-01
8.025897145271301270e-01
8.070746064186096191e-01
8.064236640930175781e-01
8.075810074806213379e-01
8.071470260620117188e-01
8.106915354728698730e-01
8.069300055503845215e-01
8.125723004341125488e-01
8.106191754341125488e-01
8.123553395271301270e-01
8.071470260620117188e-01
8.139467835426330566e-01
