5.739516615867614746e-01
6.230301260948181152e-01
6.448317170143127441e-01
6.588875651359558105e-01
6.728432774543762207e-01
6.793202757835388184e-01
6.954460144042968750e-01
7.023905515670776367e-01
7.107705473899841309e-01
7.192507982254028320e-01
7.269297838211059570e-01
7.378472685813903809e-01
7.416867017745971680e-01
7.523370981216430664e-01
7.569444179534912109e-01
7.652577757835388184e-01
7.709668278694152832e-01
7.747061848640441895e-01
7.822849750518798828e-01
7.864583134651184082e-01
7.891960740089416504e-01
7.966079115867614746e-01
7.995459437370300293e-01
8.074585795402526855e-01
8.113314509391784668e-01
8.139356374740600586e-01
8.193776607513427734e-01
8.262220025062561035e-01
8.369724750518798828e-01
8.347022533416748047e-01
8.421140909194946289e-01
8.453190922737121582e-01
8.503271937370300293e-01
8.547675609588623047e-01
8.570044636726379395e-01
8.603098392486572266e-01
8.662192225456237793e-01
8.707598447799682617e-01
8.759348392486572266e-01
8.781049251556396484e-01
8.807758688926696777e-01
8.831129670143127441e-01
8.878205418586730957e-01
8.879206776618957520e-01
8.953659534454345703e-01
8.982705473899841309e-01
9.003738164901733398e-01
9.051816463470458984e-01
9.036124348640441895e-01
9.078859686851501465e-01
9.119590520858764648e-01
9.127938151359558105e-01
9.162326455116271973e-01
9.162326455116271973e-01
9.192708134651184082e-01
9.202055335044860840e-01
9.230434894561767578e-01
9.238782525062561035e-01
9.266827702522277832e-01
9.287859797477722168e-01
9.262820482254028320e-01
9.311565160751342773e-01
9.329593181610107422e-01
9.312900900840759277e-01
9.339275956153869629e-01
9.360644221305847168e-01
9.369658231735229492e-01
9.382344484329223633e-01
9.407050609588623047e-01
9.362313151359558105e-01
9.403044581413269043e-01
9.399371743202209473e-01
9.405047893524169922e-01
9.420739412307739258e-01
9.428752660751342773e-01
9.437432885169982910e-01
9.468148946762084961e-01
9.460805058479309082e-01
9.460469484329223633e-01
9.457798600196838379e-01
9.471487402915954590e-01
9.475828409194946289e-01
9.485844373703002930e-01
9.499531984329223633e-01
9.505208134651184082e-01
9.491185545921325684e-01
9.518896341323852539e-01
9.524906873703002930e-01
9.511552453041076660e-01
9.519231319427490234e-01
9.543936848640441895e-01
9.527243375778198242e-01
9.536591768264770508e-01
9.547275900840759277e-01
9.539263248443603516e-01
9.559962153434753418e-01
9.560630321502685547e-01
9.565637111663818359e-01
9.553952813148498535e-01
9.580329060554504395e-01
9.242268204689025879e-01
9.329879879951477051e-01
9.374799728393554688e-01
9.386204481124877930e-01
9.415375590324401855e-01
9.429810047149658203e-01
9.424763321876525879e-01
9.446058273315429688e-01
9.447370767593383789e-01
9.467658400535583496e-01
9.476138949394226074e-01
9.476743936538696289e-01
9.491178989410400391e-01
9.468061923980712891e-01
9.503594040870666504e-01
9.498142004013061523e-01
9.509244561195373535e-01
9.502381682395935059e-01
9.519944190979003906e-01
9.511671066284179688e-01
9.520247578620910645e-01
9.509649872779846191e-01
9.533773660659790039e-01
9.530947208404541016e-01
9.512071013450622559e-01
9.527818560600280762e-01
9.540132284164428711e-01
9.537711739540100098e-01
9.539424777030944824e-01
9.543464183807373047e-01
9.548307061195373535e-01
9.554263949394226074e-01
9.553354978561401367e-01
9.545885920524597168e-01
9.554263949394226074e-01
9.555273652076721191e-01
9.552344679832458496e-01
9.547501206398010254e-01
9.559509754180908203e-01
9.564658999443054199e-01
9.555876851081848145e-01
9.569302797317504883e-01
9.565567970275878906e-01
9.560016393661499023e-01
9.579396843910217285e-01
9.564356207847595215e-01
9.561530947685241699e-01
9.575762152671813965e-01
9.553959965705871582e-01
9.579195380210876465e-01
9.576773643493652344e-01
9.588078260421752930e-01
9.583737850189208984e-01
9.586461782455444336e-01
9.581113457679748535e-01
9.584645032882690430e-01
9.587572813034057617e-01
9.599582552909851074e-01
9.600897431373596191e-01
9.602510929107666016e-01
9.612807631492614746e-01
9.609070420265197754e-01
9.608768820762634277e-01
9.593530893325805664e-01
9.609880447387695312e-01
9.615229368209838867e-01
9.619567990303039551e-01
9.608668684959411621e-01
9.620072841644287109e-01
9.628250002861022949e-01
9.613816142082214355e-01
9.632287025451660156e-01
9.620174765586853027e-01
9.631276726722717285e-01
9.626937508583068848e-01
9.638646245002746582e-01
9.629362225532531738e-01
9.633297324180603027e-01
9.623707532882690430e-01
9.631985425949096680e-01
9.623607397079467773e-01
9.629663825035095215e-01
9.634911417961120605e-01
9.629763364791870117e-01
9.635619521141052246e-01
9.625827670097351074e-01
9.634206891059875488e-01
9.616643190383911133e-01
9.630066752433776855e-01
9.626433849334716797e-01
9.618762731552124023e-01
9.628955721855163574e-01
9.617549777030944824e-01
9.627443552017211914e-01
9.623606204986572266e-01
9.633094668388366699e-01
9.620477557182312012e-01
9.633296728134155273e-01
9.624719023704528809e-01
9.623304605484008789e-01
