8.129867900000135705e+00
1.562810249999984080e+01
2.311437329999989743e+01
3.054469810000000507e+01
3.750136169999996127e+01
4.465413339999986420e+01
5.192400859999997920e+01
7.349601970000003348e+01
9.511436929999990753e+01
1.169983895000000302e+02
1.386203832000001057e+02
1.599004829999998947e+02
1.811543704000000616e+02
2.029282690999998522e+02
2.246855684000001929e+02
2.460814292999998543e+02
2.672004814000001716e+02
2.887665222999999060e+02
3.102960589999997865e+02
3.317713976999998522e+02
3.526680200000000696e+02
3.739807924000001549e+02
3.951415227000002233e+02
4.160759260999998332e+02
4.371608477999998286e+02
4.581715874000001349e+02
4.792452797000000828e+02
5.010133442999999716e+02
5.221897740999997950e+02
5.433855312000000595e+02
5.643419976000000133e+02
5.857193621000001258e+02
6.066757566000001134e+02
6.278519822000002932e+02
6.487460581000000275e+02
6.701420506999997997e+02
6.917293459999996230e+02
7.128688970999996855e+02
7.341370834000003924e+02
7.555166948999999477e+02
7.768092923999997765e+02
7.975103856999999152e+02
8.190606818999999632e+02
8.401643945000000713e+02
8.618747335000002749e+02
8.830759665999999015e+02
9.039310573999996450e+02
9.250586011000000326e+02
9.460273578999999700e+02
9.670711784000000080e+02
9.879070668999997906e+02
1.008686043299999710e+03
1.029863432800000282e+03
1.050575820700000349e+03
1.072080047300000388e+03
1.092706922500000019e+03
1.113361976900000172e+03
