5.044310299999779090e+00
9.022286699999767734e+00
1.290632879999975557e+01
1.678685949999999139e+01
2.078925469999967390e+01
2.476402179999968212e+01
2.859410059999981968e+01
3.255688819999977568e+01
3.651023899999972855e+01
4.049361409999983152e+01
4.447583769999982906e+01
4.838115029999971739e+01
5.228390749999971376e+01
5.624210599999969418e+01
6.008396559999982856e+01
6.396470109999972919e+01
6.787791289999995570e+01
7.179715649999980087e+01
7.561899109999967550e+01
7.958676169999989725e+01
8.339294179999978951e+01
8.719292739999991682e+01
9.110914649999995163e+01
9.500174939999988055e+01
9.879725220000000263e+01
1.026767467999998189e+02
1.065326943999998548e+02
1.103486179999999877e+02
1.142686019999996461e+02
1.181549847999999656e+02
1.219133870000000570e+02
1.258121900999999525e+02
1.296957170000000588e+02
1.335335506999999780e+02
1.374194081000000551e+02
1.412538872999998603e+02
1.450393166999997447e+02
1.488595287999996799e+02
1.526835633999999118e+02
1.565233503999997993e+02
1.603876636999998482e+02
1.642222285999996529e+02
1.680074200999997629e+02
1.718831918999999289e+02
1.757249308000000383e+02
1.794928628999996363e+02
1.833383042999998906e+02
1.871183943999999428e+02
1.909016346999997040e+02
1.947488104999997631e+02
1.984895083999999770e+02
2.021872283999996398e+02
2.060603996999998344e+02
2.098094544000000496e+02
2.135257595999996738e+02
2.173531759999996211e+02
2.210990056000000550e+02
2.249043231999999080e+02
2.287605909999997493e+02
2.325524344000000383e+02
2.363626995999998144e+02
2.402165770999999950e+02
2.440151243999998769e+02
2.477552098999999544e+02
2.515538607999997112e+02
2.553600819999996929e+02
2.591039959999998246e+02
2.629310636000000159e+02
2.667062939999996161e+02
2.704730634999996255e+02
2.743572876999996879e+02
2.781405554999996639e+02
2.818846592999998393e+02
2.856994133999996848e+02
2.894190014999999221e+02
2.932000488999997287e+02
2.970334413999999015e+02
3.008386093999997684e+02
3.045704175999999279e+02
3.083871235999999953e+02
3.121419833999998446e+02
3.158423397999999906e+02
3.197003671999996186e+02
3.234863215000000309e+02
3.271431496999998672e+02
3.309573305999997501e+02
3.347482721999999740e+02
3.385082389999997758e+02
3.422633315999996739e+02
3.459844846999999390e+02
3.497274134999997841e+02
3.535920898999997917e+02
3.573017402000000402e+02
3.610069985000000088e+02
3.648274682999999641e+02
3.685447547999997369e+02
3.723239831999999296e+02
3.761930604999997740e+02
3.799418504000000212e+02
3.837520311999996920e+02
3.931943624999998974e+02
4.027260019000000284e+02
4.123076641999996355e+02
4.219861814999999297e+02
4.323466386999998576e+02
4.419126320000000305e+02
4.515742402999999285e+02
4.612666386999999304e+02
4.707917027999997117e+02
4.805032541000000492e+02
4.900675336999997853e+02
4.996281590999997206e+02
5.092663277999999991e+02
5.188181735999996818e+02
5.283443465000000288e+02
5.380666449999998804e+02
5.476588911999997435e+02
5.571991821999999956e+02
5.667630488999998306e+02
5.763407019999999648e+02
5.858384510999999293e+02
5.955219125999997232e+02
6.051201756999998906e+02
6.146037742999997135e+02
6.242762601999997969e+02
6.339226263999998991e+02
6.434576630999999907e+02
6.530029891999997744e+02
6.625288366999998289e+02
6.719923019999996541e+02
6.818168618999998216e+02
6.913539542999997138e+02
7.008967419999999038e+02
7.105010766999998850e+02
7.200051249999996799e+02
7.296243473999998059e+02
7.391762463000000025e+02
7.486776035999996566e+02
7.581896357000000535e+02
7.679170765999997457e+02
7.774908309999996163e+02
7.869666192999998202e+02
7.965921791000000667e+02
8.062266488999998728e+02
8.156780412999996770e+02
8.253339135999999598e+02
8.349931535999999141e+02
8.445363793999999871e+02
8.541297335999997813e+02
8.636671853999996529e+02
8.731987369999997100e+02
8.829150311999997029e+02
8.925317344999998568e+02
9.021330593999996381e+02
9.118284645999997338e+02
9.213825090999998793e+02
9.309084481999998388e+02
9.404724951999996847e+02
9.500448116999996273e+02
9.596013463999997839e+02
9.692796746999997595e+02
9.789423652999998922e+02
9.885533163999998578e+02
9.983019312999999784e+02
1.007880167499999970e+03
1.017458232799999678e+03
1.027183337399999800e+03
1.036807557599999654e+03
1.046412297200000012e+03
1.056179989100000057e+03
1.065813173699999879e+03
1.075475000099999761e+03
1.085260957499999677e+03
1.094900314199999684e+03
1.104517835199999809e+03
1.114242022099999758e+03
1.124001898199999687e+03
1.133721664799999871e+03
1.143398873599999661e+03
1.153083867499999997e+03
1.162730088199999955e+03
1.172587492599999678e+03
1.182267543499999647e+03
1.191962786899999628e+03
1.201770607699999800e+03
1.211473454399999810e+03
1.221165637599999627e+03
1.231033690300000217e+03
1.240814091900000221e+03
1.250539002399999390e+03
1.260450498199999402e+03
1.270505772999999408e+03
