8.641255497932434082e-01
8.623580336570739746e-01
8.606374859809875488e-01
8.648517727851867676e-01
8.633049130439758301e-01
8.621685504913330078e-01
8.652147054672241211e-01
8.655776381492614746e-01
8.622316122055053711e-01
8.649306297302246094e-01
8.385509252548217773e-01
8.409376740455627441e-01
8.385369181632995605e-01
8.570336699485778809e-01
8.915081024169921875e-01
9.178321957588195801e-01
9.308283329010009766e-01
9.364635944366455078e-01
9.386658668518066406e-01
9.415274262428283691e-01
9.428125023841857910e-01
9.437696337699890137e-01
9.458332061767578125e-01
9.471232295036315918e-01
9.460669159889221191e-01
9.482689499855041504e-01
9.487155675888061523e-01
9.492905139923095703e-01
9.494693279266357422e-01
9.507986903190612793e-01
9.490869045257568359e-01
9.507093429565429688e-01
9.507935643196105957e-01
9.504711627960205078e-01
9.513293504714965820e-01
9.510718584060668945e-01
9.514783620834350586e-01
9.510814547538757324e-01
9.517462253570556641e-01
9.521378874778747559e-01
9.520981907844543457e-01
9.536159038543701172e-01
9.520090222358703613e-01
9.531543850898742676e-01
9.536558389663696289e-01
9.540475606918334961e-01
9.523016214370727539e-01
9.528025388717651367e-01
9.530606269836425781e-01
9.532542228698730469e-01
9.542458057403564453e-01
9.526937603950500488e-01
9.534274935722351074e-01
9.548311233520507812e-01
9.529810547828674316e-01
9.543154239654541016e-01
9.541415572166442871e-01
9.546231627464294434e-01
