8.870393037796020508e-02
5.361854657530784607e-02
3.835808485746383667e-02
2.881734445691108704e-02
2.328485809266567230e-02
1.901192590594291687e-02
1.609142310917377472e-02
1.393689215183258057e-02
1.240444928407669067e-02
1.064664125442504883e-02
9.064003825187683105e-03
8.131283335387706757e-03
7.634745445102453232e-03
7.027659565210342407e-03
6.615193095058202744e-03
6.291300524026155472e-03
5.825479514896869659e-03
5.453377030789852142e-03
5.409637000411748886e-03
5.245848093181848526e-03
4.944435786455869675e-03
4.695565905421972275e-03
4.451468121260404587e-03
4.236838314682245255e-03
4.088689107447862625e-03
3.902005497366189957e-03
3.806210588663816452e-03
3.714525606483221054e-03
3.583417972549796104e-03
3.443777794018387794e-03
3.355756867676973343e-03
3.249975387006998062e-03
3.201889805495738983e-03
3.093856852501630783e-03
3.076399210840463638e-03
2.922341926023364067e-03
2.885727910324931145e-03
2.824604278430342674e-03
2.704699290916323662e-03
2.651800634339451790e-03
2.486350946128368378e-03
2.564370399340987206e-03
2.418185584247112274e-03
2.433217596262693405e-03
2.310425043106079102e-03
2.219666494056582451e-03
2.281960099935531616e-03
2.178040565922856331e-03
2.182465745136141777e-03
2.078642370179295540e-03
2.012513112276792526e-03
1.952414750121533871e-03
1.898671034723520279e-03
1.912753330543637276e-03
1.848781947046518326e-03
1.804823521524667740e-03
1.792000955902040005e-03
1.851486857049167156e-03
7.127280347049236298e-03
5.400721449404954910e-03
4.794183652848005295e-03
4.404041916131973267e-03
4.080617800354957581e-03
3.812576644122600555e-03
3.635067027062177658e-03
3.361422335729002953e-03
3.248718800023198128e-03
3.152311779558658600e-03
2.992638153955340385e-03
2.903036773204803467e-03
2.743392949923872948e-03
2.654673298820853233e-03
2.562738256528973579e-03
2.493431791663169861e-03
2.360228681936860085e-03
2.317392965778708458e-03
2.255630213767290115e-03
2.183219185099005699e-03
2.152465516701340675e-03
2.026961417868733406e-03
2.019059145823121071e-03
1.958576031029224396e-03
1.953587867319583893e-03
1.883022603578865528e-03
1.826893072575330734e-03
1.822319580242037773e-03
1.776785007677972317e-03
1.722697983495891094e-03
1.710394746623933315e-03
1.670371624641120434e-03
1.604335498996078968e-03
1.606737845577299595e-03
1.562534598633646965e-03
1.569072133861482143e-03
1.515260897576808929e-03
1.492037205025553703e-03
1.453420729376375675e-03
1.426606555469334126e-03
1.436573918908834457e-03
1.361228874884545803e-03
1.395495608448982239e-03
1.346469856798648834e-03
1.353419735096395016e-03
