1.191632449626922607e-01
1.008458808064460754e-01
8.969102054834365845e-02
8.150740712881088257e-02
7.340657711029052734e-02
6.687141954898834229e-02
6.153837591409683228e-02
5.718530341982841492e-02
5.375456437468528748e-02
4.999570548534393311e-02
4.718689620494842529e-02
4.462017118930816650e-02
4.226762056350708008e-02
3.987489640712738037e-02
3.814364224672317505e-02
3.633773699402809143e-02
3.485398739576339722e-02
3.324257209897041321e-02
3.216229006648063660e-02
3.080451674759387970e-02
2.901064977049827576e-02
2.823585085570812225e-02
2.712675742805004120e-02
2.605144679546356201e-02
2.501584030687808990e-02
2.389490604400634766e-02
2.310890890657901764e-02
2.242608368396759033e-02
2.140193060040473938e-02
2.066578716039657593e-02
2.040919475257396698e-02
1.933820731937885284e-02
1.895023882389068604e-02
1.794883050024509430e-02
1.753155328333377838e-02
1.672617159783840179e-02
1.617936417460441589e-02
1.541632506996393204e-02
1.475538127124309540e-02
1.452515553683042526e-02
1.378808170557022095e-02
1.321796327829360962e-02
1.281328406184911728e-02
1.254652813076972961e-02
1.199423708021640778e-02
1.189121138304471970e-02
1.158030331134796143e-02
1.107010338455438614e-02
1.104610506445169449e-02
1.046047173440456390e-02
1.020124182105064392e-02
1.011571660637855530e-02
9.748818352818489075e-03
9.663688018918037415e-03
9.356752038002014160e-03
9.195167571306228638e-03
8.961275219917297363e-03
8.591162972152233124e-03
8.535259403288364410e-03
8.460669778287410736e-03
8.044755086302757263e-03
7.898458279669284821e-03
7.829670794308185577e-03
7.840833626687526703e-03
7.556068710982799530e-03
7.601475343108177185e-03
7.240876089781522751e-03
7.208108436316251755e-03
7.271005306392908096e-03
6.979888770729303360e-03
6.939650978893041611e-03
6.745478138327598572e-03
6.815552711486816406e-03
6.562684662640094757e-03
6.551924161612987518e-03
6.470453925430774689e-03
6.402098108083009720e-03
6.422420032322406769e-03
6.318284664303064346e-03
6.120279897004365921e-03
6.149407010525465012e-03
5.833228584378957748e-03
5.953027401119470596e-03
5.980610847473144531e-03
5.793728400021791458e-03
5.863097961992025375e-03
5.759501364082098007e-03
5.640863440930843353e-03
5.542423110455274582e-03
5.450612865388393402e-03
5.631714127957820892e-03
5.359834525734186172e-03
5.447332747280597687e-03
5.464395508170127869e-03
5.441430956125259399e-03
5.209730938076972961e-03
5.301141645759344101e-03
5.262730177491903305e-03
5.114015191793441772e-03
5.033020861446857452e-03
1.387882791459560394e-02
1.326665561646223068e-02
1.287498325109481812e-02
1.274148840457201004e-02
1.229282096028327942e-02
1.212476193904876709e-02
1.184274256229400635e-02
1.168643310666084290e-02
1.173590961843729019e-02
1.141535770148038864e-02
1.127091143280267715e-02
1.115413475781679153e-02
1.094811689108610153e-02
1.087679527699947357e-02
1.075616199523210526e-02
1.056969724595546722e-02
1.054395176470279694e-02
1.044559385627508163e-02
1.033808942884206772e-02
1.025645155459642410e-02
1.016475260257720947e-02
9.987271390855312347e-03
9.761600755155086517e-03
9.809753857553005219e-03
9.780747815966606140e-03
9.636645205318927765e-03
9.488322772085666656e-03
9.415989741683006287e-03
9.294229559600353241e-03
9.276053868234157562e-03
9.054154157638549805e-03
9.082308970391750336e-03
9.088945575058460236e-03
8.977473713457584381e-03
8.900867775082588196e-03
8.798523806035518646e-03
8.824773132801055908e-03
8.553224615752696991e-03
8.482386358082294464e-03
8.546735160052776337e-03
8.397315628826618195e-03
8.375641889870166779e-03
8.286407217383384705e-03
8.260805159807205200e-03
8.193540386855602264e-03
8.139929734170436859e-03
7.971039041876792908e-03
8.058166131377220154e-03
7.933673448860645294e-03
7.878474891185760498e-03
7.926381193101406097e-03
7.679150905460119247e-03
7.678831461817026138e-03
7.669202052056789398e-03
7.539993152022361755e-03
7.550807204097509384e-03
7.491094525903463364e-03
7.517501246184110641e-03
7.350662723183631897e-03
7.312148809432983398e-03
7.386967074126005173e-03
7.254864089190959930e-03
7.280588615685701370e-03
7.183472160249948502e-03
7.231322582811117172e-03
7.076194509863853455e-03
7.054116576910018921e-03
6.972761359065771103e-03
7.017715368419885635e-03
6.873879581689834595e-03
6.926646921783685684e-03
6.810354534536600113e-03
6.699237972497940063e-03
6.707098335027694702e-03
6.775055080652236938e-03
6.598000414669513702e-03
6.581434980034828186e-03
6.627346388995647430e-03
6.599542684853076935e-03
6.548981647938489914e-03
6.428155116736888885e-03
6.453121080994606018e-03
6.369757466018199921e-03
6.423469167202711105e-03
6.412613205611705780e-03
6.303421221673488617e-03
6.305266637355089188e-03
6.369506474584341049e-03
