2.739554941654205322e-01
2.540081739425659180e-01
2.462837547063827515e-01
2.389138638973236084e-01
2.368968576192855835e-01
2.297485172748565674e-01
2.266993373632431030e-01
2.236891388893127441e-01
2.201023846864700317e-01
2.177374958992004395e-01
2.131625711917877197e-01
2.122531086206436157e-01
2.098764330148696899e-01
2.081040591001510620e-01
2.043793052434921265e-01
2.029802650213241577e-01
1.991291344165802002e-01
1.988171190023422241e-01
1.969478279352188110e-01
1.949235051870346069e-01
1.943593621253967285e-01
1.922454684972763062e-01
1.906407028436660767e-01
1.891668438911437988e-01
1.875783652067184448e-01
1.852394491434097290e-01
1.851259917020797729e-01
1.836562901735305786e-01
1.808461099863052368e-01
1.805943697690963745e-01
1.781301498413085938e-01
1.772434115409851074e-01
1.755754351615905762e-01
1.747661530971527100e-01
1.739904582500457764e-01
1.733255237340927124e-01
1.717295497655868530e-01
1.703799366950988770e-01
1.670475751161575317e-01
1.673640161752700806e-01
1.663285940885543823e-01
1.646292954683303833e-01
1.648620814085006714e-01
1.625029891729354858e-01
1.611473709344863892e-01
1.601941585540771484e-01
1.592183262109756470e-01
1.576831936836242676e-01
1.569046378135681152e-01
1.559902727603912354e-01
1.557312905788421631e-01
1.533838212490081787e-01
1.525659561157226562e-01
1.513402163982391357e-01
1.507575809955596924e-01
1.471031457185745239e-01
1.479972004890441895e-01
1.472423374652862549e-01
1.479084193706512451e-01
1.435592770576477051e-01
1.434316039085388184e-01
1.428982913494110107e-01
1.422057747840881348e-01
1.392429769039154053e-01
1.384419053792953491e-01
1.376699060201644897e-01
1.358508616685867310e-01
1.358228772878646851e-01
1.344823688268661499e-01
1.322574615478515625e-01
1.324063092470169067e-01
1.308358609676361084e-01
1.314277350902557373e-01
1.262791305780410767e-01
1.266368776559829712e-01
1.269441097974777222e-01
1.241430044174194336e-01
1.242394894361495972e-01
1.220953762531280518e-01
1.212793067097663879e-01
1.204629838466644287e-01
1.194020882248878479e-01
1.170292794704437256e-01
1.163291186094284058e-01
1.155141294002532959e-01
1.138520389795303345e-01
1.133890226483345032e-01
1.125227957963943481e-01
1.114357709884643555e-01
1.108749359846115112e-01
1.090895086526870728e-01
1.070612743496894836e-01
1.059674918651580811e-01
1.051701605319976807e-01
1.047867536544799805e-01
1.034975945949554443e-01
1.006439924240112305e-01
1.012745052576065063e-01
1.007060185074806213e-01
9.774331003427505493e-02
1.029724776744842529e-01
9.823609143495559692e-02
9.328365325927734375e-02
8.994758129119873047e-02
8.569526672363281250e-02
8.092998713254928589e-02
7.598572969436645508e-02
7.438378781080245972e-02
7.093981653451919556e-02
6.788451969623565674e-02
6.385433673858642578e-02
6.174507364630699158e-02
5.771385878324508667e-02
5.579524114727973938e-02
5.308561027050018311e-02
5.027161166071891785e-02
4.777833074331283569e-02
4.558389261364936829e-02
4.311095178127288818e-02
4.178523272275924683e-02
3.966251760721206665e-02
3.754663467407226562e-02
3.575531765818595886e-02
3.365670889616012573e-02
3.235332295298576355e-02
3.091283142566680908e-02
2.955864183604717255e-02
2.881259471178054810e-02
2.711185440421104431e-02
2.572064660489559174e-02
2.481786534190177917e-02
2.440280653536319733e-02
2.308996953070163727e-02
2.185714058578014374e-02
2.086727507412433624e-02
2.041140943765640259e-02
1.996307261288166046e-02
1.902733929455280304e-02
1.833508163690567017e-02
1.776366122066974640e-02
1.689060963690280914e-02
1.709237322211265564e-02
1.602958887815475464e-02
1.563981361687183380e-02
1.547246333211660385e-02
1.464833226054906845e-02
1.426634006202220917e-02
1.394389849156141281e-02
1.357821840792894363e-02
1.325552538037300110e-02
1.284005492925643921e-02
1.283678598701953888e-02
1.228766422718763351e-02
1.205258723348379135e-02
1.202721521258354187e-02
1.142568606883287430e-02
1.148709747940301895e-02
1.120196562260389328e-02
1.091765984892845154e-02
1.062375679612159729e-02
1.048009935766458511e-02
1.013628207147121429e-02
9.725659154355525970e-03
9.780017659068107605e-03
9.685477241873741150e-03
9.648947045207023621e-03
9.360524825751781464e-03
9.325050748884677887e-03
9.356455877423286438e-03
8.957428857684135437e-03
8.880781941115856171e-03
8.726181462407112122e-03
8.635587990283966064e-03
8.564448915421962738e-03
8.434577845036983490e-03
8.313284255564212799e-03
8.491152897477149963e-03
8.210457861423492432e-03
8.005430921912193298e-03
8.076726458966732025e-03
7.984858937561511993e-03
8.007182739675045013e-03
7.870117202401161194e-03
7.576487027108669281e-03
7.695384323596954346e-03
7.676130160689353943e-03
7.466815877705812454e-03
7.273459807038307190e-03
7.159471977502107620e-03
7.289815694093704224e-03
7.013344671577215195e-03
7.007304113358259201e-03
6.861856672912836075e-03
7.075170520693063736e-03
6.869056727737188339e-03
6.847214419394731522e-03
6.708488799631595612e-03
6.520219147205352783e-03
6.618293002247810364e-03
6.675245240330696106e-03
