4.232057899999972506e+00
6.964404099999910613e+00
9.694660099999964586e+00
1.247272520000001350e+01
1.517979869999999210e+01
1.787143160000005082e+01
2.057454159999997501e+01
2.336676809999994475e+01
2.608869849999996404e+01
2.882645060000004378e+01
3.158129779999990205e+01
3.427605360000006840e+01
3.699964450000015859e+01
3.978394690000004630e+01
4.250358740000001490e+01
4.516744139999991603e+01
4.792505179999989195e+01
5.060532929999999396e+01
5.329911349999974846e+01
5.606036200000016834e+01
5.878692640000008396e+01
6.146044189999975060e+01
6.417954550000013114e+01
6.684501450000016121e+01
6.950971299999991970e+01
7.221401269999978467e+01
7.492238499999984924e+01
7.756758230000014009e+01
8.029692579999982627e+01
8.297861719999991692e+01
8.564230520000000979e+01
8.832118660000014643e+01
9.098670779999974911e+01
9.365271269999993820e+01
9.633505719999993744e+01
9.901662549999991825e+01
1.017100537000001168e+02
1.044199218999997356e+02
1.070967440999997962e+02
1.097605915999997706e+02
1.124849749999998494e+02
1.151353475999999318e+02
1.177879435999998350e+02
1.204541377999998986e+02
1.230897982000001321e+02
1.256761664000000565e+02
1.283693729999999960e+02
1.310066065999999410e+02
1.335919699000000946e+02
1.362574617000000217e+02
1.388898888999997325e+02
1.415696623999997428e+02
1.442316526999998132e+02
1.468686417999997502e+02
1.494570921999998063e+02
1.521371168999999099e+02
1.547215258999999605e+02
1.573021226000000752e+02
1.599824125999998614e+02
1.626488168999999289e+02
1.652529359000000113e+02
1.678846342000001641e+02
1.704570718999998462e+02
1.730744319999998879e+02
1.757559751999997388e+02
1.783560631000000285e+02
1.809425151999998889e+02
1.836008326000001034e+02
1.862172359999999571e+02
1.888201386999999158e+02
1.914817655000001650e+02
1.940618240999997397e+02
1.966761080000001130e+02
1.993639327000000776e+02
2.019951839999998811e+02
2.046266356000000997e+02
2.072513522999997804e+02
2.098995443999997406e+02
2.124840322999998534e+02
2.151332225999999537e+02
2.177518687000001592e+02
2.203401078000001689e+02
2.229700850999997783e+02
2.255692989999997735e+02
2.281706020999999964e+02
2.307891461999997773e+02
2.334050377999997181e+02
2.359762390999999297e+02
2.386746640999999727e+02
2.412289381000000503e+02
2.438294588999997359e+02
2.464127267999997457e+02
2.490371642999998585e+02
2.515928859000000557e+02
2.542087138000001687e+02
2.568285593999999037e+02
2.594489694999997482e+02
2.620769046000000344e+02
2.646771125000000211e+02
2.672634788999998818e+02
2.727860577999999805e+02
2.786850509000000784e+02
2.845769707999997991e+02
2.905058476999997765e+02
2.964159340000001066e+02
3.022990844000000834e+02
3.082614023999999517e+02
3.141869891999999709e+02
3.200391749999998865e+02
3.260122943000001214e+02
3.318909589999998389e+02
3.377976196999998137e+02
3.438034662000000026e+02
3.497217455999998492e+02
3.555795739999998659e+02
3.615701973999998700e+02
3.674651730000000498e+02
3.734007811999999831e+02
3.794502960999998322e+02
3.853955077000000529e+02
3.913223161000000800e+02
3.973090624000001299e+02
4.031634972000001653e+02
4.092087458000000879e+02
4.151607269999999517e+02
4.210221237999999175e+02
4.269000012999999853e+02
4.328374687999998969e+02
4.387064049999999042e+02
4.446235621999999239e+02
4.505659477999997762e+02
4.564444340999998531e+02
4.622621719999997367e+02
4.681187976999999591e+02
4.739148200999998153e+02
4.798038394000000153e+02
4.856565723999997317e+02
4.915224023000000670e+02
4.973018993999999111e+02
5.031165605000001051e+02
5.088669033999999556e+02
5.146502494000001207e+02
5.204981447000000117e+02
5.263752559999998084e+02
5.321719058999997287e+02
5.380679208000001381e+02
5.438998235999997632e+02
5.496739014999998290e+02
5.554670406999998704e+02
5.612827508999998827e+02
5.671265834000000723e+02
5.729570525999997699e+02
5.788086189999999078e+02
5.845668639999998959e+02
5.903773147000001700e+02
5.962028698999997687e+02
6.019305061999998543e+02
6.078279373000000305e+02
6.135510672999998860e+02
6.192722791000001052e+02
6.251370378999999957e+02
6.309070907999998781e+02
6.366701408999997511e+02
6.425147298000001683e+02
6.483650457999997343e+02
6.541752713999999287e+02
6.600907297999997354e+02
6.659337313000000904e+02
6.717644310000000587e+02
6.777067988999997397e+02
6.835891901999998481e+02
6.894393767000001390e+02
6.953078132999999070e+02
7.011050894999998491e+02
7.068953164999998080e+02
7.127795925000000352e+02
7.186558202000001074e+02
7.245178118999997423e+02
7.304404227999998511e+02
7.362455104999999094e+02
7.420465549000000465e+02
7.479322480999999243e+02
7.537963205000000926e+02
7.596616232000001219e+02
7.655894616999999016e+02
7.714584458999997878e+02
7.772957891999999447e+02
7.832282667999998012e+02
7.891375735999999961e+02
7.950322433000001183e+02
8.010037772000000587e+02
8.068539636999998947e+02
8.127495899999998983e+02
8.187010879999997996e+02
8.245555011000001286e+02
8.304920864999999139e+02
8.364922043999999914e+02
8.423919307999999546e+02
8.482799153000000842e+02
8.543207701000001180e+02
