2.305766493082046509e-01
1.962661594152450562e-01
1.796356290578842163e-01
1.673944294452667236e-01
1.564750373363494873e-01
1.463112533092498779e-01
1.369857490062713623e-01
1.272287964820861816e-01
1.186077669262886047e-01
1.084299460053443909e-01
9.968734532594680786e-02
9.008732438087463379e-02
8.106675744056701660e-02
7.225397974252700806e-02
6.436219811439514160e-02
5.750451609492301941e-02
5.057651549577713013e-02
4.481026157736778259e-02
3.995637968182563782e-02
3.577263653278350830e-02
3.159438073635101318e-02
2.863261848688125610e-02
2.640829980373382568e-02
2.374993264675140381e-02
2.229899540543556213e-02
2.060145325958728790e-02
1.856661587953567505e-02
1.730798557400703430e-02
1.592959649860858917e-02
1.530837174504995346e-02
1.448972616344690323e-02
1.344817969948053360e-02
1.273264177143573761e-02
1.170700602233409882e-02
1.132602896541357040e-02
1.081199198961257935e-02
1.040864363312721252e-02
9.915099479258060455e-03
9.573493152856826782e-03
9.186293929815292358e-03
8.544903248548507690e-03
8.314056321978569031e-03
7.769786752760410309e-03
7.473105564713478088e-03
7.378595415502786636e-03
7.204630877822637558e-03
6.978427991271018982e-03
7.013785652816295624e-03
6.854116916656494141e-03
6.543327588587999344e-03
6.628910545259714127e-03
6.090941838920116425e-03
6.310268305242061615e-03
6.121897604316473007e-03
5.847905296832323074e-03
5.850555375218391418e-03
5.773936863988637924e-03
5.951589904725551605e-03
5.781912710517644882e-03
5.532552953809499741e-03
5.536055658012628555e-03
5.567405838519334793e-03
5.566769745200872421e-03
5.396472755819559097e-03
5.395377054810523987e-03
5.052266642451286316e-03
5.151223856955766678e-03
5.183120723813772202e-03
5.008105188608169556e-03
5.294156260788440704e-03
4.947877489030361176e-03
4.976391326636075974e-03
5.151243880391120911e-03
4.835348576307296753e-03
4.848481155931949615e-03
4.769098013639450073e-03
4.934867378324270248e-03
5.015047732740640640e-03
4.522068426012992859e-03
4.478694871068000793e-03
4.939068108797073364e-03
4.628690890967845917e-03
4.706311505287885666e-03
4.629663657397031784e-03
4.508953541517257690e-03
4.447439219802618027e-03
4.550911486148834229e-03
4.370814654976129532e-03
4.400661215186119080e-03
4.410407971590757370e-03
4.429480526596307755e-03
4.259642679244279861e-03
4.120600875467061996e-03
4.431152716279029846e-03
9.885367006063461304e-03
8.141922764480113983e-03
7.869953289628028870e-03
7.449225522577762604e-03
7.036971859633922577e-03
7.025298662483692169e-03
6.663152482360601425e-03
6.481788586825132370e-03
6.227264646440744400e-03
6.143587175756692886e-03
6.005377508699893951e-03
5.999236367642879486e-03
5.761630367487668991e-03
5.697975866496562958e-03
5.710796918720006943e-03
5.570291075855493546e-03
5.291027482599020004e-03
5.308153107762336731e-03
5.091539584100246429e-03
5.041660740971565247e-03
4.842619411647319794e-03
5.126804579049348831e-03
4.898548591881990433e-03
4.738632589578628540e-03
4.635567311197519302e-03
4.592746961861848831e-03
4.546721465885639191e-03
4.423517733812332153e-03
4.475166089832782745e-03
4.314577672630548477e-03
4.468900151550769806e-03
4.220661241561174393e-03
4.207288846373558044e-03
4.214976914227008820e-03
4.178543575108051300e-03
3.985537216067314148e-03
3.961881157010793686e-03
4.025710746645927429e-03
3.879760624840855598e-03
3.843519138172268867e-03
3.878854215145111084e-03
3.798612160608172417e-03
3.679292043671011925e-03
3.714174265041947365e-03
3.640545764937996864e-03
3.582996781915426254e-03
3.561351448297500610e-03
3.485571360215544701e-03
3.618993563577532768e-03
3.621339099481701851e-03
