8.997790217399597168e-01
9.029988646507263184e-01
9.041825532913208008e-01
9.034247398376464844e-01
9.039141535758972168e-01
9.028566479682922363e-01
9.035196900367736816e-01
9.023357033729553223e-01
9.025254249572753906e-01
9.035195112228393555e-01
9.022571444511413574e-01
8.796576857566833496e-01
8.803969621658325195e-01
8.803074359893798828e-01
8.803470134735107422e-01
8.802774548530578613e-01
8.799701929092407227e-01
8.800693154335021973e-01
8.802927732467651367e-01
8.802927732467651367e-01
8.814435005187988281e-01
9.109128117561340332e-01
9.235464930534362793e-01
9.320884346961975098e-01
9.426834583282470703e-01
9.481449723243713379e-01
9.518055319786071777e-01
9.528570771217346191e-01
9.548959732055664062e-01
9.550690650939941406e-01
9.557536244392395020e-01
9.560815691947937012e-01
9.578868150711059570e-01
9.585665464401245117e-01
9.586066603660583496e-01
9.588046669960021973e-01
9.598610997200012207e-01
9.599057435989379883e-01
9.610564112663269043e-01
9.617213606834411621e-01
9.609327316284179688e-01
9.618750810623168945e-01
9.624899029731750488e-01
9.630358815193176270e-01
9.629961252212524414e-01
9.637500047683715820e-01
9.649454951286315918e-01
9.654363989830017090e-01
9.651640057563781738e-01
9.660816192626953125e-01
9.658677577972412109e-01
9.671278595924377441e-01
9.670930504798889160e-01
9.682192802429199219e-01
9.673860669136047363e-01
9.685763716697692871e-01
9.684721231460571289e-01
9.692607522010803223e-01
9.690926671028137207e-01
9.691269993782043457e-01
9.695883393287658691e-01
9.698214530944824219e-01
9.704018831253051758e-01
9.699901342391967773e-01
9.709875583648681641e-01
9.700592756271362305e-01
9.702680110931396484e-01
9.706153273582458496e-01
9.710612893104553223e-01
9.707885980606079102e-01
9.712893366813659668e-01
9.714285731315612793e-01
9.718649983406066895e-01
9.714234471321105957e-01
9.715675711631774902e-01
9.724705219268798828e-01
9.723561406135559082e-01
9.721527099609375000e-01
9.724946618080139160e-01
9.729661345481872559e-01
9.724451303482055664e-01
