9.707579900001292117e+00
1.906272090000129538e+01
2.837539380000089295e+01
3.776426300000093761e+01
4.748593930000060936e+01
5.683772509999835165e+01
6.612866669999857550e+01
7.558294689999820548e+01
8.485637539999879664e+01
9.411712559999796213e+01
1.034932991999994556e+02
1.127247370000004594e+02
1.219314129000013054e+02
1.312737998000011430e+02
1.406231970000008005e+02
1.501855757000012090e+02
1.595432304999994813e+02
1.688534085999999661e+02
1.780368256000001566e+02
1.873251571000000695e+02
1.966992523000008077e+02
2.059201993999995466e+02
2.153613901999997324e+02
2.246072611999989022e+02
2.338581707000012102e+02
2.431985244999996212e+02
2.525066063999984181e+02
2.620095204999997804e+02
2.714157860000013898e+02
2.806367926999992051e+02
2.897845670999995491e+02
2.990830076999991434e+02
3.083367268000001786e+02
3.174925808000007237e+02
3.267547263999986171e+02
3.359495085999988078e+02
3.451370810000007623e+02
3.687388348999993468e+02
3.929103536000002350e+02
4.167739011000012397e+02
4.409912995999984560e+02
4.648057348000002094e+02
4.888200222000014037e+02
5.126947091000001819e+02
5.364966032999982417e+02
5.605974296999993385e+02
5.846298425999993924e+02
6.082743197999989206e+02
6.319516412999983004e+02
6.557440061999986938e+02
6.796491825999983121e+02
7.031735456999995222e+02
7.273553904000000330e+02
7.510275212000015017e+02
7.746600919000011345e+02
7.982977704000004451e+02
8.219422139999987849e+02
8.455769297000006191e+02
8.696105166000015743e+02
8.932931800000005751e+02
9.168603519999996934e+02
9.404485315999991144e+02
9.639290462999997544e+02
9.873096331000015198e+02
1.010701201100000617e+03
1.034321264099999098e+03
1.057539196800000354e+03
1.080941977999998926e+03
1.104209490500001266e+03
1.127615598799999134e+03
1.150967056900000898e+03
1.174213325799999438e+03
1.197777621900000668e+03
1.221075649700000213e+03
1.244269968000000517e+03
1.267386548700000276e+03
