5.588890314102172852e-01
5.355554819107055664e-01
5.830554962158203125e-01
5.708332657814025879e-01
5.438888669013977051e-01
4.966667592525482178e-01
6.038888692855834961e-01
6.483334302902221680e-01
6.038887500762939453e-01
5.822220444679260254e-01
5.588890314102172852e-01
5.622223019599914551e-01
6.422222256660461426e-01
6.561111211776733398e-01
6.716665625572204590e-01
7.086110115051269531e-01
6.458332538604736328e-01
5.466666817665100098e-01
7.441667318344116211e-01
6.177777051925659180e-01
6.644445657730102539e-01
5.386111140251159668e-01
5.899999737739562988e-01
5.349999070167541504e-01
6.422221660614013672e-01
6.138889789581298828e-01
6.388887763023376465e-01
6.594442129135131836e-01
6.791665554046630859e-01
6.211112737655639648e-01
5.352778434753417969e-01
5.713889002799987793e-01
5.933333635330200195e-01
6.230553984642028809e-01
6.386111974716186523e-01
6.283333301544189453e-01
5.169444084167480469e-01
6.394445896148681641e-01
5.400000214576721191e-01
5.469444394111633301e-01
6.349999308586120605e-01
5.941665172576904297e-01
6.527776122093200684e-01
5.947222113609313965e-01
5.972223281860351562e-01
5.908332467079162598e-01
6.238887310028076172e-01
6.238889694213867188e-01
6.336112022399902344e-01
6.555554866790771484e-01
6.458332538604736328e-01
6.325000524520874023e-01
6.652777194976806641e-01
6.380555629730224609e-01
7.208333611488342285e-01
6.811109781265258789e-01
6.577777266502380371e-01
6.686111688613891602e-01
6.733335256576538086e-01
6.811110973358154297e-01
6.391664743423461914e-01
6.733332276344299316e-01
6.772221922874450684e-01
6.724998950958251953e-01
6.491665840148925781e-01
6.772221922874450684e-01
6.427778601646423340e-01
6.505556702613830566e-01
6.519445180892944336e-01
6.644445061683654785e-01
6.594446301460266113e-01
6.713891029357910156e-01
6.663889288902282715e-01
6.261109709739685059e-01
6.805555820465087891e-01
7.083333730697631836e-01
7.041667103767395020e-01
6.452777385711669922e-01
6.536111235618591309e-01
7.344444990158081055e-01
6.569444537162780762e-01
6.575000882148742676e-01
6.575001478195190430e-01
6.622224450111389160e-01
7.008332014083862305e-01
6.866666674613952637e-01
7.019444108009338379e-01
6.424999833106994629e-01
6.744445562362670898e-01
6.638889312744140625e-01
7.211110591888427734e-01
7.127777934074401855e-01
