3.798476606607437134e-02
2.972612157464027405e-02
2.337886393070220947e-02
3.887940943241119385e-02
2.846544794738292694e-02
4.133230820298194885e-02
4.964675754308700562e-02
2.813323214650154114e-02
3.733908012509346008e-02
3.353549167513847351e-02
2.506444416940212250e-02
4.510096088051795959e-02
2.331455424427986145e-02
3.594098612666130066e-02
2.752514183521270752e-02
2.503168396651744843e-02
2.868047915399074554e-02
2.350936830043792725e-02
2.252275310456752777e-02
3.793347999453544617e-02
2.908607199788093567e-02
4.813492298126220703e-02
3.606623038649559021e-02
3.457388281822204590e-02
4.377869516611099243e-02
4.596022143959999084e-02
3.334399312734603882e-02
2.978613600134849548e-02
3.070622496306896210e-02
3.891200199723243713e-02
4.043551534414291382e-02
3.791731968522071838e-02
3.116943314671516418e-02
3.583880886435508728e-02
3.262797743082046509e-02
3.741573169827461243e-02
3.523193672299385071e-02
4.932328686118125916e-02
3.491560369729995728e-02
4.532558843493461609e-02
3.906287252902984619e-02
4.379103332757949829e-02
3.471705317497253418e-02
4.002282768487930298e-02
3.943103924393653870e-02
4.072966426610946655e-02
3.394840657711029053e-02
3.929251059889793396e-02
4.071129858493804932e-02
4.010466113686561584e-02
3.720504045486450195e-02
3.688329085707664490e-02
4.002947732806205750e-02
4.216194152832031250e-02
3.285426646471023560e-02
5.007667466998100281e-02
4.386232420802116394e-02
4.772358015179634094e-02
4.216384515166282654e-02
4.323375597596168518e-02
3.851572424173355103e-02
4.494906961917877197e-02
4.152954742312431335e-02
4.561259225010871887e-02
4.349250718951225281e-02
4.756948351860046387e-02
4.129026085138320923e-02
4.809078201651573181e-02
4.288639500737190247e-02
4.106804355978965759e-02
4.372341558337211609e-02
4.515589401125907898e-02
4.339218139648437500e-02
4.987476766109466553e-02
3.333862125873565674e-02
3.640236333012580872e-02
4.241194576025009155e-02
4.312594980001449585e-02
4.304204508662223816e-02
4.032763838768005371e-02
4.607975482940673828e-02
3.800277784466743469e-02
4.240130260586738586e-02
4.243062809109687805e-02
4.317139089107513428e-02
4.459883645176887512e-02
3.983109071850776672e-02
4.353339970111846924e-02
3.964430838823318481e-02
4.445564746856689453e-02
4.446822777390480042e-02
4.655625298619270325e-02
