8.825243115425109863e-01
9.213920831680297852e-01
9.309068322181701660e-01
9.360007643699645996e-01
9.385476112365722656e-01
9.404355287551879883e-01
9.406841397285461426e-01
9.410825371742248535e-01
9.407451748847961426e-01
9.404054880142211914e-01
9.400472640991210938e-01
9.399151206016540527e-01
9.397191405296325684e-01
9.395849704742431641e-01
9.392879009246826172e-01
9.398734569549560547e-01
9.394614696502685547e-01
9.398654699325561523e-01
9.396856427192687988e-01
9.398040771484375000e-01
9.401239752769470215e-01
9.397845864295959473e-01
9.398730993270874023e-01
9.398875236511230469e-01
9.402064085006713867e-01
9.401040673255920410e-01
9.403623342514038086e-01
9.401824474334716797e-01
9.400115013122558594e-01
9.399879574775695801e-01
9.402068257331848145e-01
9.401952624320983887e-01
9.398537874221801758e-01
9.404810070991516113e-01
9.401437640190124512e-01
9.405743479728698730e-01
9.401379227638244629e-01
9.401770234107971191e-01
9.402307868003845215e-01
9.407904744148254395e-01
9.407311677932739258e-01
9.406269192695617676e-01
9.405003786087036133e-01
9.409153461456298828e-01
9.405757784843444824e-01
9.411299228668212891e-01
9.405599236488342285e-01
9.406940937042236328e-01
9.410845637321472168e-01
9.411317706108093262e-01
9.403626918792724609e-01
9.407749772071838379e-01
9.414082169532775879e-01
9.410134553909301758e-01
9.411183595657348633e-01
9.413012862205505371e-01
9.413256645202636719e-01
9.415546059608459473e-01
9.414866566658020020e-01
9.412032365798950195e-01
9.416248798370361328e-01
9.414544105529785156e-01
9.418010115623474121e-01
9.415994286537170410e-01
9.066849350929260254e-01
9.072124958038330078e-01
9.072656035423278809e-01
9.076215624809265137e-01
9.076212644577026367e-01
9.079689979553222656e-01
9.082804918289184570e-01
9.113710522651672363e-01
9.110493659973144531e-01
9.094426631927490234e-01
9.095578193664550781e-01
9.098111987113952637e-01
9.104970097541809082e-01
9.107123613357543945e-01
9.102423787117004395e-01
9.110769033432006836e-01
9.110418558120727539e-01
9.111642241477966309e-01
9.111365675926208496e-01
9.112398624420166016e-01
9.114319086074829102e-01
9.114878773689270020e-01
9.117957353591918945e-01
9.122644066810607910e-01
9.125770926475524902e-01
9.120603799819946289e-01
9.126468300819396973e-01
9.127199053764343262e-01
9.127860665321350098e-01
9.123853445053100586e-01
9.127944707870483398e-01
9.135797023773193359e-01
9.133545160293579102e-01
9.132754206657409668e-01
9.132212400436401367e-01
9.126443266868591309e-01
9.136567115783691406e-01
9.134830832481384277e-01
9.139834046363830566e-01
9.136987924575805664e-01
9.142853617668151855e-01
9.135366678237915039e-01
9.123868346214294434e-01
9.141154289245605469e-01
9.153739809989929199e-01
