6.223486239999874670e+01
1.220844097999997757e+02
1.822631466000002547e+02
2.429715978000003815e+02
3.040121514999991632e+02
3.649553667000000132e+02
4.255720531999995728e+02
4.865976930999986507e+02
5.477860944999993080e+02
6.089838374999999360e+02
6.702096254999996745e+02
7.327288588999999774e+02
7.966592538999993849e+02
8.608978157999990799e+02
9.255962323999992805e+02
9.896704537999994500e+02
1.059504743899999085e+03
1.132138220400000137e+03
1.200099138599998696e+03
1.273375748999998905e+03
1.344632034899999780e+03
1.415810990199999651e+03
1.483777000599999155e+03
1.554918829399999595e+03
1.626170216399999845e+03
1.697861865099999704e+03
1.769129775299999892e+03
1.840378955500000302e+03
1.912008000199999515e+03
1.981174365499999112e+03
2.045262655900000027e+03
2.110106586099998822e+03
2.173669373499998983e+03
2.237691188299999340e+03
2.303523315499998716e+03
2.368463832399998864e+03
2.431325259399998686e+03
2.497234714099999110e+03
2.563983541899999182e+03
2.628034667500000069e+03
2.692695911299999352e+03
2.757328650399998878e+03
2.822433625300000131e+03
2.888759689099999378e+03
2.953819281599999158e+03
3.016276984099999027e+03
3.078552482299999610e+03
3.140444051000000400e+03
3.202150967199999286e+03
3.265768162499998652e+03
3.328879095899999811e+03
3.391097064300000056e+03
3.453369084799998745e+03
3.515914950000000317e+03
3.577791952800000217e+03
3.639995210600000064e+03
3.702070478800000274e+03
3.763362886799999615e+03
3.825313199099999110e+03
3.886885012299999289e+03
3.948803939699999319e+03
4.010760432199998831e+03
4.072575757900000099e+03
4.134347775199999887e+03
4.369321971699999267e+03
4.603494555199999013e+03
4.832664640599999984e+03
5.063238768799999889e+03
5.295754753600000186e+03
5.524718022999999448e+03
5.754698968200000309e+03
5.985158941499999855e+03
6.214272551399999429e+03
6.444543261299999358e+03
6.673358540299997912e+03
6.901149337799999557e+03
7.129599915400000100e+03
7.359412460499997906e+03
7.588194978800000172e+03
7.818820607499999824e+03
8.050833653499999855e+03
8.282517633299999943e+03
8.512131014000000505e+03
8.743942223799998828e+03
8.976240599099999599e+03
9.207868806199998289e+03
9.440689068400000906e+03
9.671794451899999331e+03
9.905294673999998849e+03
1.013884440499999801e+04
1.037103621200000089e+04
1.060360508790000131e+04
1.083873393449999821e+04
1.107265329329999986e+04
1.130670735189999868e+04
1.154109092979999878e+04
1.177510179750000134e+04
1.201061838950000129e+04
1.224531939600000078e+04
1.247837076770000021e+04
1.271277935629999956e+04
1.294799264790000052e+04
1.318278725239999949e+04
1.341847380660000090e+04
1.365432893739999963e+04
1.389943041099999937e+04
1.413702601979999781e+04
1.437299060970000028e+04
1.460817246540000087e+04
