5.932627320289611816e-01
6.495898365974426270e-01
6.853070259094238281e-01
7.171459197998046875e-01
7.472992539405822754e-01
7.757471799850463867e-01
8.037484288215637207e-01
8.346533775329589844e-01
8.605834841728210449e-01
8.881579637527465820e-01
9.099860787391662598e-01
9.283625483512878418e-01
9.441193938255310059e-01
9.560186266899108887e-01
9.642017483711242676e-01
9.700699448585510254e-01
9.740899801254272461e-01
9.798165559768676758e-01
9.817861914634704590e-01
9.830860495567321777e-01
9.845882654190063477e-01
9.850552082061767578e-01
9.860908389091491699e-01
9.864767193794250488e-01
9.866799712181091309e-01
9.864159226417541504e-01
9.877965450286865234e-01
9.876543283462524414e-01
9.868221879005432129e-01
9.869034290313720703e-01
9.870453476905822754e-01
9.865986108779907227e-01
9.862128496170043945e-01
9.874514937400817871e-01
9.871267676353454590e-01
9.867609739303588867e-01
9.871061444282531738e-01
9.861110448837280273e-01
9.857664108276367188e-01
9.864362478256225586e-01
9.864561557769775391e-01
9.860703945159912109e-01
9.866593480110168457e-01
9.867817163467407227e-01
9.865581393241882324e-01
9.861924052238464355e-01
9.857662320137023926e-01
9.859488606452941895e-01
9.862737059593200684e-01
9.864970445632934570e-01
9.869843125343322754e-01
9.866392016410827637e-01
9.862331748008728027e-01
9.862738847732543945e-01
9.861315488815307617e-01
9.867002964019775391e-01
9.867203831672668457e-01
9.869438409805297852e-01
9.875123500823974609e-01
9.868625998497009277e-01
9.873495697975158691e-01
9.873293042182922363e-01
9.870860576629638672e-01
9.871872663497924805e-01
9.876543879508972168e-01
9.872483611106872559e-01
9.881417751312255859e-01
9.874716401100158691e-01
9.877969622611999512e-01
9.872685670852661133e-01
9.879384040832519531e-01
9.870859980583190918e-01
9.874109029769897461e-01
9.876750707626342773e-01
9.879997372627258301e-01
9.878779053688049316e-01
9.878983497619628906e-01
9.886901378631591797e-01
9.887307286262512207e-01
9.883652925491333008e-01
9.882231354713439941e-01
9.880401492118835449e-01
9.873294830322265625e-01
9.577167034149169922e-01
9.617295861244201660e-01
9.626005291938781738e-01
9.636436104774475098e-01
9.629948139190673828e-01
9.637512564659118652e-01
9.649659395217895508e-01
9.638659358024597168e-01
9.645210504531860352e-01
9.644447565078735352e-01
9.652075171470642090e-01
9.658057689666748047e-01
9.652395844459533691e-01
9.658823609352111816e-01
9.652524590492248535e-01
9.659143090248107910e-01
9.655001759529113770e-01
9.663587808609008789e-01
9.657102227210998535e-01
9.662575125694274902e-01
9.665048718452453613e-01
9.668353199958801270e-01
9.664034843444824219e-01
9.668481945991516113e-01
9.665750861167907715e-01
9.674205183982849121e-01
9.670011997222900391e-01
9.667595624923706055e-01
9.680439829826354980e-01
9.678466320037841797e-01
9.681015014648437500e-01
9.680191278457641602e-01
9.682539105415344238e-01
9.684450626373291016e-01
9.680825471878051758e-01
9.686732292175292969e-01
9.684066176414489746e-01
9.686607718467712402e-01
9.686670303344726562e-01
9.690173864364624023e-01
9.685151576995849609e-01
9.696146845817565918e-01
9.692910313606262207e-01
