4.699879139661788940e-02
4.430273175239562988e-02
4.411812126636505127e-02
4.402601346373558044e-02
4.398755356669425964e-02
4.196467623114585876e-02
1.893407478928565979e-02
8.440861478447914124e-03
5.397032946348190308e-03
4.236056003719568253e-03
3.687258344143629074e-03
3.164835972711443901e-03
2.915041521191596985e-03
2.616408979520201683e-03
2.524965209886431694e-03
2.338015940040349960e-03
2.251592464745044708e-03
2.142720622941851616e-03
2.106115454807877541e-03
1.901031704619526863e-03
1.884763361886143684e-03
1.847373787313699722e-03
1.786527107469737530e-03
1.755725010298192501e-03
1.679334673099219799e-03
1.667739474214613438e-03
1.568757463246583939e-03
1.585134654305875301e-03
1.564322737976908684e-03
1.512583694420754910e-03
1.483528641983866692e-03
1.436969381757080555e-03
1.389486016705632210e-03
1.497704652138054371e-03
1.373503706417977810e-03
1.335682696662843227e-03
1.349101192317903042e-03
1.393196405842900276e-03
1.369052100926637650e-03
1.290492713451385498e-03
1.274623326025903225e-03
1.313100685365498066e-03
1.282043172977864742e-03
1.289870357140898705e-03
1.318630529567599297e-03
1.296366099268198013e-03
1.297607901506125927e-03
1.280639902688562870e-03
