8.727274537086486816e-01
8.745107054710388184e-01
8.735164403915405273e-01
8.750945329666137695e-01
8.744634985923767090e-01
8.739584088325500488e-01
8.749052286148071289e-01
8.768307566642761230e-01
8.751734495162963867e-01
8.732481002807617188e-01
8.728692531585693359e-01
8.773832917213439941e-01
8.741005063056945801e-01
8.750632405281066895e-01
8.763889074325561523e-01
8.740531206130981445e-01
8.538937568664550781e-01
8.571330308914184570e-01
8.998908996582031250e-01
9.278967976570129395e-01
9.336211085319519043e-01
9.379612803459167480e-01
9.404215812683105469e-01
9.416862130165100098e-01
9.429612755775451660e-01
9.435911178588867188e-01
9.452872872352600098e-01
9.447771310806274414e-01
9.463143348693847656e-01
9.466819763183593750e-01
9.471033811569213867e-01
9.482983350753784180e-01
9.487400650978088379e-01
9.482243061065673828e-01
9.490824937820434570e-01
9.491814374923706055e-01
9.492307901382446289e-01
9.493748545646667480e-01
9.504712820053100586e-01
9.504463672637939453e-01
9.505157470703125000e-01
9.507045149803161621e-01
9.510616660118103027e-01
9.499056339263916016e-01
9.509872198104858398e-01
9.499652385711669922e-01
9.509919881820678711e-01
9.516716003417968750e-01
9.513045549392700195e-01
9.517262578010559082e-01
9.515376687049865723e-01
9.515079259872436523e-01
9.522567391395568848e-01
9.516763091087341309e-01
9.513691067695617676e-01
9.520632624626159668e-01
9.521479010581970215e-01
9.509622454643249512e-01
