5.419146269559860229e-02
4.658651351928710938e-02
4.639554396271705627e-02
4.630976542830467224e-02
4.637496173381805420e-02
4.633611813187599182e-02
4.631248116493225098e-02
4.627225175499916077e-02
4.622216150164604187e-02
4.627326130867004395e-02
4.615850746631622314e-02
4.619032144546508789e-02
4.621006175875663757e-02
4.614852741360664368e-02
4.617876932024955750e-02
4.634986445307731628e-02
4.410052299499511719e-02
4.021760821342468262e-02
1.906446181237697601e-02
8.487888611853122711e-03
5.650572944432497025e-03
4.150625318288803101e-03
3.469666466116905212e-03
3.013207344338297844e-03
2.740946598351001740e-03
2.634129021316766739e-03
2.399301622062921524e-03
2.334393095225095749e-03
2.170573920011520386e-03
2.109428402036428452e-03
2.056888770312070847e-03
1.949644414708018303e-03
1.811305410228669643e-03
1.894804532639682293e-03
1.779707032255828381e-03
1.752943848259747028e-03
1.702728564850986004e-03
1.652387203648686409e-03
1.588885090313851833e-03
1.595662790350615978e-03
1.601235242560505867e-03
1.477947458624839783e-03
1.578647061251103878e-03
1.545952400192618370e-03
1.452469499781727791e-03
1.472381991334259510e-03
1.467047259211540222e-03
1.383792026899755001e-03
1.433486584573984146e-03
1.314798602834343910e-03
1.386022777296602726e-03
1.383388182148337364e-03
1.349590835161507130e-03
1.353985862806439400e-03
1.306293066591024399e-03
1.308046863414347172e-03
1.332242973148822784e-03
1.428724033758044243e-03
