7.474731802940368652e-01
8.638569116592407227e-01
9.017397165298461914e-01
9.185523390769958496e-01
9.257135391235351562e-01
9.332010746002197266e-01
9.382715821266174316e-01
9.420223236083984375e-01
9.465981125831604004e-01
9.500510692596435547e-01
9.526833891868591309e-01
9.527259469032287598e-01
9.541661739349365234e-01
9.548121094703674316e-01
9.547647237777709961e-01
9.563966989517211914e-01
9.563379287719726562e-01
9.559137821197509766e-01
9.557371139526367188e-01
9.566039443016052246e-01
9.570871591567993164e-01
9.567764401435852051e-01
9.571311473846435547e-01
9.570792913436889648e-01
9.570224285125732422e-01
9.581376910209655762e-01
9.571009278297424316e-01
9.572370648384094238e-01
9.570648670196533203e-01
9.587467312812805176e-01
9.324622750282287598e-01
9.346167445182800293e-01
9.351829886436462402e-01
9.353625774383544922e-01
9.360734224319458008e-01
9.368900060653686523e-01
9.366259574890136719e-01
9.372711181640625000e-01
9.380826950073242188e-01
9.374866485595703125e-01
9.382019042968750000e-01
9.390015602111816406e-01
9.388256072998046875e-01
9.391586780548095703e-01
9.396312832832336426e-01
9.393138885498046875e-01
9.408985376358032227e-01
9.408168792724609375e-01
9.409992098808288574e-01
9.420514106750488281e-01
9.426597952842712402e-01
9.434099197387695312e-01
9.437081217765808105e-01
9.444770216941833496e-01
9.450787305831909180e-01
9.458989500999450684e-01
9.470139741897583008e-01
9.468056559562683105e-01
9.479604363441467285e-01
9.492926001548767090e-01
9.500253796577453613e-01
9.505024552345275879e-01
9.517833590507507324e-01
9.528741240501403809e-01
9.533785581588745117e-01
9.539234042167663574e-01
9.546984434127807617e-01
9.558578729629516602e-01
9.567397832870483398e-01
9.567925333976745605e-01
9.572382569313049316e-01
9.578334689140319824e-01
9.587214589118957520e-01
9.590743780136108398e-01
9.589177966117858887e-01
9.599609375000000000e-01
9.604794979095458984e-01
9.604664444923400879e-01
9.611719250679016113e-01
9.609612822532653809e-01
9.615765810012817383e-01
9.616664052009582520e-01
9.626508951187133789e-01
9.627928733825683594e-01
9.626834988594055176e-01
9.629696011543273926e-01
9.636120796203613281e-01
