1.792527139186859131e-01
1.220897212624549866e-01
9.477452188730239868e-02
7.597577571868896484e-02
6.313196569681167603e-02
5.251112952828407288e-02
4.565581679344177246e-02
4.043178632855415344e-02
3.641186282038688660e-02
3.320160880684852600e-02
3.119040280580520630e-02
2.999639138579368591e-02
2.946595288813114166e-02
2.865083143115043640e-02
2.812701649963855743e-02
2.722204104065895081e-02
2.671151235699653625e-02
2.667030505836009979e-02
2.638821117579936981e-02
2.578412182629108429e-02
2.591555565595626831e-02
2.550266683101654053e-02
2.500150352716445923e-02
2.462799288332462311e-02
2.458473294973373413e-02
2.423498034477233887e-02
2.435953542590141296e-02
2.401543408632278442e-02
2.391004748642444611e-02
2.357989735901355743e-02
3.942607715725898743e-02
3.697638958692550659e-02
3.553577512502670288e-02
3.481233492493629456e-02
3.391874581575393677e-02
3.309698775410652161e-02
3.259918093681335449e-02
3.186559677124023438e-02
3.148043155670166016e-02
3.098208643496036530e-02
3.047091327607631683e-02
2.992650307714939117e-02
2.959130145609378815e-02
2.917875535786151886e-02
2.863076142966747284e-02
2.832123450934886932e-02
2.765729092061519623e-02
2.724595181643962860e-02
2.659271843731403351e-02
2.607444114983081818e-02
2.558325976133346558e-02
2.489018253982067108e-02
2.459991909563541412e-02
2.407807484269142151e-02
2.362793125212192535e-02
2.297887764871120453e-02
2.243331447243690491e-02
2.213740907609462738e-02
2.139122411608695984e-02
2.062926813960075378e-02
1.981128193438053131e-02
1.949348859488964081e-02
1.892181858420372009e-02
1.814822852611541748e-02
1.777252182364463806e-02
1.730991154909133911e-02
1.686658337712287903e-02
1.636560820043087006e-02
1.594303175806999207e-02
1.566738821566104889e-02
1.525861676782369614e-02
1.501950901001691818e-02
1.467772945761680603e-02
1.450519915670156479e-02
1.411195378750562668e-02
1.381045486778020859e-02
1.351797208189964294e-02
1.352867297828197479e-02
1.320367027074098587e-02
1.285030785948038101e-02
1.270423736423254013e-02
1.277379412204027176e-02
1.223675627261400223e-02
1.210410892963409424e-02
1.212127134203910828e-02
1.187629997730255127e-02
1.154983043670654297e-02
