4.497775970000111556e+01
4.830104800000117393e+01
5.162319200000092678e+01
5.495715990000098827e+01
5.828018139999949199e+01
6.159803590000046825e+01
6.491648870000062743e+01
6.823600030000125116e+01
7.157358100000055856e+01
7.488907749999998487e+01
7.821542030000091472e+01
8.154846240000006219e+01
8.486820489999990968e+01
8.820826010000018869e+01
9.152556790000016917e+01
9.485738029999993159e+01
9.821263750000071013e+01
1.015446537999996508e+02
1.049005667000001267e+02
1.082273963000006916e+02
1.115592895999998291e+02
1.149252188999998907e+02
1.182532948999996734e+02
1.215836978999996063e+02
1.249170582000006107e+02
1.282476199000011547e+02
1.316066425000008167e+02
1.349375765000004321e+02
1.382663074000010965e+02
1.420815147000012075e+02
2.392771044000000984e+02
2.497569049000012456e+02
2.602420328999996855e+02
2.707430569000007381e+02
2.812229461000006268e+02
2.917867146000007779e+02
3.022600146000004315e+02
3.127391865000008693e+02
3.233009749000011652e+02
3.337840826999999990e+02
3.443469108000008418e+02
3.548234776000008424e+02
3.653038367999997718e+02
3.770733822000001965e+02
3.881026189000003797e+02
3.987177186999997502e+02
4.124716893000004347e+02
4.229971537000001263e+02
4.346972141999995074e+02
4.453476186000007147e+02
4.559608253000005789e+02
4.666544934000012290e+02
4.771738017999996373e+02
4.897725635999995575e+02
5.020717681999994966e+02
5.126931605000008858e+02
5.231908688000003167e+02
5.336453039999996690e+02
5.441777449000001070e+02
5.546459966000002169e+02
5.651517074000003049e+02
5.757846475999995164e+02
5.862903829999995651e+02
5.968055822000005719e+02
6.073007823999996617e+02
6.177576165000009496e+02
6.283342640999999276e+02
6.387884893000009470e+02
6.492811302000009164e+02
6.599185897000006662e+02
6.704086712999996962e+02
6.809050383000012516e+02
6.915337677999996231e+02
7.020308222000003298e+02
7.126661452000007557e+02
7.231495795999999245e+02
7.337087626000011369e+02
7.477360616999994818e+02
7.583327096000011807e+02
7.688587168000012753e+02
7.794021628000009514e+02
7.898663517000004504e+02
8.012579586000010750e+02
8.117733052000003227e+02
8.223609044000004360e+02
8.354160785000003671e+02
8.460146530000001803e+02
