3.092141418457031250e+02
3.064386901855468750e+02
3.040067749023437500e+02
2.981099243164062500e+02
2.970313415527343750e+02
2.944704284667968750e+02
2.883059387207031250e+02
2.872488708496093750e+02
2.874365234375000000e+02
2.845346679687500000e+02
2.884131774902343750e+02
2.811324462890625000e+02
2.791378479003906250e+02
2.781667785644531250e+02
2.751088562011718750e+02
2.756049499511718750e+02
2.713355712890625000e+02
2.700681152343750000e+02
2.690237121582031250e+02
2.667272338867187500e+02
2.669669494628906250e+02
2.674114074707031250e+02
2.622933654785156250e+02
2.616971740722656250e+02
2.589034423828125000e+02
2.617453308105468750e+02
2.599229125976562500e+02
2.614597167968750000e+02
2.594337768554687500e+02
2.595751037597656250e+02
2.586526794433593750e+02
2.559971313476562500e+02
2.520858001708984375e+02
2.509552307128906250e+02
2.529369812011718750e+02
2.524099731445312500e+02
2.508934020996093750e+02
2.500798339843750000e+02
2.496465911865234375e+02
2.497981262207031250e+02
2.493769378662109375e+02
2.456113128662109375e+02
2.476155090332031250e+02
2.458580627441406250e+02
2.465895233154296875e+02
2.432420959472656250e+02
2.422886657714843750e+02
2.427949218750000000e+02
2.408885498046875000e+02
2.437654266357421875e+02
2.432122955322265625e+02
2.366135253906250000e+02
2.367190399169921875e+02
2.392061920166015625e+02
2.355907897949218750e+02
2.366702270507812500e+02
2.391591491699218750e+02
2.365972442626953125e+02
2.317510375976562500e+02
2.386116485595703125e+02
2.325755615234375000e+02
2.335750885009765625e+02
2.345107116699218750e+02
2.325805969238281250e+02
2.352467956542968750e+02
2.293129425048828125e+02
2.318483734130859375e+02
2.307164764404296875e+02
2.305921020507812500e+02
2.341834869384765625e+02
2.278655853271484375e+02
2.310447998046875000e+02
2.285146636962890625e+02
2.307722778320312500e+02
2.284566192626953125e+02
2.298749389648437500e+02
2.272809143066406250e+02
2.280780487060546875e+02
2.292831420898437500e+02
2.236726074218750000e+02
2.260543975830078125e+02
2.255752410888671875e+02
2.288990325927734375e+02
2.247566833496093750e+02
2.224389190673828125e+02
2.222703704833984375e+02
2.215905914306640625e+02
2.226644287109375000e+02
2.218412780761718750e+02
2.218895263671875000e+02
2.217303924560546875e+02
2.215714111328125000e+02
2.219010009765625000e+02
2.217787475585937500e+02
2.192852020263671875e+02
2.206705322265625000e+02
2.197392883300781250e+02
2.178260650634765625e+02
2.161781463623046875e+02
2.199172821044921875e+02
2.162051696777343750e+02
2.200474090576171875e+02
2.182077331542968750e+02
2.141856994628906250e+02
2.159319000244140625e+02
2.168280181884765625e+02
2.141594848632812500e+02
2.127152099609375000e+02
2.167441558837890625e+02
2.147461242675781250e+02
2.151191406250000000e+02
2.121553955078125000e+02
2.132225341796875000e+02
2.122893371582031250e+02
2.128618621826171875e+02
2.104693298339843750e+02
2.109507293701171875e+02
2.069287414550781250e+02
2.136357727050781250e+02
2.119311828613281250e+02
2.090095062255859375e+02
2.069034576416015625e+02
2.089037628173828125e+02
2.100204772949218750e+02
2.094674224853515625e+02
2.109220275878906250e+02
2.081734161376953125e+02
2.078322143554687500e+02
2.055236968994140625e+02
2.050144653320312500e+02
2.066549072265625000e+02
2.061730041503906250e+02
2.049585571289062500e+02
2.072519836425781250e+02
2.031302337646484375e+02
2.025990447998046875e+02
2.060521545410156250e+02
2.013978881835937500e+02
2.055404663085937500e+02
2.010821685791015625e+02
2.038751678466796875e+02
2.009561920166015625e+02
1.996164550781250000e+02
2.034263305664062500e+02
2.036127471923828125e+02
2.021072845458984375e+02
2.002404937744140625e+02
1.985889892578125000e+02
2.011378479003906250e+02
1.977144927978515625e+02
2.007925720214843750e+02
1.983063201904296875e+02
1.985416107177734375e+02
1.951397399902343750e+02
1.987890319824218750e+02
1.997155151367187500e+02
1.982620239257812500e+02
1.959741973876953125e+02
1.921847991943359375e+02
1.965589904785156250e+02
1.961550445556640625e+02
1.923248138427734375e+02
1.941476440429687500e+02
1.941459655761718750e+02
1.917081604003906250e+02
1.956968231201171875e+02
1.903944549560546875e+02
1.928597259521484375e+02
1.951076354980468750e+02
1.934473266601562500e+02
1.951948699951171875e+02
1.926710205078125000e+02
1.914222564697265625e+02
1.933187408447265625e+02
1.903019104003906250e+02
1.916341552734375000e+02
1.917175292968750000e+02
1.908485717773437500e+02
1.899428863525390625e+02
1.908074645996093750e+02
1.887232513427734375e+02
1.871696624755859375e+02
1.883685150146484375e+02
1.899847564697265625e+02
1.867469024658203125e+02
1.883333740234375000e+02
1.900861206054687500e+02
1.857766571044921875e+02
1.925020751953125000e+02
1.872328948974609375e+02
1.875814208984375000e+02
1.877341766357421875e+02
1.838244934082031250e+02
1.841466217041015625e+02
1.838288879394531250e+02
1.861900177001953125e+02
1.850285644531250000e+02
1.856158905029296875e+02
1.840157928466796875e+02
1.831090698242187500e+02
1.861221771240234375e+02
1.831197967529296875e+02
1.860338287353515625e+02
1.824562072753906250e+02
1.825323181152343750e+02
1.799448852539062500e+02
1.796488800048828125e+02
1.801203155517578125e+02
1.799564819335937500e+02
1.785067138671875000e+02
1.774976043701171875e+02
1.775263824462890625e+02
1.773012390136718750e+02
1.760138549804687500e+02
1.746766662597656250e+02
1.744719696044921875e+02
1.736787567138671875e+02
1.720287170410156250e+02
1.737882690429687500e+02
1.723445281982421875e+02
1.718134765625000000e+02
1.708127288818359375e+02
1.703911285400390625e+02
1.698838500976562500e+02
1.706994934082031250e+02
1.686801300048828125e+02
1.672286071777343750e+02
1.670777435302734375e+02
1.661829986572265625e+02
1.677889404296875000e+02
1.659193878173828125e+02
1.617839813232421875e+02
1.643159179687500000e+02
1.650464172363281250e+02
1.637236175537109375e+02
1.633982391357421875e+02
1.619765472412109375e+02
1.628575134277343750e+02
1.607872467041015625e+02
1.613986206054687500e+02
1.601649932861328125e+02
1.613257904052734375e+02
1.604101104736328125e+02
1.594007568359375000e+02
1.587443084716796875e+02
1.576725158691406250e+02
1.570917205810546875e+02
1.568666076660156250e+02
1.564233245849609375e+02
1.561315917968750000e+02
1.565767211914062500e+02
1.545539855957031250e+02
1.549419708251953125e+02
1.534653015136718750e+02
1.541391906738281250e+02
1.530189361572265625e+02
1.536111145019531250e+02
1.536649627685546875e+02
1.512153625488281250e+02
1.519689483642578125e+02
1.504849700927734375e+02
1.512586059570312500e+02
1.495063171386718750e+02
1.496337432861328125e+02
1.494797821044921875e+02
1.493370819091796875e+02
1.477847900390625000e+02
1.484894714355468750e+02
1.471887359619140625e+02
1.467403717041015625e+02
1.466525573730468750e+02
1.467749328613281250e+02
1.472337493896484375e+02
1.450507965087890625e+02
1.441134033203125000e+02
1.448468627929687500e+02
1.447145538330078125e+02
1.443296203613281250e+02
1.441666412353515625e+02
1.430177459716796875e+02
1.428938903808593750e+02
1.422440338134765625e+02
1.418617706298828125e+02
1.416192474365234375e+02
1.407120361328125000e+02
1.405431671142578125e+02
1.412977294921875000e+02
1.400693969726562500e+02
1.410395050048828125e+02
1.390611419677734375e+02
1.393452606201171875e+02
1.384572906494140625e+02
1.398631286621093750e+02
1.388947753906250000e+02
1.390114440917968750e+02
1.374451751708984375e+02
1.371376190185546875e+02
1.349619140625000000e+02
1.359630737304687500e+02
1.358949584960937500e+02
1.361608428955078125e+02
1.372249755859375000e+02
1.354538421630859375e+02
1.345098571777343750e+02
1.339781646728515625e+02
1.338392639160156250e+02
1.350111236572265625e+02
1.345675811767578125e+02
1.320129699707031250e+02
1.315002441406250000e+02
1.321059875488281250e+02
1.315742645263671875e+02
1.323923797607421875e+02
1.313141937255859375e+02
1.315771179199218750e+02
1.307691650390625000e+02
1.301660919189453125e+02
1.305103759765625000e+02
1.308949127197265625e+02
1.304671630859375000e+02
1.294217529296875000e+02
1.290793762207031250e+02
1.289959716796875000e+02
1.303016204833984375e+02
1.280955810546875000e+02
