2.198654110000000017e+01
3.977998339999999899e+01
5.746154860000000042e+01
7.489858279999999979e+01
9.332002470000000471e+01
1.112464045000000112e+02
1.287851447999999834e+02
1.468863389999999924e+02
1.648962849999999776e+02
1.825010728999999969e+02
2.009434078999999826e+02
2.186243265999999892e+02
2.365195848999999839e+02
2.549622270000000128e+02
2.728019323999999983e+02
2.902673922000000175e+02
3.088202067999999940e+02
3.268469069000000218e+02
3.446075912000000017e+02
3.628256800999999996e+02
3.807309852000000205e+02
3.980103675000000294e+02
