6.376736164093017578e-01
6.367361545562744141e-01
6.662500500679016113e-01
6.942708492279052734e-01
6.920138001441955566e-01
6.456249952316284180e-01
6.315625309944152832e-01
6.150694489479064941e-01
5.748959183692932129e-01
5.444443225860595703e-01
5.294790267944335938e-01
5.788888335227966309e-01
5.835070610046386719e-01
5.572221875190734863e-01
5.776388645172119141e-01
5.569791793823242188e-01
5.299304723739624023e-01
5.555555820465087891e-01
5.769444108009338379e-01
5.902429819107055664e-01
5.908679366111755371e-01
5.768054723739624023e-01
5.995138287544250488e-01
6.312152147293090820e-01
6.447222232818603516e-01
6.418402791023254395e-01
6.457985639572143555e-01
6.152778863906860352e-01
5.904862284660339355e-01
5.992708802223205566e-01
6.211112141609191895e-01
6.117012500762939453e-01
5.968055129051208496e-01
5.804166197776794434e-01
6.898958683013916016e-01
6.974999904632568359e-01
6.945485472679138184e-01
6.822221875190734863e-01
6.990624070167541504e-01
6.918056011199951172e-01
6.890624761581420898e-01
6.888888478279113770e-01
7.031944394111633301e-01
7.071179151535034180e-01
6.828817725181579590e-01
6.411459445953369141e-01
6.340277791023254395e-01
6.592361330986022949e-01
7.048262953758239746e-01
6.978125572204589844e-01
6.677432060241699219e-01
6.324651837348937988e-01
7.190276980400085449e-01
7.130208015441894531e-01
7.170833349227905273e-01
7.246875762939453125e-01
7.131944894790649414e-01
7.166320085525512695e-01
7.220833301544189453e-01
7.044791579246520996e-01
7.179512977600097656e-01
7.077430486679077148e-01
7.225347161293029785e-01
7.180554866790771484e-01
7.207638025283813477e-01
7.149998545646667480e-01
7.151041626930236816e-01
7.067708373069763184e-01
7.075694799423217773e-01
7.144791483879089355e-01
7.247570157051086426e-01
7.083331942558288574e-01
7.237500548362731934e-01
7.179164886474609375e-01
7.156597375869750977e-01
7.146527767181396484e-01
7.137498259544372559e-01
7.155902981758117676e-01
7.134374976158142090e-01
7.137499451637268066e-01
7.174305915832519531e-01
7.146527767181396484e-01
7.159721851348876953e-01
7.171875238418579102e-01
7.180208563804626465e-01
7.128819227218627930e-01
7.172219753265380859e-01
7.137500047683715820e-01
7.198957800865173340e-01
7.185069918632507324e-01
7.085764408111572266e-01
7.194097042083740234e-01
7.260416150093078613e-01
7.186805009841918945e-01
7.157639265060424805e-01
7.118749022483825684e-01
7.097222208976745605e-01
7.152777910232543945e-01
7.082293033599853516e-01
7.152082920074462891e-01
7.055901885032653809e-01
