4.294306412339210510e-02
3.946329280734062195e-02
3.844203054904937744e-02
4.136428982019424438e-02
4.173097014427185059e-02
4.077189788222312927e-02
4.125613346695899963e-02
4.160206392407417297e-02
4.270515590906143188e-02
4.142457991838455200e-02
4.117104411125183105e-02
4.126270115375518799e-02
3.954385966062545776e-02
3.991051763296127319e-02
4.041765630245208740e-02
3.968382254242897034e-02
4.190840199589729309e-02
3.870132565498352051e-02
4.197745025157928467e-02
4.474297165870666504e-02
4.422469064593315125e-02
4.425512254238128662e-02
4.446978121995925903e-02
4.536907374858856201e-02
4.418544843792915344e-02
4.460780322551727295e-02
4.432238638401031494e-02
4.314238205552101135e-02
4.396678507328033447e-02
4.462543129920959473e-02
4.470154643058776855e-02
4.398339614272117615e-02
4.375791922211647034e-02
4.541408643126487732e-02
4.576113075017929077e-02
4.475018382072448730e-02
4.540044441819190979e-02
4.693793132901191711e-02
4.474940896034240723e-02
4.561903327703475952e-02
4.606374353170394897e-02
4.586278274655342102e-02
4.488684609532356262e-02
4.500096291303634644e-02
4.509494453668594360e-02
4.537425562739372253e-02
4.476221650838851929e-02
4.472628235816955566e-02
4.385033249855041504e-02
4.575668275356292725e-02
4.499148949980735779e-02
4.669385030865669250e-02
4.573704674839973450e-02
4.735391587018966675e-02
4.604717344045639038e-02
4.590792208909988403e-02
4.610576480627059937e-02
4.565735906362533569e-02
4.580584168434143066e-02
4.741757363080978394e-02
4.577248916029930115e-02
4.638527706265449524e-02
4.615589231252670288e-02
4.574907943606376648e-02
4.553238302469253540e-02
4.613487794995307922e-02
4.669355228543281555e-02
4.649661108851432800e-02
4.614900425076484680e-02
4.630954191088676453e-02
4.544552788138389587e-02
4.601034149527549744e-02
4.528917744755744934e-02
4.605376347899436951e-02
4.605182260274887085e-02
4.635897651314735413e-02
4.651122912764549255e-02
4.676168411970138550e-02
4.541239887475967407e-02
4.598060995340347290e-02
4.592534899711608887e-02
4.632726311683654785e-02
4.605218023061752319e-02
4.611568525433540344e-02
4.656286537647247314e-02
4.618236050009727478e-02
4.583650082349777222e-02
4.593546316027641296e-02
4.607509449124336243e-02
4.630504548549652100e-02
4.605860635638237000e-02
4.575517773628234863e-02
4.550171270966529846e-02
4.581339657306671143e-02
4.597689956426620483e-02
4.526862129569053650e-02
4.622086510062217712e-02
4.589539393782615662e-02
4.606440663337707520e-02
4.567636549472808838e-02
4.647812247276306152e-02
