2.263017840000020442e+01
4.263573290000022098e+01
6.678178340000022217e+01
8.561260979999997289e+01
1.115144245999999839e+02
1.341230169000000387e+02
1.552783343000000968e+02
1.748811241000003065e+02
1.962363776000001963e+02
2.159416494000001876e+02
2.365153881000001093e+02
2.584479403000000275e+02
2.816537545999999566e+02
3.081951957999999649e+02
3.278957611000000725e+02
3.468725136000002749e+02
3.668998970000002373e+02
3.862107627999998840e+02
4.050419092000001910e+02
4.257785235999999713e+02
4.474207739000003130e+02
4.660477052000001095e+02
4.860527790000001005e+02
5.066248645999999098e+02
5.281104728000000250e+02
5.492943617000000813e+02
5.725753480000003037e+02
5.916379732999998851e+02
6.121478126000001794e+02
6.316474191000002065e+02
6.502512132000001657e+02
6.705898855000000367e+02
6.961099573000001328e+02
7.170432743000001210e+02
7.367085686000000351e+02
7.561436790000002475e+02
7.785694422999999915e+02
8.033100753000003351e+02
8.226676305000000866e+02
8.414938136999999188e+02
8.616871966000003340e+02
8.820397694000002957e+02
9.022957104000001891e+02
9.248039845000002970e+02
9.443289374000000862e+02
9.656602172000002611e+02
9.876665038000001005e+02
1.006962344800000210e+03
1.027677340600000207e+03
1.050090796599999976e+03
1.069625476200000321e+03
1.090448294400000123e+03
1.110280069100000219e+03
1.134420422300000155e+03
1.153293352000000141e+03
1.174388838300000316e+03
1.194404003500000272e+03
1.215340870900000027e+03
1.237340710800000124e+03
1.257086809100000210e+03
1.277166953999999805e+03
1.297320520599999782e+03
1.320442275400000199e+03
1.339489473000000089e+03
1.361640289399999801e+03
1.380929637599999751e+03
1.401438556900000094e+03
1.425228289899999709e+03
1.447371036000000004e+03
1.468075870899999700e+03
1.495697495800000524e+03
1.519429775000000063e+03
1.543394250900000316e+03
1.563623077599999760e+03
1.588098321099999794e+03
1.608043755199999850e+03
1.628417450100000224e+03
1.648249121999999716e+03
1.669739028200000121e+03
1.693253444700000273e+03
1.715033891000000494e+03
1.734752666500000032e+03
1.757595974399999704e+03
1.777901785000000473e+03
1.799554821600000196e+03
1.819695894900000440e+03
1.839663201599999866e+03
1.861362347300000238e+03
1.882246285800000351e+03
1.905426365499999974e+03
1.928669311199999811e+03
1.949537086300000283e+03
1.975495514499999899e+03
1.997403474899999765e+03
2.019455858499999977e+03
2.039416186699999798e+03
2.059359116699999959e+03
2.081333947800000260e+03
2.105181712500000231e+03
2.129052333400000407e+03
2.152673826300000201e+03
