2.221936800000000289e+01
3.990770150000000172e+01
5.776220750000000237e+01
7.489484679999999628e+01
9.295724239999999838e+01
1.105264591999999908e+02
1.279648224999999968e+02
1.459749764999999968e+02
1.637450173999999947e+02
1.808667963999999984e+02
1.990265956000000074e+02
2.165720297000000016e+02
2.330694780999999978e+02
2.507147936000000072e+02
2.677900584000000208e+02
2.843631615000000465e+02
3.022878409000000488e+02
3.193640970000000152e+02
3.358872364000000061e+02
3.536958025000000134e+02
3.707273913000000221e+02
3.875180774000000383e+02
4.051038973000000283e+02
4.225588538000000085e+02
4.395706284999999980e+02
4.577233399000000418e+02
4.751981067000000394e+02
4.921620707000000152e+02
5.097781128000000308e+02
5.268741612999999688e+02
5.454655702999999676e+02
5.647973187000000053e+02
5.835429003000000421e+02
6.021295433999999887e+02
6.215085366000000704e+02
6.404544971000000260e+02
6.586932051000000001e+02
6.779746807000000217e+02
6.969974547000000484e+02
7.155251594999999725e+02
7.352181185000000596e+02
7.572771960000000036e+02
7.787808066000000053e+02
7.978287125000000515e+02
8.166026415000000043e+02
8.340785586000000649e+02
8.529518555000000788e+02
8.711384292000000187e+02
8.889789324000000761e+02
9.079666478999999981e+02
9.264108306000000539e+02
9.444544753000000128e+02
9.635320985000000746e+02
9.819373782000000119e+02
9.997649992999999995e+02
1.018494753300000070e+03
1.036790406299999859e+03
1.055066709199999877e+03
1.074786890699999958e+03
1.094014122399999906e+03
1.113046349299999974e+03
1.131800772599999846e+03
1.150304486399999860e+03
1.168123597000000018e+03
1.186630812699999979e+03
1.204842639699999836e+03
1.222523576399999911e+03
1.241357751999999891e+03
1.259815477399999963e+03
1.277734073099999932e+03
1.296803162400000019e+03
1.314667514699999856e+03
1.331892439799999920e+03
1.350116694999999936e+03
1.367844377699999995e+03
1.385163880099999915e+03
1.403629700099999809e+03
1.421760353799999848e+03
1.439580489899999975e+03
1.457846450000000004e+03
1.475982135099999823e+03
1.493389228199999934e+03
1.512092651599999954e+03
1.530255205599999954e+03
1.548152425199999925e+03
1.567001533199999812e+03
1.584775247399999898e+03
1.601808875299999954e+03
1.620185715500000015e+03
1.638486299099999997e+03
1.656154736699999830e+03
1.674996798099999978e+03
1.693426527599999872e+03
1.711189693899999838e+03
1.730021643199999971e+03
1.748491279899999881e+03
1.766808619299999918e+03
1.785723594699999921e+03
1.803657999799999970e+03
1.821497797699999865e+03
1.840096944699999995e+03
1.858671594899999945e+03
1.876525611299999809e+03
1.895485690299999987e+03
1.913969438899999886e+03
1.931971833199999992e+03
1.950833191299999953e+03
1.969557391999999936e+03
1.988326446899999837e+03
2.007518515699999853e+03
2.026195356299999958e+03
2.044791935499999909e+03
2.063590896499999872e+03
2.081900662099999863e+03
