7.803822159767150879e-01
7.787529230117797852e-01
7.763846516609191895e-01
7.742355465888977051e-01
7.719520330429077148e-01
7.698890566825866699e-01
7.676265239715576172e-01
7.654482126235961914e-01
7.632593512535095215e-01
7.607972025871276855e-01
7.587894201278686523e-01
7.556009292602539062e-01
7.530394196510314941e-01
7.495008707046508789e-01
7.467100620269775391e-01
7.425085902214050293e-01
7.391690015792846680e-01
7.359266877174377441e-01
7.322631478309631348e-01
7.294114828109741211e-01
7.256040573120117188e-01
7.226091027259826660e-01
7.185462713241577148e-01
7.152724862098693848e-01
7.158513665199279785e-01
7.307060956954956055e-01
7.284532785415649414e-01
7.260944843292236328e-01
7.244207262992858887e-01
7.220951318740844727e-01
7.201350331306457520e-01
7.177116870880126953e-01
7.153092026710510254e-01
7.131986618041992188e-01
7.109297513961791992e-01
7.085950374603271484e-01
7.062816023826599121e-01
7.039332985877990723e-01
7.016369104385375977e-01
6.986826658248901367e-01
6.969702243804931641e-01
6.945995688438415527e-01
6.919165253639221191e-01
6.891798377037048340e-01
6.865082979202270508e-01
6.840595602989196777e-01
6.812638640403747559e-01
6.791499853134155273e-01
6.754869818687438965e-01
6.731545329093933105e-01
6.704275012016296387e-01
6.676497459411621094e-01
6.647090315818786621e-01
6.616598367691040039e-01
6.586080193519592285e-01
6.556094884872436523e-01
6.525824666023254395e-01
6.499530076980590820e-01
6.465081572532653809e-01
6.432313323020935059e-01
6.400272846221923828e-01
6.369062662124633789e-01
6.338209509849548340e-01
6.298955082893371582e-01
6.264430284500122070e-01
6.232022643089294434e-01
6.200343370437622070e-01
6.159247159957885742e-01
6.121399998664855957e-01
6.085768938064575195e-01
6.045371890068054199e-01
6.007840037345886230e-01
5.967611670494079590e-01
5.928165316581726074e-01
5.886834859848022461e-01
5.850771069526672363e-01
5.807591080665588379e-01
5.765858292579650879e-01
5.722621083259582520e-01
5.679655075073242188e-01
5.631363391876220703e-01
5.592732429504394531e-01
5.546709299087524414e-01
5.503793358802795410e-01
5.454945564270019531e-01
5.406992435455322266e-01
5.365468859672546387e-01
5.315292477607727051e-01
5.264621376991271973e-01
5.215812921524047852e-01
5.165368914604187012e-01
5.116777420043945312e-01
5.072392225265502930e-01
5.018164515495300293e-01
4.968483746051788330e-01
4.917503595352172852e-01
4.864914417266845703e-01
4.813007414340972900e-01
4.760706722736358643e-01
4.711200296878814697e-01
4.659688472747802734e-01
4.606012105941772461e-01
4.552735388278961182e-01
4.496747553348541260e-01
4.445717334747314453e-01
4.393569827079772949e-01
4.341414272785186768e-01
4.283840656280517578e-01
4.232095479965209961e-01
4.181308448314666748e-01
4.127362966537475586e-01
4.070717394351959229e-01
4.020127356052398682e-01
3.963110744953155518e-01
3.915727138519287109e-01
3.861344158649444580e-01
3.806599676609039307e-01
3.754825890064239502e-01
3.704795539379119873e-01
3.654169440269470215e-01
3.604063689708709717e-01
3.551274240016937256e-01
3.499790728092193604e-01
3.451995849609375000e-01
3.401768505573272705e-01
3.354487121105194092e-01
3.308735787868499756e-01
3.259313404560089111e-01
3.209038674831390381e-01
3.166573643684387207e-01
3.119704723358154297e-01
3.071970045566558838e-01
3.026280105113983154e-01
2.983611822128295898e-01
2.938911914825439453e-01
2.899595499038696289e-01
2.854247987270355225e-01
2.812496125698089600e-01
2.773771584033966064e-01
2.730534076690673828e-01
2.698985934257507324e-01
2.660767436027526855e-01
2.621468901634216309e-01
2.585147023200988770e-01
2.544409036636352539e-01
2.514368593692779541e-01
2.471969127655029297e-01
2.439107298851013184e-01
2.409717291593551636e-01
2.376120835542678833e-01
2.341835051774978638e-01
2.309798300266265869e-01
2.277541309595108032e-01
2.247226983308792114e-01
2.216968834400177002e-01
2.185966372489929199e-01
2.158095091581344604e-01
2.129546403884887695e-01
2.104724049568176270e-01
2.074964642524719238e-01
2.050897777080535889e-01
2.024887651205062866e-01
1.998074799776077271e-01
1.974148899316787720e-01
1.949813067913055420e-01
1.927373111248016357e-01
1.904026120901107788e-01
1.882646977901458740e-01
1.859699487686157227e-01
1.840745508670806885e-01
1.820423454046249390e-01
1.797006577253341675e-01
1.779135465621948242e-01
1.758677065372467041e-01
1.743412166833877563e-01
1.720610857009887695e-01
1.704075485467910767e-01
1.688864380121231079e-01
1.769670248031616211e-01
1.690772324800491333e-01
1.649958640336990356e-01
1.611905246973037720e-01
1.579279154539108276e-01
1.545545905828475952e-01
1.515374779701232910e-01
1.489010751247406006e-01
1.463959813117980957e-01
1.441440433263778687e-01
1.419802904129028320e-01
1.400424540042877197e-01
1.380259245634078979e-01
1.365317255258560181e-01
1.347853839397430420e-01
1.332706809043884277e-01
1.320167928934097290e-01
1.306884139776229858e-01
1.293527334928512573e-01
1.282882243394851685e-01
1.271236091852188110e-01
1.261400580406188965e-01
1.252906024456024170e-01
1.242167279124259949e-01
1.233903467655181885e-01
1.226990073919296265e-01
1.219936236739158630e-01
1.212475299835205078e-01
1.204397603869438171e-01
1.197238117456436157e-01
1.191319227218627930e-01
1.185176372528076172e-01
1.179338470101356506e-01
1.176197156310081482e-01
1.169153004884719849e-01
1.165463477373123169e-01
1.160324886441230774e-01
1.155773550271987915e-01
1.152499169111251831e-01
1.147655546665191650e-01
1.143473982810974121e-01
1.140710636973381042e-01
1.136266514658927917e-01
1.133861169219017029e-01
1.129724010825157166e-01
1.126406565308570862e-01
1.123004704713821411e-01
1.120779663324356079e-01
1.118602529168128967e-01
1.114900261163711548e-01
1.112568080425262451e-01
1.109438091516494751e-01
1.107075959444046021e-01
1.104689836502075195e-01
1.101973652839660645e-01
1.100019365549087524e-01
1.097249165177345276e-01
1.095201969146728516e-01
1.093847081065177917e-01
1.091413050889968872e-01
1.090123951435089111e-01
1.087188348174095154e-01
1.084694787859916687e-01
1.084132790565490723e-01
1.082281246781349182e-01
1.081418618559837341e-01
1.080286800861358643e-01
1.077692210674285889e-01
1.075983569025993347e-01
1.074529066681861877e-01
1.072468087077140808e-01
1.071134507656097412e-01
1.070574745535850525e-01
1.068231463432312012e-01
1.067138984799385071e-01
1.066147536039352417e-01
1.064323484897613525e-01
1.062778457999229431e-01
1.061838641762733459e-01
1.060252264142036438e-01
1.059788540005683899e-01
1.058799847960472107e-01
1.056870669126510620e-01
1.055372357368469238e-01
1.054651066660881042e-01
1.053536832332611084e-01
1.052939519286155701e-01
1.052410975098609924e-01
1.051025912165641785e-01
1.049808934330940247e-01
1.048663482069969177e-01
1.047298982739448547e-01
1.047652959823608398e-01
1.045737639069557190e-01
1.045934781432151794e-01
1.043348088860511780e-01
1.042179837822914124e-01
1.043032258749008179e-01
1.042002290487289429e-01
1.040174886584281921e-01
