5.139385599999968690e+00
8.226582399999870177e+00
1.140199499999994259e+01
1.457516149999992194e+01
1.773948399999994763e+01
2.089548959999979161e+01
2.407156719999989036e+01
2.725651989999983016e+01
3.041873599999985345e+01
3.359323219999987487e+01
3.675449969999999666e+01
3.992377499999997781e+01
4.311455559999990328e+01
4.629063159999986965e+01
4.946215729999994437e+01
5.262398809999990590e+01
5.579479069999979401e+01
5.896033169999986967e+01
6.213095379999981560e+01
6.527974189999986265e+01
6.848350479999999152e+01
7.165973729999996067e+01
7.482429189999993469e+01
7.799730019999992692e+01
8.119465839999998025e+01
8.438300719999983812e+01
8.758535559999995712e+01
9.087852779999980157e+01
9.420561889999999039e+01
9.746274059999996098e+01
1.007539134999999533e+02
1.040314017999999123e+02
1.073489112999998270e+02
1.106163958999998158e+02
1.139141299999998864e+02
1.171868488999998590e+02
1.205204464999999345e+02
1.238334454999999252e+02
1.272032906999997977e+02
1.304763684999998077e+02
1.337920097999999598e+02
1.371084382999999889e+02
1.404296919999999318e+02
1.437360580999998092e+02
1.470628630999999586e+02
1.503839002999998229e+02
1.537642327999999452e+02
1.571248446999998123e+02
1.605346425999998701e+02
1.639285563999999340e+02
1.672767913999998655e+02
1.705811139999998431e+02
1.739155544999998710e+02
1.772740895999997974e+02
1.805436328999999205e+02
1.838604872999999316e+02
1.871930427999998301e+02
1.904967968999999357e+02
1.938170156999999563e+02
1.971838252000000011e+02
2.004542709999998351e+02
2.037746906999998373e+02
2.071029421999999158e+02
2.108409715999998753e+02
2.141033573999998225e+02
2.174393837000000076e+02
2.207527188999999908e+02
2.240653666999999132e+02
2.273927708999999595e+02
2.306822050999999192e+02
2.340320593999999801e+02
2.372894635999998627e+02
2.406070698999999422e+02
2.439541007999998783e+02
2.472156300999999985e+02
2.505119882999999845e+02
2.538857807999997931e+02
2.571626277999998820e+02
2.604830354999999145e+02
2.638042648999999074e+02
2.671770331999998689e+02
2.704359043999997994e+02
2.826650309999999990e+02
2.953444489999999405e+02
3.076918732999999975e+02
3.201683199999999943e+02
3.326381107999998221e+02
3.456474557999999888e+02
3.583034058999999161e+02
3.711222965999997996e+02
3.837513909999997850e+02
3.965636606999999003e+02
4.089908716999998433e+02
4.216249603999999636e+02
4.341907129999999597e+02
4.468287433999998939e+02
4.599911912000000029e+02
4.725563355999997839e+02
4.850394251999998687e+02
4.971978660999998283e+02
5.089185818999999356e+02
5.205941903999998885e+02
5.323422471999999743e+02
5.444765751999998429e+02
5.567971103999998377e+02
5.691143035999998574e+02
5.813903756999998222e+02
5.936928088999998181e+02
6.060570142999999916e+02
6.183640421999998580e+02
6.306083071999998992e+02
6.429033183999999892e+02
6.552485663999998451e+02
6.675000545999998849e+02
6.797393360999999459e+02
6.920407334999999875e+02
7.043924190999998700e+02
7.167578228999998373e+02
7.289748370999998315e+02
7.412683217999999670e+02
7.538447945999998865e+02
7.662410074999997960e+02
7.785009685999998510e+02
7.909258610999997927e+02
8.033079945999998017e+02
8.157512793000000784e+02
8.281237645000001066e+02
8.406044807999996920e+02
