4.983603656291961670e-01
4.995177686214447021e-01
4.998071193695068359e-01
4.974279403686523438e-01
5.049510598182678223e-01
5.056905746459960938e-01
5.053690671920776367e-01
5.046296119689941406e-01
5.056905150413513184e-01
5.056584477424621582e-01
5.084876418113708496e-01
5.081983208656311035e-01
5.081983208656311035e-01
5.108667016029357910e-01
5.162036418914794922e-01
5.137602686882019043e-01
5.132458209991455078e-01
5.121527314186096191e-01
5.199973583221435547e-01
5.177148580551147461e-01
5.157857537269592285e-01
5.189042687416076660e-01
5.185828208923339844e-01
5.179398655891418457e-01
5.170516967773437500e-01
5.181193947792053223e-01
5.210129618644714355e-01
5.233277678489685059e-01
5.241757631301879883e-01
5.266902446746826172e-01
5.271592140197753906e-01
5.292345881462097168e-01
5.300825834274291992e-01
5.309308171272277832e-01
5.324574112892150879e-01
5.334650278091430664e-01
5.355104207992553711e-01
5.378352999687194824e-01
5.399007201194763184e-01
5.428441166877746582e-01
5.411875844001770020e-01
5.427442789077758789e-01
5.432831048965454102e-01
5.454981327056884766e-01
5.465458631515502930e-01
5.486211180686950684e-01
5.504570603370666504e-01
5.486211180686950684e-01
5.499181747436523438e-01
5.502175688743591309e-01
5.556354522705078125e-01
5.535202026367187500e-01
5.573914647102355957e-01
5.549368858337402344e-01
5.588480830192565918e-01
5.543282628059387207e-01
5.574014782905578613e-01
5.599157214164733887e-01
5.603846907615661621e-01
5.606041550636291504e-01
5.617217421531677246e-01
5.627993345260620117e-01
5.643160343170166016e-01
5.639865994453430176e-01
5.649644136428833008e-01
5.655132532119750977e-01
5.666506290435791016e-01
5.683368444442749023e-01
5.699831843376159668e-01
5.665609240531921387e-01
5.686662197113037109e-01
5.711007118225097656e-01
5.704421997070312500e-01
5.702127218246459961e-01
5.741241574287414551e-01
5.731661915779113770e-01
5.748922228813171387e-01
5.771971344947814941e-01
5.747525095939636230e-01
5.762792229652404785e-01
5.774165391921997070e-01
5.786238312721252441e-01
5.790628194808959961e-01
5.802203416824340820e-01
5.806792974472045898e-01
5.785939097404479980e-01
5.809187889099121094e-01
5.805497169494628906e-01
5.803002119064331055e-01
5.815574526786804199e-01
5.809186697006225586e-01
5.844408273696899414e-01
5.836126804351806641e-01
5.848000049591064453e-01
5.843311548233032227e-01
5.874839425086975098e-01
5.872445702552795410e-01
5.859673619270324707e-01
5.869252681732177734e-01
5.895293951034545898e-01
5.887311100959777832e-01
5.863466262817382812e-01
5.916148424148559570e-01
5.896093249320983887e-01
5.901482105255126953e-01
5.904872417449951172e-01
5.915450453758239746e-01
5.919839739799499512e-01
5.921635031700134277e-01
5.919838547706604004e-01
5.956956148147583008e-01
5.953164100646972656e-01
5.966734886169433594e-01
5.941691398620605469e-01
5.964240431785583496e-01
5.956556797027587891e-01
5.959950089454650879e-01
5.957853794097900391e-01
5.971722602844238281e-01
5.961445569992065430e-01
5.971824526786804199e-01
5.975914597511291504e-01
6.009438037872314453e-01
5.993374586105346680e-01
