2.890617847442626953e-01
2.884571850299835205e-01
2.880542576313018799e-01
2.889981269836425781e-01
2.862711548805236816e-01
2.853848040103912354e-01
2.862805724143981934e-01
2.852673828601837158e-01
2.847135066986083984e-01
2.849569916725158691e-01
2.845208942890167236e-01
2.835442721843719482e-01
2.839317619800567627e-01
2.833114266395568848e-01
2.815787792205810547e-01
2.819429039955139160e-01
2.816178500652313232e-01
2.805970013141632080e-01
2.797284722328186035e-01
2.800148725509643555e-01
2.799547910690307617e-01
2.795537114143371582e-01
2.791359722614288330e-01
2.799692451953887939e-01
2.636826038360595703e-01
2.636694312095642090e-01
2.627720832824707031e-01
2.619748711585998535e-01
2.609063088893890381e-01
2.603514790534973145e-01
2.603305280208587646e-01
2.589474916458129883e-01
2.586339712142944336e-01
2.579374313354492188e-01
2.574814260005950928e-01
2.567180991172790527e-01
2.562580704689025879e-01
2.553608119487762451e-01
2.543648481369018555e-01
2.540889084339141846e-01
2.538647055625915527e-01
2.531555593013763428e-01
2.532576024532318115e-01
2.520082592964172363e-01
2.517421841621398926e-01
2.513892948627471924e-01
2.505796253681182861e-01
2.502604424953460693e-01
2.499566376209259033e-01
2.496066987514495850e-01
2.480593025684356689e-01
2.484871149063110352e-01
2.484197765588760376e-01
2.483676671981811523e-01
2.473265975713729858e-01
2.477674335241317749e-01
2.467363476753234863e-01
2.461381256580352783e-01
2.458699941635131836e-01
2.456232756376266479e-01
2.453646212816238403e-01
2.452147454023361206e-01
2.448537349700927734e-01
2.439561635255813599e-01
2.438343018293380737e-01
2.438233047723770142e-01
2.431674003601074219e-01
2.431176453828811646e-01
2.419996112585067749e-01
2.429474145174026489e-01
2.426212728023529053e-01
2.415397614240646362e-01
2.414045929908752441e-01
2.409726530313491821e-01
2.398994415998458862e-01
2.408963590860366821e-01
2.400262057781219482e-01
2.394800782203674316e-01
2.399667352437973022e-01
2.388084828853607178e-01
2.391421496868133545e-01
2.388258576393127441e-01
2.384482473134994507e-01
2.376974076032638550e-01
2.380117923021316528e-01
2.378526628017425537e-01
2.369762659072875977e-01
2.375029176473617554e-01
2.372978478670120239e-01
2.365436106920242310e-01
2.362193167209625244e-01
2.360422909259796143e-01
2.362339049577713013e-01
2.356996685266494751e-01
2.349245846271514893e-01
2.350355535745620728e-01
2.347522228956222534e-01
2.347808033227920532e-01
2.341769039630889893e-01
2.338475137948989868e-01
2.336786687374114990e-01
2.341655641794204712e-01
2.330327332019805908e-01
2.336404323577880859e-01
2.330505549907684326e-01
2.327376604080200195e-01
2.325007170438766479e-01
2.318837791681289673e-01
2.316478192806243896e-01
2.319743931293487549e-01
2.316420376300811768e-01
2.310855686664581299e-01
2.309621572494506836e-01
2.310538738965988159e-01
2.306732684373855591e-01
2.302839756011962891e-01
2.301155626773834229e-01
2.300926446914672852e-01
2.295777797698974609e-01
2.296483665704727173e-01
2.293353676795959473e-01
2.293608933687210083e-01
2.285516709089279175e-01
2.284509539604187012e-01
