9.852653741836547852e-02
7.481542229652404785e-02
6.367979198694229126e-02
5.709544569253921509e-02
5.255467817187309265e-02
4.946602880954742432e-02
4.691882431507110596e-02
4.412372782826423645e-02
4.196930676698684692e-02
4.011023417115211487e-02
3.854432329535484314e-02
3.691161796450614929e-02
3.536666557192802429e-02
3.400948643684387207e-02
3.279651328921318054e-02
3.155453503131866455e-02
3.065936267375946045e-02
2.935749851167201996e-02
2.784479036927223206e-02
2.707119844853878021e-02
2.623504586517810822e-02
2.533654868602752686e-02
2.437932975590229034e-02
2.400743775069713593e-02
2.307686582207679749e-02
2.248877473175525665e-02
2.174247056245803833e-02
2.116352133452892303e-02
2.050998993217945099e-02
1.990839093923568726e-02
1.981190964579582214e-02
1.923053152859210968e-02
1.899724267423152924e-02
1.860369928181171417e-02
1.804413646459579468e-02
1.810518279671669006e-02
1.732937619090080261e-02
1.690026000142097473e-02
1.691763103008270264e-02
1.663587987422943115e-02
1.642395928502082825e-02
1.615850441157817841e-02
1.594621501863002777e-02
1.601770147681236267e-02
1.568854041397571564e-02
1.538199279457330704e-02
1.565034501254558563e-02
1.539346855133771896e-02
1.523648574948310852e-02
1.496804319322109222e-02
1.456166431307792664e-02
1.451550796627998352e-02
1.468771509826183319e-02
1.461817231029272079e-02
1.436991151422262192e-02
1.401632558554410934e-02
1.397566311061382294e-02
1.383743993937969208e-02
1.366868615150451660e-02
1.406097784638404846e-02
1.372306607663631439e-02
1.371665764600038528e-02
1.347697153687477112e-02
1.346725877374410629e-02
1.354838069528341293e-02
1.304222270846366882e-02
1.320017594844102859e-02
1.291302870959043503e-02
1.322366204112768173e-02
1.295828726142644882e-02
1.309396885335445404e-02
1.271581090986728668e-02
1.257449202239513397e-02
1.279470976442098618e-02
1.263602264225482941e-02
1.268902607262134552e-02
1.261606253683567047e-02
1.258882321417331696e-02
1.233395468443632126e-02
1.238213200122117996e-02
1.233659405261278152e-02
1.236280798912048340e-02
1.226282678544521332e-02
1.243432238698005676e-02
