3.650969359999999142e+01
4.283857830000033573e+01
4.913628729999982170e+01
5.549650269999983720e+01
6.180402709999998478e+01
6.803527510000003531e+01
7.429624950000015815e+01
8.050392350000038277e+01
8.674768849999964004e+01
9.304869990000042890e+01
9.929556380000030913e+01
1.055587694000005285e+02
1.118285510000005161e+02
1.180991579999999885e+02
1.243979560999996465e+02
1.306549666000000798e+02
1.368696795000005295e+02
1.431572729999998046e+02
1.494566382000002704e+02
1.557666607000001022e+02
1.620222124000001713e+02
1.682642519000000902e+02
1.745448684000002686e+02
1.807779573999996501e+02
1.870394019000004846e+02
1.932970407000002524e+02
1.995315762999998697e+02
2.058227447999997821e+02
2.120593725999997332e+02
2.183033029999996870e+02
2.245424057999998695e+02
2.307934489999997822e+02
2.370702240999999049e+02
2.433302676000002975e+02
2.495681684999999561e+02
2.558404384000004939e+02
2.621332886999998664e+02
2.683939141000000745e+02
2.746682590000000346e+02
2.809261262999998507e+02
2.871453375000000960e+02
2.933878201999996236e+02
2.996565115000003061e+02
3.058922289000001911e+02
3.780612174999996569e+02
3.948619664999996530e+02
4.116835338999999294e+02
4.285538702000003468e+02
4.453473774000003687e+02
4.621882814000000508e+02
4.789751648999999816e+02
4.957466764999999214e+02
5.126156876000004559e+02
5.293790692000002309e+02
5.462522392000000764e+02
5.635542155000002822e+02
5.803460082999999941e+02
5.971392514999997729e+02
6.139340672999996968e+02
6.307084788000001936e+02
6.475760305000003427e+02
6.643914814999998271e+02
6.811598664000002827e+02
6.979796972000003734e+02
7.147689822000002096e+02
7.315431215999997221e+02
7.483732679000004282e+02
7.651464587000000392e+02
7.820066881000002468e+02
7.988115021000003253e+02
8.155960734000000230e+02
8.324425449000000299e+02
8.492190848000000187e+02
8.660350197999996453e+02
8.828506409000001440e+02
8.996450604000001476e+02
9.551222645999996530e+02
9.720060751000000892e+02
9.904717872000001080e+02
1.007365508699999737e+03
1.024285794600000372e+03
1.041566217999999935e+03
1.058433137500000157e+03
1.075538395900000069e+03
1.092337045100000068e+03
1.109217516900000192e+03
1.127509567500000230e+03
1.144347212700000455e+03
1.161215474399999948e+03
1.178143277199999829e+03
1.195017492900000434e+03
1.211920576800000163e+03
1.228716253399999914e+03
1.245963133199999902e+03
1.262948798399999760e+03
1.279812302500000442e+03
1.296958745799999633e+03
1.313791078599999310e+03
1.331630149399999937e+03
1.348546811700000035e+03
1.365328666100000191e+03
1.382246515999999247e+03
