7.354325056076049805e-01
7.714332342147827148e-01
7.951072454452514648e-01
8.119947910308837891e-01
8.265783786773681641e-01
8.397411108016967773e-01
8.538196086883544922e-01
8.630208969116210938e-01
8.758522272109985352e-01
8.841223716735839844e-01
8.916824460029602051e-01
8.984217047691345215e-01
9.038667082786560059e-01
9.098485112190246582e-01
9.122790694236755371e-01
9.161143302917480469e-01
9.182766079902648926e-01
9.219695329666137695e-01
9.249683618545532227e-01
9.274147748947143555e-01
9.292297363281250000e-01
9.308870434761047363e-01
9.320550560951232910e-01
9.325441122055053711e-01
9.359216094017028809e-01
9.359059333801269531e-01
9.375630617141723633e-01
9.386047124862670898e-01
9.399464726448059082e-01
9.402461647987365723e-01
9.400727152824401855e-01
9.417614340782165527e-01
9.423137903213500977e-01
9.425346851348876953e-01
9.432449340820312500e-01
9.432607889175415039e-01
9.438131451606750488e-01
9.446811079978942871e-01
9.444127678871154785e-01
9.453755617141723633e-01
9.447285532951354980e-01
9.460700750350952148e-01
9.460225701332092285e-01
9.455491900444030762e-01
9.450125694274902344e-01
9.462279677391052246e-01
9.474114775657653809e-01
9.474903941154479980e-01
9.488795399665832520e-01
9.484217762947082520e-01
9.489110112190246582e-01
9.476800560951232910e-01
9.476642012596130371e-01
9.501420855522155762e-01
9.494633674621582031e-01
9.486113190650939941e-01
9.488952159881591797e-01
9.496054649353027344e-01
9.494476318359375000e-01
9.481533169746398926e-01
9.495581388473510742e-01
9.497001171112060547e-01
9.498895406723022461e-01
9.507735371589660645e-01
9.488953351974487305e-01
9.514205455780029297e-01
9.501736760139465332e-01
9.503473043441772461e-01
9.505683183670043945e-01
9.510576128959655762e-01
9.506470561027526855e-01
9.520831704139709473e-01
9.515941739082336426e-01
9.512152671813964844e-01
9.518622159957885742e-01
9.525882601737976074e-01
9.505838751792907715e-01
9.507574439048767090e-01
9.511520862579345703e-01
9.517992734909057617e-01
9.517202377319335938e-01
9.520834088325500488e-01
9.521149396896362305e-01
9.521464109420776367e-01
9.513257145881652832e-01
9.516729116439819336e-01
9.520677328109741211e-01
9.517202973365783691e-01
9.536774158477783203e-01
9.518309831619262695e-01
9.520831108093261719e-01
9.522411823272705078e-01
9.523989558219909668e-01
9.522255063056945801e-01
9.521936774253845215e-01
9.527779817581176758e-01
9.535670280456542969e-01
9.524464607238769531e-01
9.540405869483947754e-01
9.530774354934692383e-01
9.160369038581848145e-01
9.166764616966247559e-01
9.175744652748107910e-01
9.186064600944519043e-01
9.184123873710632324e-01
9.187200665473937988e-01
9.188836812973022461e-01
9.182986617088317871e-01
9.189533591270446777e-01
9.199154973030090332e-01
9.197024703025817871e-01
9.203470945358276367e-01
9.200891852378845215e-01
9.203971624374389648e-01
9.205358028411865234e-01
9.207735657691955566e-01
9.207932949066162109e-01
9.212051630020141602e-01
9.206252694129943848e-01
9.205111265182495117e-01
9.211015105247497559e-01
9.215873479843139648e-01
9.209572672843933105e-01
9.217709898948669434e-01
9.214780926704406738e-01
9.216071367263793945e-01
9.217013716697692871e-01
9.214533567428588867e-01
9.228670597076416016e-01
9.228366613388061523e-01
9.215822815895080566e-01
9.223510622978210449e-01
9.243207573890686035e-01
9.232441186904907227e-01
9.231250286102294922e-01
9.228968024253845215e-01
9.235816597938537598e-01
9.232289195060729980e-01
9.227532148361206055e-01
9.233680963516235352e-01
9.227332472801208496e-01
9.230949282646179199e-01
9.236952662467956543e-01
9.234129190444946289e-01
9.239780306816101074e-01
9.234673380851745605e-01
9.233432412147521973e-01
9.238888025283813477e-01
9.241767525672912598e-01
9.238492846488952637e-01
9.242012500762939453e-01
9.242910146713256836e-01
9.254265427589416504e-01
9.252282977104187012e-01
9.246826171875000000e-01
9.249152541160583496e-01
9.242809414863586426e-01
9.253125190734863281e-01
9.248861074447631836e-01
9.253029227256774902e-01
9.258087277412414551e-01
9.255557656288146973e-01
9.257490634918212891e-01
9.257439374923706055e-01
9.250149726867675781e-01
9.256945848464965820e-01
9.264087677001953125e-01
9.265677332878112793e-01
9.260218143463134766e-01
9.262994527816772461e-01
9.254664778709411621e-01
9.262946248054504395e-01
9.261954426765441895e-01
9.258036613464355469e-01
9.259573221206665039e-01
9.271524548530578613e-01
9.269394278526306152e-01
9.260466694831848145e-01
9.265826344490051270e-01
9.262598752975463867e-01
9.265677332878112793e-01
