1.360011659999872791e+01
2.587512799999967683e+01
3.793550659999891650e+01
5.011244409999926575e+01
6.228562879999662982e+01
7.435994229999778327e+01
8.639799779999884777e+01
9.812019619999773568e+01
1.105064669999992475e+02
1.221179944999967120e+02
1.339846114000029047e+02
1.457289097000029869e+02
1.572816549999988638e+02
1.690055145000005723e+02
1.806206004999985453e+02
1.922954542000006768e+02
2.039090269000007538e+02
2.155755025000034948e+02
2.271960480999987340e+02
2.393465166000023601e+02
2.509747850999992806e+02
2.625702030000029481e+02
2.742881217999965884e+02
2.858935991000034846e+02
2.975670956000030856e+02
3.092991479999982403e+02
3.208964982000034070e+02
3.329731895000004442e+02
3.447559286999967298e+02
3.563518007000020589e+02
3.679988749999974971e+02
3.796996352999994997e+02
3.913393874000030337e+02
4.029108695000031730e+02
4.147049858000027598e+02
4.262712910999980522e+02
4.378285617000001366e+02
4.494836282999967807e+02
4.610750886000023456e+02
4.726841875000027358e+02
4.843329828999994788e+02
4.959404480000011972e+02
5.075207721999977366e+02
5.191790726999970502e+02
5.307731483000025037e+02
5.427176564999972470e+02
5.543914134000006015e+02
5.660275576999993064e+02
5.777101460999983829e+02
5.893213264000005438e+02
6.008351562000025297e+02
6.123172247999973479e+02
6.238255235999968136e+02
6.357655500999971991e+02
6.472010911000033957e+02
6.587989107999965199e+02
6.703323025999998208e+02
6.818735689000022830e+02
6.934001785000000382e+02
7.048139961999986554e+02
7.162256541000024299e+02
7.281640626000007614e+02
7.396461621999987983e+02
7.511775944999972126e+02
7.627659997000009753e+02
7.747676563999993959e+02
7.862245926999967196e+02
7.977403705999968224e+02
8.092728971000033198e+02
8.209063632000033977e+02
8.325558498000027612e+02
8.442338635999985854e+02
8.556525735999966855e+02
8.672719737000006717e+02
8.787805689000015263e+02
8.902257155999977840e+02
9.020365067000020645e+02
9.134876561999990372e+02
9.249410971999968751e+02
9.364239520999981323e+02
9.478185962999996264e+02
9.591700580999968224e+02
9.706961625999974785e+02
9.825666389000034542e+02
9.939333428000027197e+02
1.005385483099998964e+03
1.016853572799998801e+03
1.028324114600000030e+03
1.039783520299999509e+03
1.051233250500001304e+03
1.062552576599999156e+03
1.074107768499998201e+03
1.085497849999999744e+03
1.096853856599998835e+03
1.108400480900003458e+03
1.119800232699999469e+03
1.131320274999998219e+03
1.142727493500002311e+03
1.154168008699998609e+03
1.165415502800002287e+03
1.202982643100003770e+03
1.240150536399996781e+03
1.276923425599998154e+03
1.313900758900002984e+03
1.350762368900002912e+03
1.387632627500002855e+03
1.425127571999997599e+03
1.463958170799996878e+03
1.501278755799998180e+03
1.538549896299999091e+03
1.575217958300003374e+03
1.611967878000003111e+03
1.648481162000003678e+03
1.686348694699998305e+03
1.724351882599999954e+03
1.761972778499999549e+03
1.798899692699997104e+03
1.835566776599996956e+03
1.875343291500001214e+03
1.912467780799997854e+03
1.948956487700001162e+03
1.988890280300001905e+03
2.025788591999997152e+03
2.062359376300002623e+03
2.099088942100002896e+03
2.135446746800000255e+03
2.171728475199997774e+03
2.208209117699996568e+03
2.245178965799997968e+03
2.281527720799997041e+03
2.317796957799997472e+03
2.354249796199997945e+03
2.390640184800002316e+03
2.426861138200001733e+03
2.463122482200000377e+03
2.499333285100001376e+03
2.535513018300000113e+03
2.572354553400000441e+03
2.608389252900000429e+03
2.644614872300000570e+03
2.680764406800000870e+03
2.718483312700001989e+03
2.754925547099999676e+03
2.791079249499998696e+03
2.828440316400003212e+03
2.864875573800003622e+03
2.901081313900001987e+03
2.937783090199998696e+03
2.973947204500000225e+03
3.009989107000001241e+03
3.046120750499998394e+03
3.082364295599996694e+03
3.118398911900003441e+03
3.154736765200002992e+03
3.190756478199997218e+03
3.227461903000003076e+03
3.263783260600001086e+03
3.300521142700003111e+03
3.337224027800002659e+03
3.373308011200002511e+03
3.409288596400001552e+03
3.445184193900000537e+03
3.481135270999999193e+03
3.517023163199999544e+03
3.552808786800000235e+03
3.588871912499998871e+03
3.624764999099999841e+03
3.661289657599998463e+03
3.697231658199998492e+03
3.733050882299998193e+03
3.769217846699997608e+03
3.805201361699997506e+03
3.841392607599998883e+03
3.877415948499998194e+03
3.913327339900002698e+03
3.948987489699997241e+03
3.985229086200000893e+03
4.020867316600000777e+03
4.056546082300003036e+03
4.092231230700002925e+03
4.127909852400000091e+03
4.163457117199999630e+03
4.199278558999998495e+03
4.234942676699996809e+03
4.270555727200000547e+03
4.306320824100002937e+03
4.341896091299997352e+03
4.377982545099999697e+03
4.413588621299997612e+03
4.449192990099996678e+03
4.484899505200002750e+03
4.520473227599999518e+03
4.556138699800001632e+03
4.591692271799998707e+03
4.627123451999999816e+03
4.662518752600000880e+03
4.697809021799999755e+03
4.733124731900003098e+03
4.769242622300000221e+03
4.804769448699997156e+03
