8.863950371742248535e-01
8.809028863906860352e-01
8.827018737792968750e-01
8.832228779792785645e-01
8.862059116363525391e-01
8.803187012672424316e-01
8.835225701332092285e-01
8.811395168304443359e-01
8.629265427589416504e-01
8.628520965576171875e-01
8.630058169364929199e-01
8.637947440147399902e-01
8.618946075439453125e-01
8.644691109657287598e-01
8.632789254188537598e-01
8.614136576652526855e-01
8.654940724372863770e-01
9.132824540138244629e-01
9.207656383514404297e-01
9.232845306396484375e-01
9.247612357139587402e-01
9.263256788253784180e-01
9.270318150520324707e-01
9.284253120422363281e-01
9.290424585342407227e-01
9.301989078521728516e-01
9.311306476593017578e-01
9.309971332550048828e-01
9.315031766891479492e-01
9.323750138282775879e-01
9.324831366539001465e-01
9.335163235664367676e-01
9.333918690681457520e-01
9.332519769668579102e-01
9.336941242218017578e-01
9.341318011283874512e-01
9.345777630805969238e-01
9.347557425498962402e-01
9.351388812065124512e-01
9.360457658767700195e-01
9.359151721000671387e-01
9.358340501785278320e-01
9.367111325263977051e-01
9.358789920806884766e-01
9.365350008010864258e-01
9.373692274093627930e-01
9.364675283432006836e-01
9.369835853576660156e-01
9.225227236747741699e-01
9.231176376342773438e-01
9.237325787544250488e-01
9.245460033416748047e-01
9.245472550392150879e-01
9.252242445945739746e-01
9.258415102958679199e-01
9.261364340782165527e-01
9.261796474456787109e-01
9.264082908630371094e-01
9.267289638519287109e-01
9.267894029617309570e-01
9.272809624671936035e-01
9.275321960449218750e-01
9.273096919059753418e-01
9.274605512619018555e-01
9.278917312622070312e-01
9.276677966117858887e-01
9.277482628822326660e-01
9.283620715141296387e-01
9.279459118843078613e-01
9.277003407478332520e-01
9.286355376243591309e-01
9.283260703086853027e-01
9.191484451293945312e-01
9.189866781234741211e-01
9.199207425117492676e-01
9.207304120063781738e-01
9.206326603889465332e-01
9.202913045883178711e-01
9.207864999771118164e-01
9.217387437820434570e-01
9.215177893638610840e-01
9.215790033340454102e-01
9.219978451728820801e-01
9.220427274703979492e-01
9.220233559608459473e-01
9.219316840171813965e-01
9.167039394378662109e-01
9.170942306518554688e-01
9.175282120704650879e-01
9.174562692642211914e-01
9.173240661621093750e-01
9.173908829689025879e-01
9.171780347824096680e-01
9.181041121482849121e-01
9.177209138870239258e-01
9.182555675506591797e-01
9.179586172103881836e-01
9.160265326499938965e-01
9.163814187049865723e-01
9.166663885116577148e-01
9.172422885894775391e-01
9.165793061256408691e-01
9.172700047492980957e-01
9.171445369720458984e-01
9.168534874916076660e-01
9.165798425674438477e-01
9.166173934936523438e-01
9.165512919425964355e-01
9.166553616523742676e-01
9.172234535217285156e-01
9.169927239418029785e-01
9.171264767646789551e-01
8.421640992164611816e-01
8.452603220939636230e-01
8.456382155418395996e-01
8.456882834434509277e-01
8.458157181739807129e-01
8.455655574798583984e-01
8.458812832832336426e-01
8.461418151855468750e-01
8.460302948951721191e-01
