6.836765259504318237e-02
4.696677252650260925e-02
4.680500179529190063e-02
4.683133959770202637e-02
4.679552838206291199e-02
4.686233401298522949e-02
4.680390283465385437e-02
4.688142612576484680e-02
4.542835429310798645e-02
4.538158699870109558e-02
4.529106989502906799e-02
4.525820165872573853e-02
4.527159407734870911e-02
4.533117637038230896e-02
4.529004171490669250e-02
4.530305415391921997e-02
3.437536582350730896e-02
1.008411217480897903e-02
6.453821435570716858e-03
5.378830712288618088e-03
4.830230493098497391e-03
4.395659081637859344e-03
4.129912238568067551e-03
3.962534014135599136e-03
3.719531930983066559e-03
3.606479149311780930e-03
3.426563227549195290e-03
3.402097616344690323e-03
3.294487483799457550e-03
3.156582824885845184e-03
3.093552310019731522e-03
3.055102424696087837e-03
2.941979793831706047e-03
2.940932288765907288e-03
2.902234904468059540e-03
2.783276140689849854e-03
2.782838419079780579e-03
2.760370261967182159e-03
2.721531782299280167e-03
2.633406547829508781e-03
2.663818886503577232e-03
2.603769302368164062e-03
2.536308718845248222e-03
2.541215158998966217e-03
2.492996631190180779e-03
2.422297373414039612e-03
2.467266051098704338e-03
2.461218275129795074e-03
3.739497624337673187e-03
3.681134898215532303e-03
3.607684513553977013e-03
3.535543568432331085e-03
3.470471827313303947e-03
3.398752305656671524e-03
3.374098334461450577e-03
3.332674736157059669e-03
3.249760949984192848e-03
3.237782279029488564e-03
3.246199572458863258e-03
3.202079096809029579e-03
3.206105902791023254e-03
3.105975454673171043e-03
3.110283985733985901e-03
3.074519103392958641e-03
3.081456990912556648e-03
3.054716624319553375e-03
3.044151002541184425e-03
3.002047771587967873e-03
3.003913443535566330e-03
3.045833436772227287e-03
2.997975563630461693e-03
2.963399747386574745e-03
3.774325130507349968e-03
3.754345234483480453e-03
3.703781403601169586e-03
3.593075787648558617e-03
3.628313075751066208e-03
3.656597342342138290e-03
3.572288900613784790e-03
3.566450672224164009e-03
3.532379865646362305e-03
3.532950300723314285e-03
3.510584356263279915e-03
3.506907960399985313e-03
3.461675718426704407e-03
3.470642725005745888e-03
3.939028829336166382e-03
3.888575360178947449e-03
3.879992291331291199e-03
3.866642946377396584e-03
3.854308975860476494e-03
3.811768023297190666e-03
3.806123044341802597e-03
3.777460893616080284e-03
3.776987083256244659e-03
3.760860767215490341e-03
3.787062829360365868e-03
3.986652940511703491e-03
3.912189975380897522e-03
3.883602330461144447e-03
3.845615545287728310e-03
3.853766480460762978e-03
3.823400940746068954e-03
3.825034713372588158e-03
3.854453330859541893e-03
3.852451220154762268e-03
3.843869548290967941e-03
3.830952104181051254e-03
3.804122563451528549e-03
3.799445228651165962e-03
3.794378368183970451e-03
3.791145980358123779e-03
2.923778444528579712e-02
2.717613056302070618e-02
2.701642923057079315e-02
2.693708054721355438e-02
2.688381262123584747e-02
2.685660682618618011e-02
2.691569365561008453e-02
2.689006365835666656e-02
2.691856957972049713e-02
