2.340819984674453735e-01
2.007997632026672363e-01
1.853329688310623169e-01
1.751560568809509277e-01
1.691080778837203979e-01
1.633686423301696777e-01
1.594304144382476807e-01
1.537098735570907593e-01
1.491021364927291870e-01
1.456287205219268799e-01
1.405757367610931396e-01
1.375617682933807373e-01
1.329757124185562134e-01
1.294283419847488403e-01
1.262823343276977539e-01
1.224040016531944275e-01
1.183549985289573669e-01
1.142659634351730347e-01
1.110399365425109863e-01
1.081056073307991028e-01
1.036512479186058044e-01
1.001966521143913269e-01
9.641180932521820068e-02
9.386380761861801147e-02
8.921137452125549316e-02
8.532767742872238159e-02
8.351091295480728149e-02
8.038821071386337280e-02
7.764104008674621582e-02
7.518162578344345093e-02
7.220408320426940918e-02
6.902553141117095947e-02
6.610418856143951416e-02
6.396051496267318726e-02
6.123383715748786926e-02
5.982896685600280762e-02
5.844786018133163452e-02
5.649211257696151733e-02
5.438761413097381592e-02
5.201715603470802307e-02
5.019505694508552551e-02
4.881366714835166931e-02
4.704605787992477417e-02
4.583526402711868286e-02
4.412960261106491089e-02
4.442745819687843323e-02
4.193564876914024353e-02
4.087819531559944153e-02
4.028339684009552002e-02
3.959128633141517639e-02
3.761570900678634644e-02
3.705868870019912720e-02
3.663123771548271179e-02
3.590039908885955811e-02
3.541379049420356750e-02
3.499931842088699341e-02
3.473528474569320679e-02
3.266798704862594604e-02
3.314524888992309570e-02
3.250947222113609314e-02
3.192472085356712341e-02
3.206239640712738037e-02
3.162085264921188354e-02
3.059295564889907837e-02
3.091233968734741211e-02
3.016743622720241547e-02
2.953100204467773438e-02
2.967451885342597961e-02
2.861016802489757538e-02
2.879663556814193726e-02
2.890912629663944244e-02
2.827247418463230133e-02
2.839653007686138153e-02
2.779436856508255005e-02
2.672820538282394409e-02
2.742674387991428375e-02
2.704482525587081909e-02
2.669996209442615509e-02
2.697842940688133240e-02
2.505405060946941376e-02
2.616273239254951477e-02
2.426526136696338654e-02
1.947058737277984619e-02
1.839536242187023163e-02
1.781210675835609436e-02
1.766918227076530457e-02
1.765451207756996155e-02
1.720155030488967896e-02
1.701189577579498291e-02
1.639636419713497162e-02
1.641757972538471222e-02
1.626862399280071259e-02
1.581420935690402985e-02
1.552265509963035583e-02
1.547714229673147202e-02
1.536486949771642685e-02
1.568067818880081177e-02
1.538285054266452789e-02
1.441627275198698044e-02
8.648652583360671997e-03
1.473966427147388458e-02
1.244187355041503906e-02
1.147820241749286652e-02
1.072169560939073563e-02
1.037637051194906235e-02
9.867679327726364136e-03
9.454212151467800140e-03
8.991801179945468903e-03
8.727145381271839142e-03
8.401286788284778595e-03
8.257190696895122528e-03
7.778977043926715851e-03
7.764380425214767456e-03
7.462241221219301224e-03
7.418297696858644485e-03
7.264540996402502060e-03
7.044298108667135239e-03
6.903441622853279114e-03
6.745373364537954330e-03
6.556584965437650681e-03
6.549470126628875732e-03
6.319715175777673721e-03
6.295943167060613632e-03
6.130987778306007385e-03
6.092293653637170792e-03
6.080068182200193405e-03
5.868706852197647095e-03
5.656850989907979965e-03
5.739342886954545975e-03
5.603294819593429565e-03
5.509221460670232773e-03
5.363687872886657715e-03
5.410409066826105118e-03
5.460177548229694366e-03
5.346122663468122482e-03
5.265247076749801636e-03
5.159831140190362930e-03
5.013487767428159714e-03
5.082473624497652054e-03
5.006560590118169785e-03
4.914397839456796646e-03
4.921591840684413910e-03
4.903557244688272476e-03
4.821176640689373016e-03
4.643279127776622772e-03
4.626586567610502243e-03
4.440420772880315781e-03
4.640815779566764832e-03
4.639716818928718567e-03
4.473328590393066406e-03
4.355489742010831833e-03
4.282868932932615280e-03
4.415376577526330948e-03
4.253177903592586517e-03
4.173898603767156601e-03
4.169866442680358887e-03
4.115510266274213791e-03
4.164328332990407944e-03
4.072668962180614471e-03
3.993710037320852280e-03
3.991445992141962051e-03
3.997325431555509567e-03
3.958478569984436035e-03
3.854091512039303780e-03
3.776398487389087677e-03
3.842426696792244911e-03
3.867895808070898056e-03
3.718856023624539375e-03
3.697735490277409554e-03
3.633965738117694855e-03
3.567691892385482788e-03
3.548868698999285698e-03
3.530201269313693047e-03
3.638096852228045464e-03
3.500885330140590668e-03
3.539605997502803802e-03
3.541152458637952805e-03
3.502033650875091553e-03
3.552892478182911873e-03
