2.248187506559988833e+02
2.384928533860002062e+02
2.523728839859977597e+02
2.662597814069995366e+02
2.802445452020001539e+02
2.943102895949996309e+02
3.082736658610010636e+02
3.222033159040001919e+02
3.419563768330008315e+02
3.557223967259997153e+02
3.695706106899997394e+02
3.837198128939999151e+02
4.031760964620007144e+02
4.227362935940000170e+02
4.421859648030003882e+02
4.619418092199994135e+02
4.756379017660001409e+02
4.896982687609997811e+02
5.036874902499985183e+02
5.179290433309979562e+02
5.375889477860000625e+02
5.512127451099986502e+02
5.651429319369999575e+02
5.791925747409986798e+02
5.937773609859978023e+02
6.138548609869976644e+02
6.329846211919975758e+02
6.467499972599980538e+02
6.606487132920010481e+02
6.803138596860007965e+02
6.995318122030002996e+02
7.131876936170010595e+02
7.324489414259987825e+02
7.522446880969982885e+02
7.658973661759991955e+02
7.805800683890010987e+02
8.002831933359993855e+02
8.145045480419976229e+02
8.342729762809976819e+02
8.475737582900001144e+02
8.613404794339985528e+02
8.808093830340003478e+02
9.001069183939980576e+02
9.139416835349984467e+02
9.335146711620000133e+02
9.532433327799990366e+02
9.670364890130003914e+02
9.811043133040002431e+02
9.951497209879998991e+02
1.008956804261000798e+03
1.028882410825997795e+03
1.048135117203000846e+03
1.061640519872998993e+03
1.075843241882997972e+03
1.095257681356000830e+03
1.108875579088999075e+03
1.122905658806997963e+03
1.142711024917000032e+03
1.162153262937998079e+03
1.181387914598999487e+03
1.200464234309998574e+03
1.220065398983999330e+03
1.233762212170000566e+03
1.247721255467000447e+03
1.261876426999999239e+03
1.275760884159997659e+03
1.295333552092000900e+03
1.308998674620001111e+03
1.328335399757997948e+03
1.341909647288997803e+03
1.355628470233998087e+03
1.369243543040000077e+03
1.383379696313997556e+03
1.402872386883998843e+03
1.422345609359999798e+03
1.435851414400000067e+03
1.449465123409998341e+03
1.468923400035000668e+03
1.482252717625000514e+03
1.496114387933997932e+03
1.516009757331998117e+03
1.529591940127000271e+03
1.543217772980999143e+03
1.562842202451000048e+03
1.576439757559997815e+03
1.590065567912999541e+03
1.604078341884000110e+03
1.623436265894997632e+03
1.637183617757000320e+03
1.651056222570998216e+03
1.670733504493000510e+03
1.684609260927998548e+03
1.698633359997998923e+03
1.712364558064000448e+03
1.726141877499998373e+03
1.740287115270999493e+03
1.759900648916998762e+03
1.779136479713000881e+03
1.793202660414001002e+03
1.807098075000998506e+03
1.828613810848997673e+03
1.850574349124999571e+03
1.872186748365998938e+03
1.894052774011001020e+03
1.921847224219000054e+03
1.943221743210000568e+03
1.970939434486997925e+03
1.993077295692000916e+03
2.015127438051000354e+03
2.037353538865998416e+03
2.059488243424999382e+03
2.087278553131000081e+03
2.108588037420999171e+03
2.130266050554000685e+03
2.157830007903998194e+03
2.179421462008998787e+03
2.201314745436000521e+03
2.223148910807998618e+03
2.244797096475998842e+03
2.272253621407999162e+03
2.293865129550998972e+03
2.315500402082998335e+03
2.342523954366999533e+03
2.364049879132999195e+03
2.385749158493999857e+03
2.413320520699999179e+03
2.434931645040000149e+03
2.462663117227999464e+03
2.489927281891999883e+03
2.511596073640001123e+03
2.539741609393000545e+03
2.561585344372000691e+03
2.589161512120001134e+03
2.610418717723998270e+03
2.632150287046999438e+03
2.653682814584997686e+03
2.675427818154999841e+03
2.702788274951999483e+03
2.724244343874001061e+03
2.751842867823001143e+03
2.779369990048999171e+03
2.806792903696998110e+03
2.828339225749998150e+03
2.849948005624999496e+03
2.871673083826000948e+03
2.893549373220997950e+03
2.915358190172999457e+03
2.937395553648999339e+03
2.959531016132998047e+03
2.981159629388999747e+03
3.008940081955999631e+03
3.030899063983997621e+03
3.053144670018999022e+03
3.075035921552000218e+03
3.096846501041000010e+03
3.124535907829998905e+03
3.145900618728999689e+03
3.167680850561999250e+03
3.194965539216998877e+03
3.222294172948997584e+03
3.243771584196998447e+03
3.265545066482998664e+03
3.293284547166000266e+03
3.320560359138999047e+03
3.342289149659998657e+03
3.364229606436998438e+03
3.392037878335999267e+03
3.413903773345999070e+03
3.435245466012998804e+03
3.457172686441997939e+03
3.484986087874000077e+03
3.506527344207999704e+03
3.534378631285999290e+03
3.555956250148999970e+03
3.583645755696998094e+03
3.605467617581998638e+03
3.632734121643999970e+03
3.654229175558997667e+03
3.675903182946000015e+03
3.697807895158999600e+03
3.719710459238998737e+03
3.741396533672999794e+03
3.763517079866000131e+03
3.790996269190000021e+03
3.818179937828001130e+03
3.845709355044000404e+03
3.873167693039998994e+03
3.894810562429000129e+03
3.916237836306998361e+03
3.937450855977000174e+03
3.964762763611997798e+03
3.986312318550000782e+03
4.013288510452999617e+03
4.035185173131998454e+03
4.062821887239999342e+03
4.084357966960000340e+03
4.111849794038000255e+03
4.133345419489000051e+03
4.155117956465001043e+03
4.176727709820999735e+03
