7.578485608100891113e-01
8.067853450775146484e-01
8.251953125000000000e-01
8.393735289573669434e-01
8.540943264961242676e-01
8.637514114379882812e-01
8.700448870658874512e-01
8.735532760620117188e-01
8.766276240348815918e-01
8.827040195465087891e-01
8.862485885620117188e-01
8.893952369689941406e-01
8.939163684844970703e-01
8.925781250000000000e-01
8.951099514961242676e-01
8.981842398643493652e-01
8.998119235038757324e-01
9.016565680503845215e-01
9.020181298255920410e-01
9.016203880310058594e-01
9.019820690155029297e-01
9.041883945465087891e-01
9.032480120658874512e-01
9.055266380310058594e-01
9.061053395271301270e-01
9.079861044883728027e-01
9.050202369689941406e-01
9.085648655891418457e-01
9.088180065155029297e-01
9.089264869689941406e-01
9.107711315155029297e-01
9.104456305503845215e-01
9.094691276550292969e-01
9.110966324806213379e-01
9.113498330116271973e-01
9.095775485038757324e-01
9.110603928565979004e-01
9.152199625968933105e-01
9.140625000000000000e-01
9.155815243721008301e-01
9.142071604728698730e-01
9.159793853759765625e-01
9.170284271240234375e-01
9.156539440155029297e-01
9.193069338798522949e-01
9.177878499031066895e-01
9.178240895271301270e-01
9.182581305503845215e-01
9.177878499031066895e-01
9.178603291511535645e-01
9.187282919883728027e-01
9.195240139961242676e-01
9.177517294883728027e-01
9.200304150581359863e-01
9.185474514961242676e-01
9.180410504341125488e-01
9.211516380310058594e-01
9.223089814186096191e-01
9.210069179534912109e-01
9.208261370658874512e-01
9.189814925193786621e-01
8.871837854385375977e-01
8.863674402236938477e-01
8.871217370033264160e-01
8.884134888648986816e-01
8.895915746688842773e-01
8.898396492004394531e-01
8.907593488693237305e-01
8.904493451118469238e-01
8.919581174850463867e-01
8.905320167541503906e-01
8.936114311218261719e-01
8.933738470077514648e-01
8.949859142303466797e-01
8.951719999313354492e-01
8.964636921882629395e-01
8.952132463455200195e-01
8.969700932502746582e-01
8.976625800132751465e-01
8.980756402015686035e-01
8.993158936500549316e-01
8.988095521926879883e-01
8.987683057785034180e-01
8.993262052536010742e-01
9.004732966423034668e-01
9.005456566810607910e-01
8.997190594673156738e-01
9.022920727729797363e-01
9.012587666511535645e-01
9.014240503311157227e-01
9.018271565437316895e-01
9.032737016677856445e-01
9.023024439811706543e-01
9.032324552536010742e-01
9.021680951118469238e-01
9.030671715736389160e-01
9.029225707054138184e-01
9.038318395614624023e-01
9.052682518959045410e-01
9.052682518959045410e-01
9.041418433189392090e-01
9.050616025924682617e-01
9.063533544540405273e-01
9.063223600387573242e-01
9.061467051506042480e-01
9.062706232070922852e-01
9.075521826744079590e-01
9.069113731384277344e-01
9.076657891273498535e-01
9.050098657608032227e-01
9.081514477729797363e-01
9.084509611129760742e-01
9.084305763244628906e-01
9.070559740066528320e-01
9.072834253311157227e-01
9.070353507995605469e-01
9.085751771926879883e-01
9.091229438781738281e-01
9.081719517707824707e-01
9.097945690155029297e-01
9.101769328117370605e-01
9.086991548538208008e-01
9.092571735382080078e-01
9.098669886589050293e-01
9.087818861007690430e-01
9.109828472137451172e-01
9.104250073432922363e-01
9.104353785514831543e-01
9.091435670852661133e-01
9.106935858726501465e-01
9.101665019989013672e-01
9.102492332458496094e-01
9.092469215393066406e-01
9.100529551506042480e-01
9.103112816810607910e-01
9.097325205802917480e-01
9.103009104728698730e-01
9.104765653610229492e-01
9.102492332458496094e-01
9.102079272270202637e-01
9.101666212081909180e-01
9.096911549568176270e-01
9.103733897209167480e-01
9.097737669944763184e-01
9.106419682502746582e-01
9.095361828804016113e-01
9.094949364662170410e-01
9.098462462425231934e-01
9.105592370033264160e-01
9.106006622314453125e-01
9.095672369003295898e-01
9.084925055503845215e-01
9.091331958770751953e-01
9.092159271240234375e-01
9.094742536544799805e-01
9.106522798538208008e-01
9.087198376655578613e-01
9.094740748405456543e-01
9.093605875968933105e-01
9.086785316467285156e-01
9.091745018959045410e-01
