1.220508515834808350e-01
9.739504009485244751e-02
8.620166778564453125e-02
7.947681099176406860e-02
7.203722000122070312e-02
6.845012307167053223e-02
6.502642482519149780e-02
6.239147856831550598e-02
6.120593845844268799e-02
5.916935577988624573e-02
5.704471096396446228e-02
5.604174360632896423e-02
5.446112155914306641e-02
5.457973852753639221e-02
5.351313576102256775e-02
5.232563987374305725e-02
5.148240923881530762e-02
5.067830905318260193e-02
5.006596073508262634e-02
4.970513284206390381e-02
4.936485365033149719e-02
4.858211800456047058e-02
4.838712885975837708e-02
4.800710082054138184e-02
4.713636264204978943e-02
4.705705866217613220e-02
4.651351273059844971e-02
4.574567079544067383e-02
4.523212090134620667e-02
4.547942057251930237e-02
4.512451216578483582e-02
4.530075192451477051e-02
4.444469138979911804e-02
4.428859427571296692e-02
4.360229894518852234e-02
4.378392174839973450e-02
4.341101273894309998e-02
4.270548000931739807e-02
4.256546497344970703e-02
4.247617349028587341e-02
4.192937538027763367e-02
4.156281426548957825e-02
4.149096086621284485e-02
4.189262166619300842e-02
4.036641493439674377e-02
4.071002453565597534e-02
4.087608680129051208e-02
4.027722775936126709e-02
4.061677679419517517e-02
4.022151604294776917e-02
4.027028009295463562e-02
3.920125961303710938e-02
3.931041061878204346e-02
3.823300451040267944e-02
3.940660133957862854e-02
3.846943750977516174e-02
3.825236856937408447e-02
3.788353502750396729e-02
3.774324432015419006e-02
3.751401975750923157e-02
3.845338895916938782e-02
4.304809123277664185e-02
4.251424223184585571e-02
4.173886030912399292e-02
4.088648036122322083e-02
4.042420163750648499e-02
3.960811346769332886e-02
3.908856585621833801e-02
3.852329403162002563e-02
3.799076750874519348e-02
3.757002949714660645e-02
3.674019873142242432e-02
3.654465079307556152e-02
3.577880188822746277e-02
3.525810688734054565e-02
3.446035459637641907e-02
3.453638032078742981e-02
3.379937633872032166e-02
3.355402499437332153e-02
3.282544016838073730e-02
3.251856938004493713e-02
3.225108236074447632e-02
3.199443593621253967e-02
3.160516172647476196e-02
3.111110441386699677e-02
3.044077008962631226e-02
3.032399900257587433e-02
2.955057285726070404e-02
2.943211421370506287e-02
2.912822738289833069e-02
2.896169759333133698e-02
2.836693823337554932e-02
2.789406292140483856e-02
2.781234681606292725e-02
2.747790329158306122e-02
2.703155577182769775e-02
2.710667438805103302e-02
2.646417915821075439e-02
2.634759433567523956e-02
2.582640014588832855e-02
2.548686973750591278e-02
2.505860663950443268e-02
2.508250065147876740e-02
2.465936355292797089e-02
2.437184005975723267e-02
2.434349432587623596e-02
2.376809716224670410e-02
2.375213615596294403e-02
2.325573191046714783e-02
2.334217354655265808e-02
2.278856188058853149e-02
2.272232808172702789e-02
2.247263304889202118e-02
2.225124463438987732e-02
2.195010520517826080e-02
2.186639048159122467e-02
2.169978059828281403e-02
2.108546532690525055e-02
2.080364711582660675e-02
2.067667990922927856e-02
2.048940956592559814e-02
2.048052847385406494e-02
2.034526132047176361e-02
1.984655484557151794e-02
1.998889073729515076e-02
1.957890018820762634e-02
1.928706653416156769e-02
1.939863339066505432e-02
1.923653483390808105e-02
1.897854916751384735e-02
1.884923316538333893e-02
1.873552054166793823e-02
1.849693246185779572e-02
1.815843209624290466e-02
1.797060295939445496e-02
1.823288202285766602e-02
1.767185144126415253e-02
1.751827448606491089e-02
1.741507276892662048e-02
1.708412729203701019e-02
1.712888851761817932e-02
1.688014529645442963e-02
1.691882871091365814e-02
1.667396724224090576e-02
1.693372987210750580e-02
1.639471389353275299e-02
1.616610959172248840e-02
1.588829793035984039e-02
1.580888964235782623e-02
1.592402532696723938e-02
1.577024161815643311e-02
1.581269875168800354e-02
1.547636277973651886e-02
1.528068631887435913e-02
1.512727886438369751e-02
1.475932355970144272e-02
1.484843809157609940e-02
1.467262674123048782e-02
1.448249630630016327e-02
1.467313617467880249e-02
1.442394498735666275e-02
