4.579970240592956543e-02
4.135294258594512939e-02
3.985569998621940613e-02
3.970563784241676331e-02
3.820112347602844238e-02
3.758971393108367920e-02
3.777353465557098389e-02
3.703610599040985107e-02
3.623145073652267456e-02
3.691709414124488831e-02
3.622496500611305237e-02
3.536521270871162415e-02
3.579724207520484924e-02
3.636910766363143921e-02
3.502947464585304260e-02
3.448556736111640930e-02
3.495184704661369324e-02
3.467390686273574829e-02
3.543248772621154785e-02
3.535653650760650635e-02
4.988585412502288818e-02
4.214080423116683960e-02
3.980072587728500366e-02
3.810691088438034058e-02
3.740980103611946106e-02
3.665777295827865601e-02
3.564797341823577881e-02
3.576846048235893250e-02
3.557695448398590088e-02
3.451748937368392944e-02
3.422100841999053955e-02
3.462430834770202637e-02
3.425478190183639526e-02
3.388501331210136414e-02
3.339811414480209351e-02
3.352798148989677429e-02
3.298459574580192566e-02
3.321722522377967834e-02
3.368997946381568909e-02
3.290870040655136108e-02
3.312917798757553101e-02
3.235321119427680969e-02
3.256210684776306152e-02
3.197357431054115295e-02
3.240085020661354065e-02
3.256195411086082458e-02
3.181724250316619873e-02
3.212924301624298096e-02
3.219064325094223022e-02
3.241242840886116028e-02
3.168587014079093933e-02
3.177030012011528015e-02
3.160697594285011292e-02
3.181699663400650024e-02
3.174472227692604065e-02
3.132946789264678955e-02
3.096042945981025696e-02
3.147278726100921631e-02
3.168209642171859741e-02
3.077844344079494476e-02
3.143992274999618530e-02
3.135678917169570923e-02
3.076629899442195892e-02
3.107769228518009186e-02
3.040618821978569031e-02
3.061688877642154694e-02
3.026532381772994995e-02
3.093639761209487915e-02
3.084476664662361145e-02
3.070380166172981262e-02
3.143759071826934814e-02
4.391278326511383057e-02
3.931492194533348083e-02
3.753668814897537231e-02
3.651408106088638306e-02
3.572875261306762695e-02
3.495315462350845337e-02
3.434240445494651794e-02
3.452823311090469360e-02
3.402837365865707397e-02
3.399971500039100647e-02
3.368024528026580811e-02
3.297282382845878601e-02
3.295931965112686157e-02
3.299586102366447449e-02
3.274915367364883423e-02
3.298684209585189819e-02
3.254251927137374878e-02
3.207258880138397217e-02
3.159716725349426270e-02
3.226400911808013916e-02
3.184045106172561646e-02
3.152060136198997498e-02
3.202586621046066284e-02
3.240980207920074463e-02
4.284430667757987976e-02
3.800319135189056396e-02
3.693777695298194885e-02
3.636402636766433716e-02
3.600176796317100525e-02
3.402209281921386719e-02
3.405341506004333496e-02
3.416965156793594360e-02
3.379004821181297302e-02
3.359546512365341187e-02
3.328640386462211609e-02
3.325717523694038391e-02
3.216859325766563416e-02
3.262997791171073914e-02
3.213568031787872314e-02
3.257298097014427185e-02
3.225140273571014404e-02
3.220728412270545959e-02
3.189616650342941284e-02
3.116619400680065155e-02
3.093324415385723114e-02
3.090092726051807404e-02
3.085407242178916931e-02
3.052417188882827759e-02
3.057524189352989197e-02
3.070886619389057159e-02
3.074010834097862244e-02
3.062186017632484436e-02
3.084643557667732239e-02
3.093381412327289581e-02
3.079461492598056793e-02
3.037067875266075134e-02
3.057799488306045532e-02
3.048844821751117706e-02
3.060476109385490417e-02
3.090058825910091400e-02
