6.746008247137069702e-02
4.635317623615264893e-02
4.616389423608779907e-02
4.611283540725708008e-02
4.620132595300674438e-02
4.619016498327255249e-02
4.619576409459114075e-02
4.611877351999282837e-02
4.617182537913322449e-02
4.603439569473266602e-02
4.613862186670303345e-02
4.610040411353111267e-02
4.613349214196205139e-02
4.622816294431686401e-02
4.412078484892845154e-02
4.396981000900268555e-02
4.398239776492118835e-02
4.399269446730613708e-02
4.357849061489105225e-02
2.661482430994510651e-02
1.505752466619014740e-02
1.023538224399089813e-02
6.272779311984777451e-03
4.694468341767787933e-03
3.902185941115021706e-03
3.438402200117707253e-03
3.019357332959771156e-03
2.737053437158465385e-03
2.513603772968053818e-03
2.494353102520108223e-03
2.432514680549502373e-03
2.393034752458333969e-03
2.132002729922533035e-03
2.131376415491104126e-03
2.009802032262086868e-03
1.922821626067161560e-03
1.895542372949421406e-03
1.851734123192727566e-03
1.849836087785661221e-03
1.715895836241543293e-03
1.821339246816933155e-03
1.789375673979520798e-03
1.757938065566122532e-03
1.686615054495632648e-03
1.609034836292266846e-03
1.597807393409311771e-03
1.696309191174805164e-03
1.567621948197484016e-03
1.583137665875256062e-03
1.519210520200431347e-03
1.479225815273821354e-03
1.517473952844738960e-03
1.414878759533166885e-03
1.430003787390887737e-03
1.484881271608173847e-03
1.433462952263653278e-03
1.550378277897834778e-03
