8.500158190727233887e-01
8.687026500701904297e-01
8.697441220283508301e-01
8.679767251014709473e-01
8.685132265090942383e-01
8.688921332359313965e-01
8.675190210342407227e-01
8.672192692756652832e-01
8.669508099555969238e-01
8.660669326782226562e-01
8.662088513374328613e-01
8.671558499336242676e-01
8.663825988769531250e-01
8.671559691429138184e-01
8.671243190765380859e-01
8.665877580642700195e-01
8.670138120651245117e-01
8.663036227226257324e-01
8.666826486587524414e-01
8.673927187919616699e-01
8.675663471221923828e-01
8.684343695640563965e-01
8.684657812118530273e-01
8.691604137420654297e-01
8.685921430587768555e-01
8.688446283340454102e-01
8.694127798080444336e-01
8.694915771484375000e-01
8.691918253898620605e-01
8.687499761581420898e-01
8.690342307090759277e-01
8.687817454338073730e-01
8.683869838714599609e-01
8.693655133247375488e-01
8.690972328186035156e-01
8.688130974769592285e-01
8.688447475433349609e-01
8.685764074325561523e-01
8.680239319801330566e-01
8.696339726448059082e-01
8.694287538528442383e-01
8.684815764427185059e-01
8.694285750389099121e-01
8.691919445991516113e-01
8.684975504875183105e-01
8.673926591873168945e-01
8.673295974731445312e-01
8.682293295860290527e-01
8.665876984596252441e-01
8.668558001518249512e-01
8.678662180900573730e-01
8.668403029441833496e-01
8.673137426376342773e-01
8.688605427742004395e-01
8.690656423568725586e-01
8.694759607315063477e-01
8.656882643699645996e-01
8.652620315551757812e-01
8.648989796638488770e-01
8.643782138824462891e-01
8.650882244110107422e-01
8.644885420799255371e-01
8.657352924346923828e-01
8.643466830253601074e-01
8.651831150054931641e-01
8.648200035095214844e-01
8.643940091133117676e-01
8.647411465644836426e-01
8.647252917289733887e-01
8.641572594642639160e-01
8.654671311378479004e-01
8.644571304321289062e-01
8.651515841484069824e-01
8.650724887847900391e-01
8.647252321243286133e-01
8.649307489395141602e-01
8.646622300148010254e-01
8.650250434875488281e-01
8.650253415107727051e-01
8.645833134651184082e-01
8.647094964981079102e-01
8.645676970481872559e-01
8.388294577598571777e-01
8.394443988800048828e-01
8.388442397117614746e-01
8.392708897590637207e-01
8.396180868148803711e-01
8.400049805641174316e-01
8.398414254188537598e-01
8.395184278488159180e-01
8.394196629524230957e-01
8.403128385543823242e-01
