7.205244899999797781e+00
1.405001270000002478e+01
2.069256429999995817e+01
2.725640369999973700e+01
3.392713060000005498e+01
4.050926479999998264e+01
4.708019579999972848e+01
5.356669299999975919e+01
6.040760789999967528e+01
6.697762369999963994e+01
7.351791679999996632e+01
8.033058619999974326e+01
8.661828819999982443e+01
9.352810329999965688e+01
1.005721078999999918e+02
1.071565513000000465e+02
1.138012280999996619e+02
1.205292119999999159e+02
1.271044335999999930e+02
1.337045255999996698e+02
1.403939092000000528e+02
1.469233555999999226e+02
1.535622545999999602e+02
1.602045402999997350e+02
1.667591244999998707e+02
1.733861179999998967e+02
1.800518675999996958e+02
1.866094917000000351e+02
1.932739667999999256e+02
1.999549692999999024e+02
2.063981485999997858e+02
2.130113260999996783e+02
2.201180543000000398e+02
2.266914085999997042e+02
2.335807218999998440e+02
2.404981973999997535e+02
2.471870420000000195e+02
2.542528737999996338e+02
2.611717605999997431e+02
2.676851722999999765e+02
2.744152319999998326e+02
2.818838885999998638e+02
2.881722121999996489e+02
2.951670805999997356e+02
3.019167453999998543e+02
3.086299748999999792e+02
3.151664071000000149e+02
3.220135675999999876e+02
3.287149054999999862e+02
3.354947067999996762e+02
3.421529181999999309e+02
3.486599369000000479e+02
3.558388434999997116e+02
3.629302985999997873e+02
3.697221591999996235e+02
3.766715445999998337e+02
3.836497033000000556e+02
3.906509991999996600e+02
3.975244413999998869e+02
4.047548127999998542e+02
4.116024495999999999e+02
4.186484596000000238e+02
4.255977210999999443e+02
4.323101868999997350e+02
4.392517100000000028e+02
4.457477392999999211e+02
4.525133064999999988e+02
4.592139835999996649e+02
4.658664203999996971e+02
4.724389265999998315e+02
4.792380763999999544e+02
4.863605420999997477e+02
4.931745177999996486e+02
4.998787702999998146e+02
5.070120016999999280e+02
5.137474617999996553e+02
5.206407672999998795e+02
5.274927545999998983e+02
5.346504144999998971e+02
5.425961968999999954e+02
5.495810056999998778e+02
5.563096652999997787e+02
5.755430130999998255e+02
5.940312877999999728e+02
6.132792832999998609e+02
6.335073377999997319e+02
6.523611139999998159e+02
6.722402861000000485e+02
6.906904488000000129e+02
7.092493626999998924e+02
7.275945464999999786e+02
7.461449350999996568e+02
