8.755050897598266602e-01
8.743293881416320801e-01
8.741949796676635742e-01
8.745578527450561523e-01
8.741320967674255371e-01
8.743998408317565918e-01
9.037245512008666992e-01
9.398598670959472656e-01
9.463462233543395996e-01
9.566600918769836426e-01
9.607717990875244141e-01
9.622001647949218750e-01
9.634388089179992676e-01
9.635576009750366211e-01
9.637070894241333008e-01
9.634550213813781738e-01
9.646853208541870117e-01
9.645435214042663574e-01
9.643542766571044922e-01
9.650017023086547852e-01
9.644569158554077148e-01
9.647805094718933105e-01
9.646463990211486816e-01
9.656646847724914551e-01
9.652540683746337891e-01
9.637462496757507324e-01
9.328174591064453125e-01
9.405490756034851074e-01
9.427901506423950195e-01
9.444536566734313965e-01
9.458853602409362793e-01
9.465618729591369629e-01
9.475723505020141602e-01
9.482116103172302246e-01
9.490396380424499512e-01
9.488542675971984863e-01
9.497562050819396973e-01
9.494795203208923340e-01
9.505483508110046387e-01
9.502996802330017090e-01
9.500166773796081543e-01
9.503493905067443848e-01
9.517686963081359863e-01
9.511385560035705566e-01
9.512079954147338867e-01
9.519765973091125488e-01
9.515181183815002441e-01
9.525595307350158691e-01
9.522225260734558105e-01
9.526343941688537598e-01
9.529117941856384277e-01
9.525250196456909180e-01
9.528900384902954102e-01
9.528747797012329102e-01
9.529833793640136719e-01
9.531353712081909180e-01
9.530502557754516602e-01
9.535360336303710938e-01
9.534897208213806152e-01
9.536529779434204102e-01
9.532141089439392090e-01
9.532651305198669434e-01
9.536609053611755371e-01
9.534599184989929199e-01
9.537644982337951660e-01
9.535043835639953613e-01
