1.465943499999999844e+01
2.551490439999999893e+01
3.653672329999999846e+01
4.743785969999999708e+01
5.844369050000000243e+01
6.939867480000000910e+01
8.042676750000001107e+01
9.141282469999998739e+01
1.023470222999999919e+02
1.133406359999999893e+02
1.243357817000000125e+02
1.352511351999999931e+02
1.462070760000000007e+02
1.571618486000000132e+02
1.680682062000000201e+02
1.790188549000000080e+02
1.899637528000000088e+02
2.009208366000000012e+02
2.119048095999999930e+02
2.228510646000000008e+02
2.338660987000000091e+02
2.448287524000000133e+02
2.557847756999999831e+02
2.667332186999999522e+02
2.777347692999999822e+02
2.887054085999999984e+02
3.206563903999999638e+02
3.526331386999999609e+02
3.847689807999999516e+02
4.167585044999999582e+02
4.488940309999999840e+02
4.810272700999999529e+02
5.130853502999999591e+02
5.450804115999999340e+02
5.771972005999999737e+02
6.091765685999999960e+02
6.413176400999999487e+02
6.734836367000000337e+02
7.056786041999999952e+02
7.377561055999999553e+02
7.699110742000000300e+02
8.020838831999999456e+02
8.340979555999999775e+02
8.662419353999999885e+02
8.985010862999999972e+02
9.305769240999999283e+02
9.627482193999999254e+02
9.948150554000000056e+02
1.026883214100000032e+03
1.058934890100000075e+03
1.091248365700000022e+03
1.123261864300000070e+03
1.155521890100000064e+03
1.187471289000000070e+03
1.219531793399999970e+03
1.251560879899999918e+03
1.283722058199999992e+03
1.315732892699999866e+03
1.347765493999999990e+03
1.380013593599999922e+03
1.412055560300000025e+03
1.444142195500000071e+03
1.476220068399999946e+03
1.508326222099999995e+03
1.540497586499999898e+03
1.572490072199999986e+03
