7.136606574058532715e-01
9.399253129959106445e-01
9.524183869361877441e-01
9.489061236381530762e-01
9.507409930229187012e-01
9.534533619880676270e-01
9.573961496353149414e-01
9.606160521507263184e-01
9.630897045135498047e-01
9.659153819084167480e-01
9.680122137069702148e-01
9.700799584388732910e-01
9.717783331871032715e-01
9.733533859252929688e-01
9.751855134963989258e-01
9.760153293609619141e-01
9.774943590164184570e-01
9.788857698440551758e-01
9.791686534881591797e-01
9.802573919296264648e-01
9.812836647033691406e-01
9.821722507476806641e-01
9.824801683425903320e-01
9.836872220039367676e-01
9.842164516448974609e-01
9.847159981727600098e-01
9.855974316596984863e-01
9.857972264289855957e-01
9.858343601226806641e-01
9.865482449531555176e-01
9.873486757278442383e-01
9.878830313682556152e-01
9.879004955291748047e-01
9.882797002792358398e-01
9.884422421455383301e-01
9.889369606971740723e-01
9.893583059310913086e-01
9.894964694976806641e-01
9.897500276565551758e-01
9.899570345878601074e-01
9.901439547538757324e-01
