1.191506899999999902e+01
1.997702170000000166e+01
2.745610909999999905e+01
3.587482899999999830e+01
4.357200799999999674e+01
5.113217929999999711e+01
5.858936029999999562e+01
6.568284760000000233e+01
7.318213160000000528e+01
8.044180850000000760e+01
8.771739630000000432e+01
9.621447240000000534e+01
1.035037659999999988e+02
1.106984162000000111e+02
1.184403465999999980e+02
1.256931324000000103e+02
1.328570663000000138e+02
1.402106531000000018e+02
1.473848215000000152e+02
1.542786083000000019e+02
1.611201899000000139e+02
1.675377501000000109e+02
1.740281336000000181e+02
1.807173366000000101e+02
1.871547337000000084e+02
1.933793232000000160e+02
2.000935746000000108e+02
2.065515876999999989e+02
2.129580731000000071e+02
2.192500076999999976e+02
2.257678520000000049e+02
2.320775902999999971e+02
2.385325308000000177e+02
2.449931665999999950e+02
2.510128330000000005e+02
2.576213908999999944e+02
2.637515453000000321e+02
2.699814451999999960e+02
2.764834721999999942e+02
2.827208846999999992e+02
2.891970916999999872e+02
2.959355851999999913e+02
3.020051574999999957e+02
3.085484645999999884e+02
3.151596986000000129e+02
3.216198430000000030e+02
3.278550855999999953e+02
3.341665861000000177e+02
3.404581663999999819e+02
3.466360101000000213e+02
3.529456033999999818e+02
3.589136647000000266e+02
3.651266608999999903e+02
3.714147108000000230e+02
3.777520281000000182e+02
3.839655667999999764e+02
3.900029834000000051e+02
3.964099322999999799e+02
4.023752111000000014e+02
4.084637351000000081e+02
4.149637050000000045e+02
4.208935759999999959e+02
4.275047011999999995e+02
4.336571784999999863e+02
4.398021173999999860e+02
4.459887947000000281e+02
4.521789125000000240e+02
4.584420365999999945e+02
4.646890837999999917e+02
4.710567116000000283e+02
4.773959133999999835e+02
4.840438264000000004e+02
4.903920883999999774e+02
4.967171010999999794e+02
5.028936107000000106e+02
5.093772369000000140e+02
5.156537769999999909e+02
5.221725366999999096e+02
5.286569698999999218e+02
5.353562657999999601e+02
5.420565619999999853e+02
5.483741017999999485e+02
5.548791580999999269e+02
5.612447039999999561e+02
5.675677185999999210e+02
5.736249695999999858e+02
5.800267876999999999e+02
5.866554504999999153e+02
5.928957659999999805e+02
5.991386781999999585e+02
6.054001571999999669e+02
6.115183999999999287e+02
6.178011607999999342e+02
6.239213235999999370e+02
6.299695286999999553e+02
6.362803083999999672e+02
6.422581960999999637e+02
6.485502895999999282e+02
6.549956568999999718e+02
6.614255073999999013e+02
6.799228702999999996e+02
6.985202019999999266e+02
7.175937984999999344e+02
7.361950718999999026e+02
7.551821429999999964e+02
7.741982845999999654e+02
7.927945571999999856e+02
8.119975868999999875e+02
8.305439611999998988e+02
8.496454347999999754e+02
8.685191856999999800e+02
8.868899956999999858e+02
9.051298944999999776e+02
9.243099740999999767e+02
9.429686206999999740e+02
9.614073420999999371e+02
9.803686200999999301e+02
9.992385058999999501e+02
1.017887172899999996e+03
1.036674909600000092e+03
1.055188490300000012e+03
1.074094030700000076e+03
1.093289550500000132e+03
1.111983979600000112e+03
1.130437571800000114e+03
1.150010446900000034e+03
1.169118735600000036e+03
1.188014750400000139e+03
1.207069684000000052e+03
1.226565824199999952e+03
1.246578396099999964e+03
1.265434390600000143e+03
1.283972566500000084e+03
1.301912537300000167e+03
1.319907027200000130e+03
1.337817908299999999e+03
1.355637072400000079e+03
1.373599662999999964e+03
1.391627687200000082e+03
1.409443250700000135e+03
1.427230687300000000e+03
1.445197271400000091e+03
1.462976992200000041e+03
1.480759231000000000e+03
1.498673609299999953e+03
1.516720797599999969e+03
1.534243359300000066e+03
1.551992685200000096e+03
1.570035259799999949e+03
1.587917760799999996e+03
1.605732112900000175e+03
1.623544661800000085e+03
1.641436310700000149e+03
1.659398875600000110e+03
1.677205664500000012e+03
1.695067750700000033e+03
1.712912863600000037e+03
1.730910288199999968e+03
1.748786779600000045e+03
1.766727823000000171e+03
1.784764462800000047e+03
1.802637415500000088e+03
1.820893408200000067e+03
1.838902062399999977e+03
1.856837325400000054e+03
1.874710332999999991e+03
1.892895726200000126e+03
1.910652234399999998e+03
1.928932413900000029e+03
1.946823214499999949e+03
1.964564284199999975e+03
1.982629749800000127e+03
2.000545935099999951e+03
2.018296668899999986e+03
2.035776624900000115e+03
2.053865629699999772e+03
2.071380850099999861e+03
2.089971394799999871e+03
2.107678038699999888e+03
2.125244891699999698e+03
2.143363315599999623e+03
2.161675975399999970e+03
2.179587545999999747e+03
2.197716827199999898e+03
2.215495710299999701e+03
2.233100505099999737e+03
2.251873318599999948e+03
2.270030483900000036e+03
2.287976202499999999e+03
2.306067265799999859e+03
2.324224239099999977e+03
