1.506593078374862671e-01
9.552612900733947754e-02
6.443607807159423828e-02
4.513155296444892883e-02
3.540737181901931763e-02
3.080722503364086151e-02
2.793543972074985504e-02
2.670567482709884644e-02
2.552641555666923523e-02
2.514697611331939697e-02
2.490994147956371307e-02
2.453934028744697571e-02
2.408778294920921326e-02
2.414978481829166412e-02
2.385950461030006409e-02
2.351477555930614471e-02
2.328781411051750183e-02
2.308906614780426025e-02
2.298030257225036621e-02
2.272086404263973236e-02
2.275125496089458466e-02
2.242544293403625488e-02
2.246361412107944489e-02
2.233839593827724457e-02
2.225447818636894226e-02
2.205223217606544495e-02
2.199477702379226685e-02
2.181697078049182892e-02
2.187174931168556213e-02
2.170012146234512329e-02
2.156541123986244202e-02
2.154747582972049713e-02
2.124716527760028839e-02
2.124497666954994202e-02
2.097737975418567657e-02
2.110200002789497375e-02
2.106240205466747284e-02
2.104827575385570526e-02
2.088299393653869629e-02
2.075094729661941528e-02
2.063443884253501892e-02
2.090452797710895538e-02
2.053102664649486542e-02
2.073145098984241486e-02
2.035373821854591370e-02
2.037388272583484650e-02
2.033466845750808716e-02
2.025707624852657318e-02
2.026990242302417755e-02
2.012683264911174774e-02
2.014678902924060822e-02
2.016895078122615814e-02
2.008756063878536224e-02
2.006674930453300476e-02
2.001978456974029541e-02
1.993460208177566528e-02
1.995086297392845154e-02
1.981681026518344879e-02
1.994437165558338165e-02
1.987255737185478210e-02
1.993099413812160492e-02
1.962634176015853882e-02
1.948162727057933807e-02
1.969463750720024109e-02
1.962506584823131561e-02
1.953605562448501587e-02
1.959054544568061829e-02
1.965303160250186920e-02
3.215003386139869690e-02
3.060731664299964905e-02
2.966033108532428741e-02
2.906968258321285248e-02
2.875951491296291351e-02
2.822706848382949829e-02
2.788392454385757446e-02
2.775546535849571228e-02
2.734851092100143433e-02
2.723387256264686584e-02
2.697444334626197815e-02
2.677763067185878754e-02
2.669588290154933929e-02
2.649825811386108398e-02
2.645190618932247162e-02
2.612134069204330444e-02
2.607255615293979645e-02
2.604612149298191071e-02
2.580834552645683289e-02
2.584957331418991089e-02
2.555765211582183838e-02
2.561214752495288849e-02
2.546872571110725403e-02
2.545670047402381897e-02
2.522807195782661438e-02
2.527818083763122559e-02
2.528723888099193573e-02
2.512416057288646698e-02
2.514265291392803192e-02
2.499766275286674500e-02
2.480605989694595337e-02
2.485666796565055847e-02
2.490856125950813293e-02
2.473410218954086304e-02
2.473662234842777252e-02
2.472826279699802399e-02
2.462843246757984161e-02
2.465984970331192017e-02
2.467213571071624756e-02
