1.035788247999989835e+02
2.057236417999993137e+02
3.076917890999975498e+02
4.103277060000000347e+02
5.127384409999976924e+02
6.151997785999992630e+02
7.181973405999997340e+02
8.200166381999988516e+02
9.226969185999987531e+02
1.025102119099999982e+03
1.126979354399998556e+03
1.230249341599999752e+03
1.332297737199998664e+03
1.434995986199999606e+03
1.536968416099996830e+03
1.640458494499998778e+03
1.742929887899997993e+03
1.845567087599996739e+03
1.948530595299998822e+03
2.051123821999997745e+03
2.153278752599999279e+03
2.255071490499998617e+03
2.357024119399997289e+03
2.458418046699996921e+03
2.560250896499997907e+03
2.662698684499999217e+03
2.764485172499997134e+03
2.866907976700000290e+03
2.968630005899998650e+03
3.070328270400001202e+03
3.172960784599999897e+03
3.274523168699997768e+03
3.376830958599995938e+03
3.479007664500000828e+03
3.581229286699999648e+03
3.683481816100000287e+03
3.785590634100000898e+03
3.887133475999995426e+03
3.989348032299996703e+03
4.091506798900001741e+03
4.193863595700000587e+03
4.296300363199996355e+03
4.398826428899999883e+03
4.501766822300000058e+03
4.603664641499999561e+03
4.706998858899998595e+03
4.808713482099999965e+03
4.910779414699994959e+03
5.013896776199995656e+03
5.116161934999996447e+03
5.218871292099996936e+03
5.321112460399999691e+03
5.422957450599998992e+03
5.525580357799997728e+03
5.628257288599997992e+03
5.730932687200001965e+03
5.832770335900000646e+03
5.935429301600001054e+03
6.038033439699996961e+03
6.137930735399997502e+03
6.240041636499998276e+03
6.340958161199996539e+03
6.441337089599997853e+03
6.542762705699999060e+03
6.643525583499998902e+03
6.744262269099999685e+03
6.845993697199999588e+03
6.946860434099995473e+03
7.372122903700001189e+03
7.797774155599996448e+03
8.223026923400000669e+03
8.648759801000000152e+03
9.075965411799996218e+03
9.504007414100000460e+03
9.931465598199996748e+03
1.035853984599999967e+04
1.078605721249999624e+04
1.121300509790000069e+04
1.164254010749999725e+04
1.207155765070000052e+04
1.250242180319999898e+04
1.293453324089999660e+04
1.336460098289999587e+04
1.379651658689999749e+04
1.423058239920000051e+04
1.466308043170000019e+04
1.509612634329999855e+04
1.552885087199999543e+04
1.596332312529999763e+04
1.639767423540000163e+04
1.683370244010000170e+04
1.726930440580000140e+04
1.770680481599999621e+04
1.814404088339999726e+04
1.858349636849999661e+04
1.902129953169999499e+04
1.946074212969999644e+04
1.989927916629999527e+04
2.033893556050000188e+04
2.077785742829999799e+04
2.121695836620000046e+04
2.165711049519999506e+04
2.209518457099999796e+04
2.253591425190000155e+04
2.297763531720000174e+04
2.342119816049999645e+04
2.386428975179999543e+04
