8.276202678680419922e-01
9.132579565048217773e-01
9.222538471221923828e-01
9.250314831733703613e-01
9.294351339340209961e-01
9.300346970558166504e-01
9.311077594757080078e-01
9.349119067192077637e-01
9.368684291839599609e-01
9.364114403724670410e-01
9.381466507911682129e-01
9.398989081382751465e-01
9.405459165573120117e-01
9.402304291725158691e-01
9.411458969116210938e-01
9.421400427818298340e-01
9.422822594642639160e-01
9.432290792465209961e-01
9.440816640853881836e-01
9.431977868080139160e-01
9.427713751792907715e-01
9.437027573585510254e-01
9.462593197822570801e-01
9.457231760025024414e-01
9.457702636718750000e-01
9.446973800659179688e-01
9.458653330802917480e-01
9.464648962020874023e-01
9.462913274765014648e-01
9.477115869522094727e-01
9.461491107940673828e-01
9.468121528625488281e-01
9.463858604431152344e-01
9.478534460067749023e-01
9.475851058959960938e-01
9.475538134574890137e-01
9.481696486473083496e-01
9.473169445991516113e-01
9.487061500549316406e-01
9.476954340934753418e-01
9.482960104942321777e-01
9.476951360702514648e-01
9.487848877906799316e-01
9.484065175056457520e-01
9.489111900329589844e-01
9.479643106460571289e-01
9.488632678985595703e-01
9.478538036346435547e-01
9.497955441474914551e-01
9.498423337936401367e-01
9.488958716392517090e-01
9.485638141632080078e-01
9.500001668930053711e-01
9.487379193305969238e-01
9.118409156799316406e-01
9.129813909530639648e-01
9.136767387390136719e-01
9.143460392951965332e-01
9.147130250930786133e-01
9.147668480873107910e-01
9.149314761161804199e-01
9.157895445823669434e-01
9.155213236808776855e-01
9.164036512374877930e-01
9.166175127029418945e-01
9.168401956558227539e-01
9.169297814369201660e-01
9.181064367294311523e-01
9.183242321014404297e-01
9.177490472793579102e-01
9.179968237876892090e-01
9.187350273132324219e-01
9.184828996658325195e-01
9.203824996948242188e-01
9.202833771705627441e-01
9.208734035491943359e-01
9.202477335929870605e-01
9.196781516075134277e-01
9.206415414810180664e-01
9.208691120147705078e-01
9.203531146049499512e-01
9.205459356307983398e-01
9.205610156059265137e-01
9.208144545555114746e-01
