5.685833399999864923e+00
9.053572900000062873e+00
1.276756879999993544e+01
1.649207139999998617e+01
2.012361310000005687e+01
2.431376249999993888e+01
2.809306229999992865e+01
3.183969189999993432e+01
3.521029610000005050e+01
3.900237199999992299e+01
4.273257169999988037e+01
4.640178670000000238e+01
5.014849039999990055e+01
5.422389750000002095e+01
5.794133499999998094e+01
6.125152170000001206e+01
6.503213499999992564e+01
6.878878620000000410e+01
7.251152909999996155e+01
7.683472269999992932e+01
8.033589299999994182e+01
8.471602460000008250e+01
8.810139320000007501e+01
9.225793769999995675e+01
9.562814619999994648e+01
9.939319069999987732e+01
1.034392616000000089e+02
1.068935566999998628e+02
1.106347034000000349e+02
1.142895192999999381e+02
1.179818752999999560e+02
1.221572112999997444e+02
1.258865402999999787e+02
1.293096027999999933e+02
1.330630419999997684e+02
1.367490668999998888e+02
1.404537362000000940e+02
1.446423294999999598e+02
1.479617612000001827e+02
1.516641923000001952e+02
1.557599724000001515e+02
1.602656302999998843e+02
1.639081759999999122e+02
1.683494347000000744e+02
1.724274672999999893e+02
1.764731038999998418e+02
1.805983394999998382e+02
1.846516308999998728e+02
1.883224451000000954e+02
1.928386900999998943e+02
1.969138613000000078e+02
2.009985412000000906e+02
2.050749393000000964e+02
2.087394066000001658e+02
2.131709848000000420e+02
2.172504054999999425e+02
2.213735028000000966e+02
2.254518020999998953e+02
2.295659110000001419e+02
2.336884058999999070e+02
2.373683795000001737e+02
2.417996404999998958e+02
2.458797813000001042e+02
2.504316773000000467e+02
2.545280929999998989e+02
2.586308125999998992e+02
2.627554949000000306e+02
2.668832348000000820e+02
2.705985022999998364e+02
2.750414252999999007e+02
2.791587344999998095e+02
2.832613670999999158e+02
2.873432843000000503e+02
2.915218052000000171e+02
2.952919185999999172e+02
2.998121642000000975e+02
3.039328003000000535e+02
3.080823669999999765e+02
3.122828608999998323e+02
3.163914221999998517e+02
3.205434746000000814e+02
3.246916056000000026e+02
3.288527650999999423e+02
3.330503896999998688e+02
3.372172295000000304e+02
3.413166618999998718e+02
3.459348893000001226e+02
3.497013357999999243e+02
3.542483551000000261e+02
3.584401711999998952e+02
3.626158252999998695e+02
3.667629750999999487e+02
3.708938680999999633e+02
3.750467677000001459e+02
3.792336698999997679e+02
3.833653448000000026e+02
3.875218936000001122e+02
3.917032034999997450e+02
3.958831832000000759e+02
4.078074164999998175e+02
4.212419184000000314e+02
4.333628186000000824e+02
4.460778093999997509e+02
4.597372835000001032e+02
4.723677520000001095e+02
4.849945855999999367e+02
4.977035378000000492e+02
5.103764092999999775e+02
5.230202011000001221e+02
5.356337328999998135e+02
5.477767383000000336e+02
5.614377543999999034e+02
5.736658852000000479e+02
5.869405022999999346e+02
5.996505444999997962e+02
6.122486076000000139e+02
6.249588230999997904e+02
6.376487186999997903e+02
6.503675118000001021e+02
6.629869478999999046e+02
6.755652012000000468e+02
6.887758147999998073e+02
7.009371280999998817e+02
7.141517404000001079e+02
7.268355040999999801e+02
7.394906728000000840e+02
7.522142783999997846e+02
7.648841124000000491e+02
7.769208036999998512e+02
7.901905756999999539e+02
8.027035286000000269e+02
8.153966606999997566e+02
8.279637718999997560e+02
8.411499533000001065e+02
8.537698454999999740e+02
8.664428818000001229e+02
8.786705868999997620e+02
8.919237583999997696e+02
9.044200983999999153e+02
9.169993346999999630e+02
9.304103316999999151e+02
9.430335218000000168e+02
9.557299320000001899e+02
9.682488656999998966e+02
9.810691363999999339e+02
9.937376795999998649e+02
1.006421303499999794e+03
1.019463123999999880e+03
1.032193453599999884e+03
1.044876150199999756e+03
1.057574608800000078e+03
1.069698558399999911e+03
1.082929850299999998e+03
1.095115498099999968e+03
1.108223083999999744e+03
1.120767688999999791e+03
1.133392536500000006e+03
1.146020271299999877e+03
1.159292052499999954e+03
1.171513118599999871e+03
1.184121236399999816e+03
1.197368342100000064e+03
1.209379749600000196e+03
1.222026380299999801e+03
1.234677427799999805e+03
1.248406198300000142e+03
1.261033713299999818e+03
1.273682461699999749e+03
1.286459276000000045e+03
1.299253483800000140e+03
1.311353935399999955e+03
1.324048275300000114e+03
