1.351250261068344116e-01
1.215777024626731873e-01
1.129176020622253418e-01
1.054229587316513062e-01
9.927066415548324585e-02
9.310769289731979370e-02
8.771955221891403198e-02
8.316896110773086548e-02
7.798538357019424438e-02
7.287841290235519409e-02
6.831380724906921387e-02
6.335250288248062134e-02
5.909612029790878296e-02
5.547479167580604553e-02
5.192926526069641113e-02
4.818630963563919067e-02
4.524061083793640137e-02
4.278550297021865845e-02
4.056313261389732361e-02
3.828674554824829102e-02
3.597626835107803345e-02
3.423609584569931030e-02
3.233778476715087891e-02
3.087630495429039001e-02
2.991800941526889801e-02
2.831344306468963623e-02
2.717555128037929535e-02
2.561326697468757629e-02
2.504245378077030182e-02
2.360786497592926025e-02
2.275245450437068939e-02
2.200379222631454468e-02
2.127033658325672150e-02
2.043824456632137299e-02
1.953241229057312012e-02
1.866441406309604645e-02
1.769425719976425171e-02
1.733303628861904144e-02
1.693442091345787048e-02
1.649022847414016724e-02
1.553918886929750443e-02
1.552118733525276184e-02
1.505874842405319214e-02
1.467000879347324371e-02
1.386100985109806061e-02
1.347968168556690216e-02
1.352747716009616852e-02
1.270819362252950668e-02
1.270000264048576355e-02
1.218293607234954834e-02
1.205425150692462921e-02
1.172794867306947708e-02
1.140257529914379120e-02
1.120431348681449890e-02
1.098398212343454361e-02
1.089935563504695892e-02
1.041182503104209900e-02
1.031685061752796173e-02
1.027652155607938766e-02
1.012038066983222961e-02
9.911495260894298553e-03
9.812622331082820892e-03
9.211683645844459534e-03
9.504021145403385162e-03
9.426678530871868134e-03
9.019389748573303223e-03
8.842632174491882324e-03
8.928230963647365570e-03
8.600342087447643280e-03
8.544305339455604553e-03
8.429419249296188354e-03
8.415058255195617676e-03
8.532967418432235718e-03
8.241583593189716339e-03
8.134811185300350189e-03
8.512252941727638245e-03
1.659528166055679321e-02
1.621602103114128113e-02
1.587219350039958954e-02
1.565549895167350769e-02
1.538519281893968582e-02
1.516036316752433777e-02
1.494102925062179565e-02
1.481908839195966721e-02
1.453972421586513519e-02
1.442375872284173965e-02
1.423218566924333572e-02
1.417532470077276230e-02
1.395569555461406708e-02
1.370030920952558517e-02
1.369666773825883865e-02
1.355783175677061081e-02
1.336342003196477890e-02
1.331760548055171967e-02
1.306904666125774384e-02
1.295237708836793900e-02
1.291500777006149292e-02
1.272085867822170258e-02
1.264566555619239807e-02
1.251717749983072281e-02
1.237832475453615189e-02
1.232794113457202911e-02
1.234605535864830017e-02
1.212905906140804291e-02
1.198821328580379486e-02
1.192508824169635773e-02
1.181054767221212387e-02
1.171318721026182175e-02
1.172198448330163956e-02
1.152105443179607391e-02
1.168007310479879379e-02
1.144206151366233826e-02
1.130271144211292267e-02
1.123544853180646896e-02
1.116590853780508041e-02
1.109300553798675537e-02
1.101132016628980637e-02
1.103150751441717148e-02
1.084267906844615936e-02
1.082198042422533035e-02
1.072533614933490753e-02
1.065878011286258698e-02
1.076716464012861252e-02
1.066492125391960144e-02
1.050361059606075287e-02
1.045284792780876160e-02
1.034487783908843994e-02
1.036790944635868073e-02
1.027553807944059372e-02
1.034815236926078796e-02
1.019665133208036423e-02
1.010810211300849915e-02
1.010459288954734802e-02
9.908677078783512115e-03
1.002591103315353394e-02
9.927871637046337128e-03
9.865294210612773895e-03
9.843437001109123230e-03
9.685418568551540375e-03
9.675475768744945526e-03
9.479086846113204956e-03
9.637202136218547821e-03
9.464059956371784210e-03
9.464894421398639679e-03
9.584873914718627930e-03
9.517858736217021942e-03
9.310046210885047913e-03
9.329829365015029907e-03
9.228785522282123566e-03
9.275604970753192902e-03
9.216545149683952332e-03
9.262098930776119232e-03
