1.376437199999782024e+01
2.551785319999908097e+01
3.704823339999711607e+01
4.829162369999903603e+01
5.963413119999677292e+01
7.118082239999785088e+01
8.234009449999939534e+01
9.361236559999815654e+01
1.050383891999990738e+02
1.161682857999985572e+02
1.274200458999985131e+02
1.387836212000001979e+02
1.496406108999981370e+02
1.608470430999987002e+02
1.726594100999973307e+02
1.833721509999995760e+02
1.949545043999969494e+02
2.060688673999975435e+02
2.173758563999981561e+02
2.283969774999968649e+02
2.400087040999969759e+02
2.511208474999984901e+02
2.622739561999987927e+02
2.731309928999980912e+02
2.844792369999995572e+02
2.956372536999988370e+02
3.069382418999994115e+02
3.179282551999967836e+02
3.290833110999992641e+02
3.404571264999976847e+02
3.515874015999979747e+02
3.627126952999969944e+02
3.735958202999972855e+02
3.853118531000000075e+02
3.965203294999992067e+02
4.078300050999969244e+02
4.187822920999969938e+02
4.305241546999968705e+02
4.415799200000001292e+02
4.533654486999985238e+02
4.642415438999996695e+02
4.759033332999970298e+02
4.873663314999976137e+02
4.987728193999973882e+02
5.094425655999984883e+02
5.214934718999975303e+02
5.327236080999973638e+02
5.444980892999992648e+02
5.558823888999977498e+02
5.671576566999974602e+02
5.785969723999987764e+02
5.900138909999986936e+02
6.016235419999975420e+02
6.133964100999983202e+02
6.244040072999996482e+02
6.363384185999966576e+02
6.477930879999985336e+02
6.589686152999965998e+02
6.708438506999991660e+02
6.825779336999985389e+02
6.936345933999982662e+02
7.052000835999970150e+02
7.172400249999991502e+02
7.286593536000000313e+02
7.400506919999970705e+02
7.518253410999968764e+02
7.627216702999976405e+02
7.744095438999975158e+02
7.865622229999971751e+02
7.980159923999999592e+02
8.109381652999982180e+02
8.226268397999992885e+02
8.339102609000001394e+02
8.450467695999977877e+02
8.571535022999996727e+02
8.682878623999968113e+02
8.795852263999986462e+02
8.908975884999999835e+02
9.030096382999981870e+02
9.140748744999982591e+02
9.260425496999996540e+02
9.378446188999987498e+02
9.488678257999999914e+02
9.607199022999993758e+02
9.728234476999969047e+02
9.840150450000001001e+02
9.958271096999997098e+02
1.007713097599997127e+03
1.019304280399999698e+03
1.031002131399996870e+03
1.041978268299997580e+03
1.054336830499996722e+03
1.066276514799999859e+03
1.077923483200000192e+03
1.089357809399996768e+03
1.101109296499998891e+03
1.113243548399997962e+03
1.125011988799997198e+03
1.136890195799998764e+03
1.148533576999998331e+03
1.184635927199997241e+03
1.221591339899998275e+03
1.257844717999996647e+03
1.294805973499998800e+03
1.330823592599997937e+03
1.366895213799998601e+03
1.404277328499996656e+03
1.440941489999997430e+03
1.476925002500000119e+03
1.514402013099999749e+03
1.551005094999996800e+03
1.587572271899996849e+03
1.623772608499999478e+03
1.660699754899997060e+03
1.697121918899996672e+03
1.734528543499996886e+03
1.770255837099997734e+03
1.808679744399996707e+03
1.845464830699998856e+03
1.882839978500000143e+03
1.918818672699999297e+03
1.956350175199997466e+03
1.993349334499998804e+03
2.029957788899999287e+03
2.066674317099998007e+03
2.103040844899998774e+03
2.140114987399996608e+03
2.177027286999997159e+03
2.213592336599998816e+03
2.251565466999996715e+03
2.288042217700000037e+03
2.325740800799998397e+03
2.361914001899996947e+03
2.398782075199997053e+03
2.436855995599999005e+03
2.474356309899998450e+03
2.511312843299998349e+03
2.548614036099999794e+03
2.585350544899996748e+03
2.622644635099997686e+03
2.660101801699998759e+03
2.696687531399998988e+03
2.734633847499997501e+03
2.771983378599998105e+03
2.809073756899997534e+03
2.846241804799999954e+03
2.883840977500000008e+03
2.922743398999999044e+03
2.959682398299999477e+03
2.996939985399996658e+03
3.034219220399998449e+03
3.070342392399998062e+03
3.108189322599999286e+03
3.144694434099998034e+03
3.182333692499996687e+03
3.219488491799998883e+03
3.256781620899997506e+03
3.293730343899998843e+03
3.330398978099998203e+03
3.367377276999999594e+03
3.404240025699997204e+03
3.441943753599996853e+03
3.478022234099997149e+03
3.516431070699996781e+03
3.552424929699998756e+03
3.590336305799999536e+03
3.627401714499999798e+03
3.664615453499998694e+03
3.701645949899997504e+03
3.738697790399997757e+03
3.776579704699997819e+03
3.813944892099996650e+03
3.850534231099998578e+03
3.889097208399998635e+03
3.926973774199999752e+03
3.964622123399996781e+03
4.003136300199999823e+03
4.041670917399998871e+03
4.079622511699999450e+03
4.117960757599998033e+03
4.155841065699998580e+03
4.193761893899998540e+03
4.231567121499996574e+03
4.269428893899999821e+03
4.307680208099998708e+03
4.345209700199997314e+03
4.383735855399998400e+03
4.421781512699999439e+03
4.461213054799998645e+03
4.499401182300000073e+03
4.537811146799998824e+03
4.576456200999997236e+03
4.614641990199997963e+03
4.653209667499999341e+03
4.691592251999998552e+03
4.730299955099999352e+03
4.768454675299999508e+03
4.806997687600000063e+03
4.845041089499998634e+03
4.883494834799999808e+03
