9.944202300000142714e+00
1.784629779999977472e+01
2.566433109999979933e+01
3.324846930000012435e+01
4.092496470000014597e+01
4.874213680000002569e+01
5.640813359999992826e+01
6.415796490000002450e+01
7.183281189999979688e+01
7.937850539999999455e+01
8.722175870000000941e+01
9.506918480000013005e+01
1.026875721999999769e+02
1.104720773999997618e+02
1.182791422000000239e+02
1.259969925999998850e+02
1.337681342000000768e+02
1.525125248999997893e+02
1.713152351000003364e+02
1.901857745000002069e+02
2.090694987000001674e+02
2.279498706999997921e+02
2.467811447999997654e+02
2.656440018999996937e+02
2.849584263000001556e+02
3.039067990999997164e+02
3.228552256999996644e+02
3.416837712000001375e+02
3.604071466999998847e+02
3.792022258000001784e+02
3.979766501999997672e+02
4.168226391000002877e+02
4.358345044000002417e+02
4.547355813999997736e+02
4.734239767000003667e+02
4.925455624000001080e+02
5.113473625000001448e+02
5.301786121999998613e+02
5.494415383999998994e+02
5.686020512000000053e+02
5.874978895999997803e+02
6.070806225999999697e+02
6.255332233000003725e+02
6.447597803000003296e+02
6.641263051999999334e+02
6.835390401999998176e+02
7.024663152999996782e+02
7.215872789000000012e+02
7.405374168000003010e+02
7.594379075000001649e+02
7.784921835000000101e+02
7.973532791000002362e+02
8.167731323000002703e+02
8.358746049999995194e+02
8.551692589999997836e+02
8.747971071999995729e+02
8.936754084999997758e+02
9.140253638999997747e+02
9.329479611000001569e+02
9.517703438000003189e+02
9.710282888999995521e+02
9.904919580999999198e+02
1.009627213000000211e+03
1.028424080899999808e+03
1.047410984800000278e+03
1.066329592100000355e+03
1.085967502299999524e+03
1.105781475000000228e+03
1.124720857499999966e+03
1.143477750300000025e+03
1.162670681699999932e+03
1.181980451300000368e+03
1.201053242100000261e+03
1.221264308399999663e+03
1.240392940199999884e+03
1.260101686900000004e+03
1.278988875200000166e+03
1.298641769199999999e+03
1.318288150400000177e+03
1.337780886600000031e+03
1.356718198699999903e+03
1.376498120599999766e+03
1.396168200499999784e+03
1.415066262799999549e+03
1.434817054200000257e+03
1.453635951900000236e+03
1.472893158999999741e+03
1.492851044100000308e+03
1.512387971999999991e+03
1.532405302699999538e+03
1.551257653699999992e+03
1.570945612400000300e+03
1.590951017500000034e+03
1.610202270399999634e+03
1.629201167800000349e+03
1.648235702200000105e+03
1.668000101299999642e+03
1.687313979199999721e+03
1.706990252199999759e+03
1.726261405099999592e+03
1.746251654199999848e+03
1.765382322599999952e+03
1.784419636500000252e+03
1.803495665899999494e+03
1.824068905699999505e+03
1.844042913699999644e+03
1.863116597300000194e+03
1.882797580899999502e+03
1.903036570400000073e+03
1.923132428499999605e+03
1.943061050599999817e+03
1.962175889099999495e+03
1.982263972700000068e+03
2.002437412499999937e+03
2.022109992899999725e+03
2.042398932399999921e+03
2.062524087899999813e+03
2.082586486900000182e+03
2.101768796500000008e+03
2.122808558899999753e+03
2.143061611200000243e+03
2.162272062800000185e+03
2.182720364199999949e+03
2.203120292600000084e+03
2.221931658099999822e+03
2.241320130800000243e+03
2.260378098599999703e+03
2.279493410900000072e+03
2.299968727199999648e+03
2.319044725399999606e+03
2.338120962499999678e+03
2.358721295199999531e+03
2.379056194700000106e+03
2.399519026499999654e+03
2.419911638400000356e+03
2.439295264799999586e+03
2.459075761999999941e+03
2.479393592699999772e+03
2.498837657499999750e+03
2.519837927199999740e+03
2.539182284400000299e+03
2.560057341999999608e+03
2.582144066999999723e+03
2.603401530099999491e+03
2.624447527799999534e+03
2.645609293299999536e+03
2.666944753600000240e+03
2.688229847999999492e+03
2.709328951500000130e+03
2.730524314799999502e+03
2.751727096799999799e+03
2.773563524200000302e+03
2.794930219700000180e+03
2.815738078400000177e+03
2.835832526599999710e+03
2.857047645399999510e+03
2.878162561399999959e+03
2.899402838399999837e+03
2.920680270100000143e+03
2.942211129799999526e+03
2.963678449300000011e+03
2.985301860099999885e+03
3.006566731899999922e+03
3.027394808599999578e+03
