6.570851206779479980e-01
7.929256558418273926e-01
8.471435308456420898e-01
8.768832683563232422e-01
8.971455693244934082e-01
9.100090861320495605e-01
9.183318018913269043e-01
9.246948957443237305e-01
9.279590249061584473e-01
9.356877803802490234e-01
9.382157921791076660e-01
9.423478245735168457e-01
9.429748058319091797e-01
9.443378448486328125e-01
9.443606138229370117e-01
9.484978914260864258e-01
9.510030746459960938e-01
9.521960020065307617e-01
9.547494053840637207e-01
9.553179144859313965e-01
9.580135345458984375e-01
9.576124548912048340e-01
9.588637948036193848e-01
9.582723975181579590e-01
9.591252207756042480e-01
9.594704508781433105e-01
9.589602947235107422e-01
9.594019651412963867e-01
9.593867063522338867e-01
9.617802500724792480e-01
9.358738660812377930e-01
9.385046958923339844e-01
9.376916289329528809e-01
9.382622838020324707e-01
9.391811490058898926e-01
9.388541579246520996e-01
9.403747320175170898e-01
9.397348761558532715e-01
9.404705166816711426e-01
9.410949349403381348e-01
9.418345689773559570e-01
9.422193765640258789e-01
9.428464770317077637e-01
9.414767026901245117e-01
9.422236084938049316e-01
9.440541267395019531e-01
9.433341026306152344e-01
9.428942799568176270e-01
9.436299204826354980e-01
9.465413093566894531e-01
9.464567303657531738e-01
9.466894865036010742e-01
9.468908905982971191e-01
9.441486001014709473e-01
9.455253481864929199e-01
9.469824433326721191e-01
