7.595327496528625488e-01
8.000472784042358398e-01
8.211488723754882812e-01
8.369951248168945312e-01
8.556975126266479492e-01
8.679924011230468750e-01
8.780935406684875488e-01
8.868213891983032227e-01
8.946179747581481934e-01
9.001103639602661133e-01
9.062818288803100586e-01
9.123106002807617188e-01
9.161772727966308594e-01
9.195708036422729492e-01
9.232796430587768555e-01
9.254259467124938965e-01
9.272886514663696289e-01
9.303190708160400391e-01
9.323547482490539551e-01
9.324019551277160645e-01
9.341541528701782227e-01
9.354323744773864746e-01
9.359218478202819824e-01
9.378628730773925781e-01
9.400252699851989746e-01
9.418403506278991699e-01
9.422979354858398438e-01
9.428030252456665039e-01
9.426452517509460449e-01
9.438130259513854980e-01
9.430239796638488770e-01
9.432448744773864746e-01
9.432764649391174316e-01
9.453914761543273926e-01
9.443655014038085938e-01
9.445232152938842773e-01
9.441287517547607422e-01
9.473640918731689453e-01
9.484216570854187012e-01
9.465749859809875488e-01
9.470168948173522949e-01
9.490844607353210449e-01
9.487059712409973145e-01
9.482480883598327637e-01
9.491633772850036621e-01
9.479324817657470703e-01
9.483429789543151855e-01
9.495264887809753418e-01
9.500158429145812988e-01
9.490370750427246094e-01
9.497158527374267578e-01
9.490054845809936523e-01
9.500157237052917480e-01
9.507260322570800781e-01
9.503788352012634277e-01
9.505525231361389160e-01
9.507101774215698242e-01
9.500157237052917480e-01
9.518467187881469727e-01
9.512152075767517090e-01
9.511206746101379395e-01
9.520834088325500488e-01
9.507575035095214844e-01
9.517204761505126953e-01
9.508996605873107910e-01
9.512309432029724121e-01
9.516098499298095703e-01
9.516256451606750488e-01
9.519097208976745605e-01
9.526672363281250000e-01
9.520203471183776855e-01
9.518308043479919434e-01
9.531567692756652832e-01
9.522095322608947754e-01
9.508522152900695801e-01
9.523042440414428711e-01
9.525092244148254395e-01
9.528883695602416992e-01
9.516414403915405273e-01
9.525569677352905273e-01
9.519097208976745605e-01
9.522725939750671387e-01
9.524304270744323730e-01
9.532039165496826172e-01
9.523200988769531250e-01
9.521780610084533691e-01
9.536930918693542480e-01
9.524779319763183594e-01
9.519886374473571777e-01
9.534563422203063965e-01
9.525251388549804688e-01
9.537562727928161621e-01
9.532197713851928711e-01
9.526672363281250000e-01
9.530461430549621582e-01
9.537248015403747559e-01
9.530618190765380859e-01
9.529989957809448242e-01
9.548137784004211426e-01
9.529197812080383301e-01
9.131893515586853027e-01
9.156547188758850098e-01
9.168599247932434082e-01
9.154516458511352539e-01
9.167807698249816895e-01
9.164087176322937012e-01
9.174258112907409668e-01
9.172570109367370605e-01
9.176287651062011719e-01
9.181597828865051270e-01
9.186308979988098145e-01
9.181100726127624512e-01
9.184371232986450195e-01
9.189434647560119629e-01
9.189434647560119629e-01
9.186704754829406738e-01
9.193649888038635254e-01
9.188439846038818359e-01
9.192605018615722656e-01
9.192209243774414062e-01
9.191668033599853516e-01
9.202579259872436523e-01
9.199256300926208496e-01
9.198558926582336426e-01
9.204069972038269043e-01
9.209375977516174316e-01
9.210169315338134766e-01
9.202282428741455078e-01
9.208433032035827637e-01
9.209278225898742676e-01
9.222025871276855469e-01
9.214832186698913574e-01
9.211556315422058105e-01
9.213196635246276855e-01
9.218304157257080078e-01
9.212004542350769043e-01
9.208928346633911133e-01
9.217411875724792480e-01
9.232441186904907227e-01
9.212998151779174805e-01
9.224255084991455078e-01
9.221528172492980957e-01
9.220438003540039062e-01
9.228568673133850098e-01
9.224207401275634766e-01
9.231298565864562988e-01
9.233978390693664551e-01
9.225691556930541992e-01
9.235314130783081055e-01
9.230506420135498047e-01
9.232838749885559082e-01
9.238192439079284668e-01
9.230157732963562012e-01
9.237149357795715332e-01
9.247174859046936035e-01
9.246924519538879395e-01
9.227083325386047363e-01
9.233187437057495117e-01
9.241222143173217773e-01
9.234675168991088867e-01
9.237498044967651367e-01
9.242114424705505371e-01
9.251094460487365723e-01
9.244987964630126953e-01
9.238838553428649902e-01
9.249154925346374512e-01
9.250146746635437012e-01
9.246773123741149902e-01
9.242210984230041504e-01
9.249154925346374512e-01
9.254265427589416504e-01
9.259721040725708008e-01
9.256002306938171387e-01
9.249752163887023926e-01
9.252381324768066406e-01
9.251386523246765137e-01
9.258878827095031738e-01
9.258283972740173340e-01
9.256298542022705078e-01
9.255953431129455566e-01
9.258136153221130371e-01
9.257190823554992676e-01
9.263940453529357910e-01
9.260067939758300781e-01
9.259967803955078125e-01
9.261357784271240234e-01
9.268650412559509277e-01
9.255110621452331543e-01
