1.360501047968864508e-01
1.294630131125450168e-01
1.119597533345222523e-01
1.009593915939331066e-01
1.164464694261550942e-01
9.932468354701995406e-02
9.306167513132095059e-02
9.812666416168212835e-02
9.776597291231155229e-02
8.421940907835960555e-02
7.784496471285820562e-02
8.771978303790092801e-02
7.600809141993522533e-02
6.935932353138923867e-02
6.482315890491008314e-02
6.166006401181221147e-02
8.045267760753631314e-02
6.794389888644218611e-02
6.156708851456642317e-02
5.702189922332763505e-02
5.325922459363937461e-02
7.068963102996349279e-02
5.793725296854972812e-02
5.211874783039092962e-02
4.784470982849597931e-02
4.515529759228229661e-02
4.340681061148643494e-02
6.470560342073440607e-02
6.434910915791988706e-02
4.760157734155654602e-02
3.914495252072811016e-02
3.428860343992710252e-02
3.160125929862260541e-02
3.012250386178493347e-02
2.829123154282569760e-02
2.717505555599927791e-02
2.572440609335899242e-02
6.739372193813324141e-02
6.241375140845775715e-02
6.646045953035355225e-02
6.619856692850589752e-02
6.544792592525482122e-02
4.571907587349414992e-02
6.308519378304482117e-02
5.959146022796631137e-02
6.694783620536327862e-02
6.223504900932311928e-02
6.323327526450156499e-02
6.510880835354328211e-02
5.256851032376289035e-02
6.412603229284286055e-02
4.904556415975094147e-02
4.320352971553802213e-02
6.918867014348506483e-02
