8.694682151987217367e+01
1.442956054569222033e+02
2.001614248449914157e+02
2.626616656859405339e+02
3.196882954828906804e+02
3.754243555420543998e+02
4.371597580509260297e+02
4.978410098450258374e+02
5.548429178779479116e+02
6.105594675489701331e+02
6.726882091239094734e+02
7.305132167788688093e+02
7.879328299078624696e+02
8.460764238049741834e+02
9.039319032190833241e+02
9.662304523899219930e+02
1.023049433542881161e+03
1.079950845001032576e+03
1.135630876483861357e+03
1.192398795265005901e+03
1.254588024888886139e+03
1.311802638093940914e+03
1.369089290200965479e+03
1.426883565869880840e+03
1.484684698214987293e+03
1.540799116644077003e+03
1.602466834453865886e+03
1.659136487558949739e+03
1.716679725008085370e+03
1.773673932224977762e+03
1.831742764560971409e+03
1.889757370590930805e+03
1.947579143022885546e+03
2.005829758510924876e+03
2.062937383319949731e+03
2.120572682841913775e+03
2.182643480405909941e+03
2.245803255832986906e+03
2.309705731760943308e+03
2.409238987263990566e+03
2.472345153759932145e+03
2.531442293138010427e+03
2.594901774727040902e+03
2.658281794538022950e+03
2.720674121913034469e+03
2.778799209180986509e+03
2.840692896608961746e+03
2.903480256505077705e+03
2.962135163582861423e+03
3.024452459299936891e+03
3.082770507222972810e+03
3.141441127572907135e+03
3.204561424432089552e+03
3.268575775157893077e+03
