1.228266209363937378e-01
1.036640778183937073e-01
9.210705012083053589e-02
8.293370902538299561e-02
7.557297497987747192e-02
6.922237575054168701e-02
6.322360038757324219e-02
5.803842842578887939e-02
5.442727357149124146e-02
5.076265707612037659e-02
4.762373492121696472e-02
4.524206370115280151e-02
4.272445663809776306e-02
4.078599810600280762e-02
3.903513774275779724e-02
3.731853887438774109e-02
3.625744953751564026e-02
3.464455157518386841e-02
3.271725401282310486e-02
3.130066022276878357e-02
3.006165102124214172e-02
2.931796573102474213e-02
2.833352237939834595e-02
2.718028798699378967e-02
2.605614811182022095e-02
2.518296241760253906e-02
2.396342344582080841e-02
2.350930497050285339e-02
2.304205857217311859e-02
2.174070663750171661e-02
2.113894745707511902e-02
2.056125737726688385e-02
1.963905803859233856e-02
1.941609196364879608e-02
1.842070929706096649e-02
1.788944005966186523e-02
1.723952218890190125e-02
1.690650731325149536e-02
1.640412211418151855e-02
1.603659242391586304e-02
1.534815039485692978e-02
1.515828073024749756e-02
1.442102342844009399e-02
1.413424964994192123e-02
1.408652588725090027e-02
1.366043183952569962e-02
1.322315912693738937e-02
1.273855846375226974e-02
1.250592898577451706e-02
1.213233545422554016e-02
1.195409707725048065e-02
1.170683838427066803e-02
1.159038394689559937e-02
1.127250492572784424e-02
1.093878503888845444e-02
1.096936222165822983e-02
1.079082302749156952e-02
1.078685745596885681e-02
1.051362324506044388e-02
1.013520639389753342e-02
1.016364619135856628e-02
9.686006233096122742e-03
9.915163740515708923e-03
9.752232581377029419e-03
9.494846686720848083e-03
9.532638825476169586e-03
9.356066584587097168e-03
9.233073331415653229e-03
8.969662711024284363e-03
9.021538309752941132e-03
8.834281004965305328e-03
8.762788958847522736e-03
8.728340268135070801e-03
8.629859425127506256e-03
8.627959527075290680e-03
8.388434536755084991e-03
8.414485491812229156e-03
8.169736713171005249e-03
8.218103088438510895e-03
8.224887773394584656e-03
7.926968857645988464e-03
8.001580834388732910e-03
7.892924360930919647e-03
7.953468710184097290e-03
7.965490221977233887e-03
7.829322479665279388e-03
7.499065250158309937e-03
7.749421056360006332e-03
7.728175260126590729e-03
7.644830737262964249e-03
7.626715581864118576e-03
7.327113300561904907e-03
7.398158311843872070e-03
7.606578525155782700e-03
7.272015325725078583e-03
7.289569824934005737e-03
7.321987301111221313e-03
7.469161413609981537e-03
7.304643280804157257e-03
7.293633650988340378e-03
1.580315828323364258e-02
1.548730209469795227e-02
1.537667959928512573e-02
1.495261583477258682e-02
1.453943271189928055e-02
1.460140943527221680e-02
1.455389708280563354e-02
1.442502811551094055e-02
1.432546228170394897e-02
1.391152758151292801e-02
1.376937981694936752e-02
1.378412917256355286e-02
1.383598707616329193e-02
1.353608164936304092e-02
1.349981967359781265e-02
1.337357517331838608e-02
1.309398934245109558e-02
1.319176796823740005e-02
1.305310614407062531e-02
1.282989606261253357e-02
1.284248754382133484e-02
1.277565304189920425e-02
1.264689303934574127e-02
1.257865596562623978e-02
1.240929774940013885e-02
1.246763113886117935e-02
1.227924227714538574e-02
1.221565529704093933e-02
1.215735264122486115e-02
1.211547013372182846e-02
1.186924707144498825e-02
1.184381358325481415e-02
1.183541677892208099e-02
1.178344897925853729e-02
1.158183068037033081e-02
1.149005442857742310e-02
1.151162851601839066e-02
1.158330217003822327e-02
1.136939413845539093e-02
1.143164746463298798e-02
1.129319425672292709e-02
1.121739670634269714e-02
1.115577574819326401e-02
1.113762799650430679e-02
1.103674247860908508e-02
1.102753635495901108e-02
1.091852970421314240e-02
1.086411159485578537e-02
1.078535243868827820e-02
1.061186660081148148e-02
1.079637743532657623e-02
1.078775338828563690e-02
1.049223728477954865e-02
1.055873185396194458e-02
1.035532448440790176e-02
1.041134353727102280e-02
1.032414846122264862e-02
1.044777315109968185e-02
1.020461879670619965e-02
1.033078972250223160e-02
1.023330166935920715e-02
1.018655765801668167e-02
1.015268079936504364e-02
1.000854186713695526e-02
9.992223232984542847e-03
9.931412525475025177e-03
9.879790246486663818e-03
9.925295598804950714e-03
9.902247227728366852e-03
9.815101511776447296e-03
9.698658250272274017e-03
9.741134941577911377e-03
9.767314419150352478e-03
9.741118177771568298e-03
9.560601785778999329e-03
9.514318779110908508e-03
9.492816403508186340e-03
9.565650485455989838e-03
9.370564483106136322e-03
9.395919740200042725e-03
9.478281252086162567e-03
9.289312176406383514e-03
9.238558821380138397e-03
9.247803129255771637e-03
9.265654720366001129e-03
9.304373525083065033e-03
9.026583284139633179e-03
9.072756394743919373e-03
9.056924842298030853e-03
9.119585156440734863e-03
8.981731720268726349e-03
8.924216963350772858e-03
8.988610468804836273e-03
8.937556296586990356e-03
8.893623016774654388e-03
8.929344825446605682e-03
8.801545947790145874e-03
8.765848353505134583e-03
8.763522841036319733e-03
8.866122923791408539e-03
1.335831545293331146e-02
1.316417381167411804e-02
1.302430126816034317e-02
1.280409842729568481e-02
1.274302974343299866e-02
1.266690809279680252e-02
1.251170411705970764e-02
1.246778201311826706e-02
1.233263034373521805e-02
1.216491591185331345e-02
1.217040512710809708e-02
1.220599748194217682e-02
1.197548024356365204e-02
1.185945887118577957e-02
1.186033990234136581e-02
1.189839281141757965e-02
1.177565101534128189e-02
1.166679710149765015e-02
1.158355269581079483e-02
1.143620815128087997e-02
1.147121097892522812e-02
1.144659519195556641e-02
1.139442529529333115e-02
1.134092174470424652e-02
1.121870148926973343e-02
1.118922885507345200e-02
1.114888023585081100e-02
1.114680152386426926e-02
1.107664871960878372e-02
1.095141842961311340e-02
1.111324224621057510e-02
1.086953189224004745e-02
1.086475420743227005e-02
1.084731426090002060e-02
1.076574809849262238e-02
1.066218037158250809e-02
1.079418975859880447e-02
1.067154668271541595e-02
1.060654874891042709e-02
1.055997610092163086e-02
1.054896321147680283e-02
1.051747612655162811e-02
1.050997152924537659e-02
1.050296612083911896e-02
1.038894243538379669e-02
1.033982541412115097e-02
1.033223234117031097e-02
1.027585286647081375e-02
1.032867841422557831e-02
1.029471494257450104e-02
1.015397999435663223e-02
1.013943832367658615e-02
1.014003902673721313e-02
1.009866874665021896e-02
1.013867370784282684e-02
1.000770088285207748e-02
1.005156338214874268e-02
1.263318862766027451e-02
1.252129115164279938e-02
1.243431214243173599e-02
1.242975797504186630e-02
1.236087549477815628e-02
1.231916528195142746e-02
1.224925834685564041e-02
1.219422090798616409e-02
1.221449486911296844e-02
1.212804950773715973e-02
1.210934575647115707e-02
1.205610856413841248e-02
1.202320586889982224e-02
1.195591129362583160e-02
1.190922129899263382e-02
1.193120703101158142e-02
1.182153541594743729e-02
1.179007720202207565e-02
1.173930708318948746e-02
1.177975535392761230e-02
1.175850071012973785e-02
1.168493367731571198e-02
1.167251355946063995e-02
1.160140521824359894e-02
1.156387478113174438e-02
1.158806681632995605e-02
1.151314377784729004e-02
1.148238591849803925e-02
1.142832357436418533e-02
1.145959831774234772e-02
1.152228005230426788e-02
1.136958040297031403e-02
1.137089822441339493e-02
1.131941378116607666e-02
1.130660809576511383e-02
1.121544372290372849e-02
1.130468957126140594e-02
1.122818142175674438e-02
1.124389097094535828e-02
1.123642921447753906e-02
1.120540220290422440e-02
1.126046665012836456e-02
1.278784591704607010e-02
1.276878826320171356e-02
1.263476256281137466e-02
1.260236278176307678e-02
1.262707170099020004e-02
1.254963129758834839e-02
1.254772301763296127e-02
1.254846435040235519e-02
1.246619783341884613e-02
1.242512650787830353e-02
1.238879654556512833e-02
1.239229831844568253e-02
1.237389538437128067e-02
1.236317586153745651e-02
1.225052122026681900e-02
1.234360411763191223e-02
1.229016575962305069e-02
1.224863249808549881e-02
1.224426366388797760e-02
1.224765460938215256e-02
1.215080637484788895e-02
1.212370954453945160e-02
1.213516015559434891e-02
1.210204698145389557e-02
1.206283085048198700e-02
1.208311133086681366e-02
1.206389814615249634e-02
