1.014668280000000067e+01
1.670834490000000017e+01
2.342294940000000025e+01
3.001466910000000254e+01
3.677145450000000437e+01
4.346143329999999594e+01
5.018527930000000481e+01
5.667166840000000150e+01
6.365249759999998957e+01
7.011369969999999796e+01
7.671593409999999835e+01
8.379531799999999464e+01
9.039321579999999301e+01
9.701574130000000196e+01
1.037624153999999947e+02
1.102801400999999970e+02
1.168569298999999972e+02
1.235866740000000021e+02
1.301243630999999823e+02
1.366562559999999849e+02
1.433762901999999997e+02
1.499449548000000050e+02
1.563952244999999834e+02
1.630840596999999832e+02
1.696294698000000096e+02
1.763435274999999933e+02
1.829851957999999854e+02
1.896468927999999892e+02
1.960871625999999992e+02
2.029999346999999830e+02
2.093577132000000063e+02
2.160940158999999881e+02
2.228516357999999968e+02
2.293207696999999996e+02
2.357163649000000021e+02
2.426297071999999844e+02
2.492069419999999980e+02
2.554473175999999910e+02
2.623410770000000412e+02
2.687967631000000210e+02
2.754788880000000404e+02
2.820936540000000150e+02
2.882950579000000175e+02
2.950710120000000529e+02
3.018050254000000336e+02
3.083388606999999979e+02
3.148199194000000034e+02
3.215277899000000161e+02
3.281013687000000232e+02
3.346024473000000512e+02
3.408804494999999974e+02
3.475157314000000497e+02
3.539845629000000145e+02
3.605236430000000496e+02
3.670268655000000422e+02
3.736359550000000240e+02
3.800129795000000286e+02
3.865723792000000003e+02
3.932550024000000235e+02
3.998645295000000033e+02
4.062594844000000194e+02
4.127364100000000349e+02
4.193018004000000474e+02
4.256887315000000171e+02
4.322274333000000297e+02
4.388026613000000111e+02
4.452674355000000332e+02
4.518156696000000352e+02
4.583400780000000054e+02
4.648202012000000423e+02
4.713004942000000028e+02
4.777524931000000379e+02
4.843331603999999970e+02
4.908935427000000118e+02
4.974892479000000094e+02
5.038915712000000440e+02
5.104003593000000478e+02
5.168931804999999713e+02
5.232661035999999513e+02
5.297475458000000117e+02
5.362939953000000060e+02
5.427889944999999443e+02
5.492232194999999138e+02
5.557589696999999660e+02
5.621675203999999439e+02
5.686435912999999118e+02
5.752392666999999165e+02
5.814750345999999581e+02
5.880306014999999888e+02
5.945265036999999211e+02
6.012073223999999527e+02
6.074764175999999907e+02
6.142601038999999901e+02
6.206583236000000170e+02
6.271863619999999173e+02
6.334853720999999496e+02
6.400187900999999329e+02
6.464681925999999521e+02
6.530606589999999869e+02
6.594568373999999267e+02
6.782462206000000151e+02
6.973397192999999561e+02
7.162097046000000091e+02
7.349534980999999334e+02
7.542490088999999216e+02
7.727804070999999340e+02
7.916547464999999875e+02
8.106166965999999547e+02
8.295103550999999698e+02
8.483378940000000057e+02
8.673684776999999713e+02
8.857567068999999265e+02
9.047701089999999340e+02
9.238198450999999523e+02
9.426157896999999366e+02
9.614506325999999490e+02
9.803705791999999519e+02
9.996374493999999231e+02
1.018626815399999941e+03
1.037664042299999892e+03
1.056404191299999866e+03
1.075731785499999887e+03
1.094357532300000003e+03
1.113357360400000061e+03
1.132214116099999956e+03
1.151253932200000008e+03
1.170272583199999872e+03
1.189273662500000000e+03
1.208424830599999950e+03
1.227247350999999981e+03
1.246156377300000031e+03
1.265825939300000073e+03
1.284897133700000040e+03
1.303694522000000006e+03
1.322585194399999864e+03
1.342150191499999892e+03
1.361162757699999929e+03
1.379978336899999931e+03
1.399045203299999912e+03
1.418083892200000037e+03
1.437457718200000045e+03
1.456429183199999898e+03
1.475571291299999984e+03
1.494730863999999883e+03
1.513665129600000000e+03
1.532876679499999909e+03
1.551935134999999946e+03
1.571328913999999941e+03
1.590394564899999978e+03
1.609523527800000011e+03
1.628589204599999903e+03
1.647901212499999929e+03
1.666921147199999950e+03
1.686088529800000060e+03
1.705205696100000068e+03
1.724268374600000016e+03
1.743478547400000025e+03
1.762259759900000063e+03
1.781712393399999883e+03
1.800720580799999880e+03
1.819574492100000043e+03
1.838736852300000010e+03
1.857680879999999888e+03
1.876602413800000022e+03
1.895896631399999933e+03
1.914857674599999882e+03
1.934210908600000039e+03
1.953112105700000029e+03
1.972237433000000010e+03
1.990811731099999861e+03
2.010201117599999861e+03
2.029206734800000049e+03
2.048207170000000133e+03
2.067365534100000332e+03
2.086184960900000078e+03
2.105271410500000002e+03
2.124197669000000133e+03
2.143444048600000315e+03
2.162402696900000137e+03
2.181349177200000213e+03
2.200286471000000347e+03
2.219177271500000188e+03
2.238262938300000314e+03
2.257264874100000270e+03
2.276020452800000385e+03
2.295109841500000130e+03
2.313959154300000137e+03
2.332703552300000410e+03
2.351871798000000126e+03
2.370733707300000333e+03
2.389270790200000192e+03
2.408386076300000241e+03
2.426907889700000396e+03
2.445903780200000256e+03
2.464781164600000011e+03
2.483665834900000391e+03
2.502474750800000038e+03
2.521105454600000030e+03
2.540185367100000349e+03
2.559332217300000138e+03
2.603930807600000207e+03
2.648596358200000395e+03
2.693553794400000243e+03
2.738600280500000281e+03
2.783215761700000257e+03
2.827806794600000103e+03
2.872536459100000229e+03
2.916954778900000292e+03
2.961412477900000340e+03
3.006646719200000007e+03
3.050948295700000017e+03
3.095971436100000119e+03
3.140728447100000267e+03
3.184922017200000028e+03
3.229793156700000054e+03
3.274438452000000325e+03
3.319547944600000392e+03
3.364091966700000285e+03
3.408663170000000264e+03
3.453002941000000192e+03
3.498299402200000259e+03
3.543104114000000209e+03
3.587531831700000112e+03
3.632190657999999985e+03
3.677202693900000213e+03
3.721683094800000163e+03
3.766618392300000323e+03
3.810921069200000147e+03
3.856395299000000250e+03
3.900819156100000328e+03
3.945955958900000041e+03
3.990722572200000286e+03
4.035209089800000129e+03
4.080410794800000076e+03
4.125127391099999841e+03
4.170028635300000133e+03
4.214546032999999625e+03
4.259427466799999820e+03
4.304305001099999572e+03
4.349363055899999381e+03
4.394554019999999582e+03
4.439204147699999339e+03
4.483625361899999916e+03
4.528946634699999777e+03
4.574225299699999596e+03
4.618656601099999534e+03
4.663641079799999716e+03
4.708641998000000058e+03
4.753256730699999935e+03
4.798788822999999866e+03
4.843296539899999516e+03
4.888189729599999737e+03
4.932829966899999818e+03
4.978244270899999719e+03
5.022909868799999458e+03
5.069052693399999953e+03
5.114196513199999572e+03
5.196138607500000035e+03
5.278125331899999765e+03
5.360072799799999302e+03
5.442141884199999367e+03
5.523653665499999988e+03
5.605061640899999475e+03
5.686279330299999856e+03
5.768800691499999630e+03
5.850609573799999453e+03
5.932308560200000102e+03
6.013475479400000040e+03
6.095542518799999925e+03
6.177381973599999583e+03
6.258262313599999288e+03
6.341350910699999986e+03
6.422197477599999729e+03
6.504398711099999673e+03
6.586415058699999463e+03
6.668965714099999786e+03
6.750539595700000064e+03
6.831930262899999434e+03
6.912936813100000109e+03
6.994382351700000072e+03
7.076594108399999641e+03
7.157510330099999919e+03
7.239626216999999997e+03
7.321364798099999462e+03
7.402418770899999799e+03
7.484367668299999423e+03
7.565733304899999894e+03
7.647354367699999784e+03
7.728916610499999479e+03
7.811310380599999917e+03
7.893566948599999705e+03
7.975743892299999970e+03
8.059401688999999351e+03
8.141869433199999548e+03
8.225169541400000526e+03
8.307870961200000238e+03
8.390153029999999490e+03
8.472891084999999293e+03
8.556742279399999461e+03
8.674421517599999788e+03
8.792381354600000122e+03
8.910017195799999172e+03
9.029132298700000320e+03
9.147024829300000420e+03
9.266581001200000173e+03
9.385341578999999911e+03
9.504428410900000017e+03
9.624380849400000443e+03
9.745821567299999515e+03
9.865867937799999709e+03
9.985086415899999338e+03
1.010371761739999965e+04
1.022231942890000028e+04
1.034005263809999997e+04
1.045915176640000027e+04
1.057713716209999984e+04
1.070052141590000065e+04
1.081998918839999897e+04
1.094014714809999896e+04
1.105895929330000035e+04
1.117802263529999982e+04
1.129822031299999981e+04
1.141841442339999958e+04
1.153832364930000040e+04
1.165823223879999932e+04
1.177935804119999921e+04
