9.275174140930175781e-01
9.282552003860473633e-01
9.277778863906860352e-01
9.292533993721008301e-01
9.276909828186035156e-01
9.285155534744262695e-01
9.283421635627746582e-01
9.273003339767456055e-01
9.273870587348937988e-01
9.279947280883789062e-01
9.292534589767456055e-01
9.256078004837036133e-01
8.811424374580383301e-01
8.813499808311462402e-01
8.807650804519653320e-01
8.805763125419616699e-01
8.812745213508605957e-01
8.839730024337768555e-01
8.812933564186096191e-01
8.816988468170166016e-01
8.821519017219543457e-01
8.817939162254333496e-01
8.806707859039306641e-01
8.819068670272827148e-01
8.819633126258850098e-01
8.814068436622619629e-01
8.823878169059753418e-01
8.812934160232543945e-01
8.813784122467041016e-01
8.814066052436828613e-01
8.819065690040588379e-01
8.823217153549194336e-01
8.820009827613830566e-01
