5.543757230043411255e-02
4.844941198825836182e-02
4.905259609222412109e-02
4.792897030711174011e-02
4.919455945491790771e-02
4.840282723307609558e-02
4.841292649507522583e-02
4.936404898762702942e-02
4.893524572253227234e-02
4.887893050909042358e-02
4.763572290539741516e-02
5.045144632458686829e-02
6.628393381834030151e-02
6.631106138229370117e-02
6.660915166139602661e-02
6.661140918731689453e-02
6.626091152429580688e-02
6.520260125398635864e-02
6.608939915895462036e-02
6.596137583255767822e-02
6.541312485933303833e-02
6.579533219337463379e-02
6.636790931224822998e-02
6.581732630729675293e-02
6.604690104722976685e-02
6.625778228044509888e-02
6.593941897153854370e-02
6.596927344799041748e-02
6.634232401847839355e-02
6.598856300115585327e-02
6.605152785778045654e-02
6.592220813035964966e-02
6.625996530055999756e-02
