7.778742313385009766e-01
8.252314925193786621e-01
8.467723131179809570e-01
8.635867834091186523e-01
8.777648806571960449e-01
8.869597911834716797e-01
8.901749253273010254e-01
8.985661268234252930e-01
9.033886194229125977e-01
9.060249328613281250e-01
9.102365970611572266e-01
9.107188582420349121e-01
9.134194850921630859e-01
9.155092835426330566e-01
9.180170893669128418e-01
9.201066493988037109e-01
9.228716492652893066e-01
9.222285747528076172e-01
9.233217835426330566e-01
9.253152012825012207e-01
9.266975522041320801e-01
9.270834326744079590e-01
9.285945296287536621e-01
9.294303655624389648e-01
9.284336566925048828e-01
9.279834628105163574e-01
9.316485524177551270e-01
9.306840300559997559e-01
9.339312911033630371e-01
9.326131343841552734e-01
9.329346418380737305e-01
9.344779253005981445e-01
9.353458881378173828e-01
9.378536343574523926e-01
9.361817240715026855e-01
9.368571043014526367e-01
9.366320371627807617e-01
9.385609030723571777e-01
9.401684403419494629e-01
9.394611716270446777e-01
9.382717013359069824e-01
9.372750520706176758e-01
9.403291344642639160e-01
9.401040077209472656e-01
9.399755001068115234e-01
9.396540522575378418e-01
9.398791193962097168e-01
9.397826790809631348e-01
9.407471418380737305e-01
9.424831271171569824e-01
9.406185150146484375e-01
9.423547387123107910e-01
9.423548579216003418e-01
9.419689178466796875e-01
9.416794776916503906e-01
9.414543509483337402e-01
9.432870149612426758e-01
9.417759776115417480e-01
9.438015222549438477e-01
9.422582983970642090e-01
9.440585970878601074e-01
9.410365819931030273e-01
9.431904554367065430e-01
9.447337985038757324e-01
9.420974254608154297e-01
9.432548880577087402e-01
9.436407685279846191e-01
9.417117238044738770e-01
9.431585669517517090e-01
9.428048133850097656e-01
9.428369998931884766e-01
9.429011940956115723e-01
9.425154328346252441e-01
9.429977536201477051e-01
9.419367909431457520e-01
9.437371492385864258e-01
9.432870149612426758e-01
9.420010447502136230e-01
9.418404102325439453e-01
9.430940151214599609e-01
9.423868656158447266e-01
9.421617984771728516e-01
9.415831565856933594e-01
9.420654177665710449e-01
9.429013133049011230e-01
9.422582983970642090e-01
9.432871341705322266e-01
9.434155225753784180e-01
9.431263208389282227e-01
9.436085820198059082e-01
9.424511194229125977e-01
9.414222240447998047e-01
9.391075372695922852e-01
9.418403506278991699e-01
9.426119327545166016e-01
9.416795372962951660e-01
9.407792091369628906e-01
9.412937760353088379e-01
9.416794180870056152e-01
9.428049921989440918e-01
8.920915722846984863e-01
8.966715335845947266e-01
8.948853611946105957e-01
8.953841924667358398e-01
8.957635164260864258e-01
8.956239223480224609e-01
8.972900509834289551e-01
8.963621258735656738e-01
8.960428237915039062e-01
8.964818120002746582e-01
8.967713117599487305e-01
8.944363594055175781e-01
8.944865465164184570e-01
8.948953747749328613e-01
8.925207853317260742e-01
8.963922262191772461e-01
8.935084939002990723e-01
8.950350284576416016e-01
8.959429264068603516e-01
8.935884237289428711e-01
8.954042196273803711e-01
8.944062590599060059e-01
8.934484720230102539e-01
8.939974308013916016e-01
8.960328102111816406e-01
8.947157859802246094e-01
8.955441117286682129e-01
8.936280012130737305e-01
8.940370678901672363e-01
8.941671252250671387e-01
8.945663571357727051e-01
8.934786319732666016e-01
8.941769003868103027e-01
8.943667411804199219e-01
8.940075635910034180e-01
8.944961428642272949e-01
8.935185670852661133e-01
8.942469358444213867e-01
8.926105499267578125e-01
8.947658538818359375e-01
8.933889269828796387e-01
8.957635164260864258e-01
8.950650691986083984e-01
8.946360349655151367e-01
8.950751423835754395e-01
8.938378691673278809e-01
8.943368196487426758e-01
8.936182856559753418e-01
8.944363594055175781e-01
8.944164514541625977e-01
8.931791782379150391e-01
8.933988809585571289e-01
8.928502202033996582e-01
8.945161700248718262e-01
8.933787941932678223e-01
8.940473794937133789e-01
8.950051665306091309e-01
8.943267464637756348e-01
8.945960402488708496e-01
8.938079476356506348e-01
8.942966461181640625e-01
8.945862054824829102e-01
8.936183452606201172e-01
8.943368196487426758e-01
8.953945040702819824e-01
8.949553370475769043e-01
8.943467140197753906e-01
8.954640626907348633e-01
8.944966197013854980e-01
8.946759700775146484e-01
8.950149416923522949e-01
8.948556184768676758e-01
8.963223099708557129e-01
8.955340981483459473e-01
8.949153423309326172e-01
8.945659995079040527e-01
8.963623046875000000e-01
8.938978314399719238e-01
8.951449394226074219e-01
8.953245282173156738e-01
8.942868709564208984e-01
8.946758508682250977e-01
8.951549530029296875e-01
8.974596261978149414e-01
8.934586644172668457e-01
8.948557972908020020e-01
8.945163488388061523e-01
8.959529399871826172e-01
8.945761322975158691e-01
8.956136703491210938e-01
8.953046202659606934e-01
8.957235217094421387e-01
8.948357105255126953e-01
8.956637978553771973e-01
8.953643441200256348e-01
8.952344655990600586e-01
8.962324261665344238e-01
8.943665623664855957e-01
8.942766785621643066e-01
8.968011140823364258e-01
