3.783801698801107705e+01
5.191399681498296559e+01
6.170699684601277113e+01
7.135856376402080059e+01
8.096754233003593981e+01
9.046729830512776971e+01
9.983175728702917695e+01
1.093630857311654836e+02
1.189599822051823139e+02
1.271348858920391649e+02
1.375796050250064582e+02
1.472656092341057956e+02
1.596248401121702045e+02
1.691537136209663004e+02
1.786230811809655279e+02
1.881145298131741583e+02
1.976468334011733532e+02
2.072280571979936212e+02
2.163999415670987219e+02
2.260588229410350323e+02
2.349803930870257318e+02
2.446738178951200098e+02
2.542417299309745431e+02
2.636492831581272185e+02
2.734589403851423413e+02
2.825733570691663772e+02
2.919952964719850570e+02
3.016969330459833145e+02
3.113306905180215836e+02
3.208343902560882270e+02
3.301847678010817617e+02
3.397369767259806395e+02
3.521067895160522312e+02
3.651542701700236648e+02
3.749758982260245830e+02
3.842925141861196607e+02
3.931211898110341281e+02
4.027182076061144471e+02
4.120069708230439574e+02
4.213813742741476744e+02
4.311197093171067536e+02
4.407945953409653157e+02
4.506003753270488232e+02
4.597531090651173145e+02
4.693218044131062925e+02
4.774362926741596311e+02
4.877744936011731625e+02
4.972457390429917723e+02
5.052175226199906319e+02
5.161723824241198599e+02
5.256425902750343084e+02
5.351570272210519761e+02
5.446701087760739028e+02
5.534513806679751724e+02
5.677385344740469009e+02
5.774132519019767642e+02
5.871646201401017606e+02
5.954737046421505511e+02
6.105235991331283003e+02
6.200485000421758741e+02
6.295193521780893207e+02
6.391405817230697721e+02
6.475334114690776914e+02
6.625333098389673978e+02
6.721949614949990064e+02
6.816278973340522498e+02
6.910107317150104791e+02
7.002420465610921383e+02
7.095938032181002200e+02
7.192084600219968706e+02
7.289407406321261078e+02
7.384335344310384244e+02
7.480536976279690862e+02
7.575830660040955991e+02
7.657915008331183344e+02
7.761360602770000696e+02
7.855799217110034078e+02
7.954086835880298167e+02
8.047634553310927004e+02
8.144774871589615941e+02
8.239845203419681638e+02
8.333007346279919147e+02
8.425049745379947126e+02
8.518344132159836590e+02
8.614083394310437143e+02
8.711135524760466069e+02
8.807961175781674683e+02
8.899294493491761386e+02
8.993523152631241828e+02
9.088722894350066781e+02
9.185087381759658456e+02
9.276535599490161985e+02
9.371334166431333870e+02
9.466477934250142425e+02
9.559736206231173128e+02
9.655074828660581261e+02
9.747199357179924846e+02
9.844004716579802334e+02
9.936267701620236039e+02
1.003163437720155343e+03
1.037194015786983073e+03
1.072438607634045184e+03
1.111485560972010717e+03
1.146853072147117928e+03
1.181045670822029933e+03
1.216083295952063054e+03
1.250834038145141676e+03
1.285751626023091376e+03
1.320029529554070905e+03
1.354917690766043961e+03
1.388566048945067450e+03
1.423391026304103434e+03
1.459485776327084750e+03
1.494061933743068948e+03
1.528462172297062352e+03
1.563059053909033537e+03
1.597583460966125131e+03
1.631321015342138708e+03
1.664774045875994489e+03
1.699707865921081975e+03
1.736830988719128072e+03
1.769823242142098024e+03
1.804891175698954612e+03
1.839549419481074437e+03
1.872995420054998249e+03
1.907766681425971910e+03
1.941796081215143204e+03
1.976621068462030962e+03
2.010772138796979561e+03
2.046160297126974910e+03
2.081955556200118735e+03
2.118017056492157280e+03
2.152252256680978462e+03
2.185333320632111281e+03
2.220341283501125872e+03
2.255074522078037262e+03
2.288529784301994368e+03
2.323245825133053586e+03
2.357654191692126915e+03
2.391678333693183959e+03
2.426337335195159540e+03
2.461255511335097253e+03
2.495215532449074090e+03
2.529839242996182293e+03
2.564521340850973502e+03
2.598777913503115997e+03
2.633091637396020815e+03
2.667693413848988712e+03
2.701649073892040178e+03
2.735522514223121107e+03
2.769553613289026543e+03
2.804657190414145589e+03
2.838391804478131235e+03
2.871779084643116221e+03
2.906429489967180416e+03
2.940101447494002059e+03
2.975638644715072587e+03
3.010266644207062200e+03
3.047209263453027233e+03
3.084455040984088555e+03
3.118661356257041916e+03
3.154504871487151831e+03
3.188926288596121594e+03
3.223359700737986714e+03
3.257888567910995334e+03
3.292095591000979766e+03
3.326017960791010410e+03
3.360520612212130800e+03
3.395315011041006073e+03
3.431090207257075235e+03
3.466962385995080695e+03
3.503066608509048820e+03
3.537425149005139247e+03
3.572625572297954932e+03
3.607399452832993120e+03
3.643210039281053469e+03
3.677413046834059060e+03
3.711494148608995602e+03
3.746588576043955982e+03
3.781351883752970025e+03
3.817272553098155186e+03
3.851941138569032773e+03
3.885832138939993456e+03
3.920383294199127704e+03
3.955269383425125852e+03
3.989880406997166574e+03
4.024232653947081417e+03
4.059031234498135746e+03
4.093334651502082124e+03
4.127833931299159303e+03
4.163959672851022333e+03
4.198304641911061481e+03
4.233523646506015211e+03
4.268464677571086213e+03
4.302865034898044541e+03
4.339928390286164358e+03
4.374875430142041296e+03
4.411972633355995640e+03
4.446551022439030930e+03
4.483367052073124796e+03
