3.574080700000195066e+00
5.190555900000163092e+00
6.775168099999973492e+00
8.329779400000006717e+00
9.881022999999913736e+00
1.143222090000017488e+01
1.298868249999986801e+01
1.454567330000008951e+01
1.610288119999995615e+01
1.765844640000022991e+01
1.921886580000000322e+01
2.076887510000005932e+01
2.231607590000021446e+01
2.389955490000011196e+01
2.546016880000024685e+01
2.704226190000008501e+01
2.861038499999995111e+01
3.017470030000004044e+01
3.178664440000011382e+01
3.338854700000001685e+01
3.498584720000008019e+01
3.670828639999990628e+01
3.831283910000001924e+01
3.989478189999999813e+01
4.147462869999981194e+01
4.311595399999987421e+01
4.470599260000017239e+01
4.638113560000010693e+01
4.797961160000022574e+01
4.954415460000018356e+01
5.111138350000010178e+01
5.270797600000014427e+01
5.428132599999980812e+01
5.585114999999996144e+01
5.743903110000019296e+01
5.902160420000018348e+01
6.061250830000017231e+01
6.221322839999993448e+01
6.382805610000013985e+01
6.539495590000024094e+01
6.696100900000010370e+01
6.852720099999987724e+01
7.012745270000004894e+01
7.169213339999987511e+01
7.326194249999980457e+01
7.484057070000017120e+01
7.641641429999981483e+01
7.797989820000020700e+01
7.956230839999989257e+01
8.113314209999998639e+01
8.269157600000016828e+01
8.424837149999984831e+01
8.579645160000018222e+01
8.735403559999986101e+01
8.892245480000019597e+01
9.051481620000004114e+01
9.210404070000004140e+01
9.364967000000024200e+01
9.522988239999995130e+01
9.680837410000003729e+01
9.840196969999988141e+01
9.998407950000000710e+01
1.034742943999999625e+02
1.067846945000001142e+02
1.102113681999999244e+02
1.136362952999998015e+02
1.170625617000000602e+02
1.204565738999999667e+02
1.238745426999998926e+02
1.272054275000000416e+02
1.305315605000000687e+02
1.341356414000001678e+02
1.374414167999998426e+02
1.407753031000002011e+02
1.442748151000000689e+02
1.475857768999999280e+02
1.509359257999999500e+02
1.545112883000001602e+02
1.580606520999999702e+02
1.615847456999999849e+02
1.650797474000000875e+02
1.684795374999998785e+02
1.718164775999998710e+02
1.752634993000001487e+02
1.787118838000001233e+02
1.821299477000002298e+02
