8.617265820503234863e-01
8.647410273551940918e-01
8.647095561027526855e-01
8.640466928482055664e-01
8.649464845657348633e-01
8.650251030921936035e-01
8.656566739082336426e-01
8.655145168304443359e-01
8.647569417953491211e-01
8.656248450279235840e-01
8.655461668968200684e-01
8.649935722351074219e-01
8.653250336647033691e-01
8.394295573234558105e-01
8.393797874450683594e-01
8.392113447189331055e-01
8.403423428535461426e-01
8.389828801155090332e-01
8.390523195266723633e-01
8.396774530410766602e-01
8.396476507186889648e-01
8.393451571464538574e-01
8.399502038955688477e-01
8.390378355979919434e-01
8.392609357833862305e-01
8.393551111221313477e-01
