7.651627299999745446e+00
1.397093799999947805e+01
2.050946690000000672e+01
2.707984370000031049e+01
3.344772860000011860e+01
3.985222679999969841e+01
4.649436020000030112e+01
5.256448999999975058e+01
5.932501899999988382e+01
6.588998050000009243e+01
7.236984269999993558e+01
7.881628300000011222e+01
8.511949420000019018e+01
9.235916040000029170e+01
9.890291069999966567e+01
1.051649619999998322e+02
1.122885614999995596e+02
1.187432737999997698e+02
1.252750692999998137e+02
1.316737225999995644e+02
1.381592590999998720e+02
1.447495935999995709e+02
1.511188240999999834e+02
1.576007386999999653e+02
1.641538036000001739e+02
1.704843577999999980e+02
1.767481987000001027e+02
1.834595078000002104e+02
1.899482097999998587e+02
1.961110391000001982e+02
2.027573285999997097e+02
2.094590025999996215e+02
2.157201514999997016e+02
2.225891630999994959e+02
2.290274398000001383e+02
2.353054979999997158e+02
2.420550320000002102e+02
2.489657655000000887e+02
2.555418981000002532e+02
2.621236016000002564e+02
2.683402592000002187e+02
2.751038290999995297e+02
2.816209857000003467e+02
2.880360540000001492e+02
2.945107132000002821e+02
3.011900241000003007e+02
3.077014940999997634e+02
3.141794810000001235e+02
3.207480500000001484e+02
3.272447339999998803e+02
3.337612741000002643e+02
3.404277018000002499e+02
3.469234306999996988e+02
3.534704184000001987e+02
3.597425397999995766e+02
3.663822895000002973e+02
3.732732211000002280e+02
3.799542062999998961e+02
3.863476745999996638e+02
3.926498442000001887e+02
3.995467575000002398e+02
4.060899800999995932e+02
4.126361196999996537e+02
4.197933243999996193e+02
4.263982635000002119e+02
4.329019756999996389e+02
4.397686267999997654e+02
4.462725760000002992e+02
4.528743210000002364e+02
4.594333507000001191e+02
4.662917875000002823e+02
4.729522624000001088e+02
4.797525374999995620e+02
4.863978283999995256e+02
4.930731224999999540e+02
4.999064532000002146e+02
5.064501969000002646e+02
5.130989945999999691e+02
5.198434922999995251e+02
5.264624866000003749e+02
5.330912373000001026e+02
5.398011797999997725e+02
5.463626690999999482e+02
5.528094691999995121e+02
5.598969711999998253e+02
5.664188064999998460e+02
5.728533897999996043e+02
5.797739980999995169e+02
5.860959271000001536e+02
5.929758486000000630e+02
6.004860863000003519e+02
6.071057584999998653e+02
6.137276326999999583e+02
6.201591763999995237e+02
6.267986873999998352e+02
6.339299494999995659e+02
6.404226410000001124e+02
6.473194998999997551e+02
6.540058723000001919e+02
6.607823468999995384e+02
6.799963139000001320e+02
7.000594320000000153e+02
7.200891405000002123e+02
7.399721369999997478e+02
7.600011145999997098e+02
7.801607807999998840e+02
8.001101403000002392e+02
8.198538257000000158e+02
8.406337851999996928e+02
8.609412004999994679e+02
8.808779391999996733e+02
9.007837166999997862e+02
9.211411178999996991e+02
9.408585581999996066e+02
9.614153223000002981e+02
9.813271752000000561e+02
1.001136535300000105e+03
1.021864700500000254e+03
1.041856114500000331e+03
1.062755811199999698e+03
1.082945329700000002e+03
1.103138336799999706e+03
1.123338855699999840e+03
1.143283151900000121e+03
1.164073335899999620e+03
1.184198168500000065e+03
1.204484608200000366e+03
1.224658193000000210e+03
1.244632510100000218e+03
1.264937619299999824e+03
1.285643937499999993e+03
1.306653530200000205e+03
1.327140906399999949e+03
1.347382230199999867e+03
1.367596759000000020e+03
1.388398332200000368e+03
1.408798567599999842e+03
1.429319585799999913e+03
1.449587923099999898e+03
1.469794348899999932e+03
1.489989035999999942e+03
1.510648743099999592e+03
1.531329812099999799e+03
1.552492509599999721e+03
1.573129976600000191e+03
1.593655070900000283e+03
1.614030955799999902e+03
1.634727159199999733e+03
1.655093833400000221e+03
1.675439530999999988e+03
1.696135432400000354e+03
1.716411555200000294e+03
1.736817994500000168e+03
1.757437551099999837e+03
1.777267174499999783e+03
1.798525593499999559e+03
1.819252591200000097e+03
1.839108415499999865e+03
1.859760664599999473e+03
1.880189755899999909e+03
1.900180722799999785e+03
1.920512275400000362e+03
1.941004377700000077e+03
1.961512128999999732e+03
1.981766145100000358e+03
2.001989299799999571e+03
2.022399263000000246e+03
2.043480193100000179e+03
2.064231273499999588e+03
2.084606034700000237e+03
2.105086703299999499e+03
2.125578082500000164e+03
2.146045869800000219e+03
2.166633991400000014e+03
2.187248770299999705e+03
2.207828089499999805e+03
2.228542403899999954e+03
2.249352636599999641e+03
2.269966468200000236e+03
2.290311638899999707e+03
2.311773873899999671e+03
2.332494068599999991e+03
2.353035985999999866e+03
2.373945721500000218e+03
2.394422035999999935e+03
2.415067875800000365e+03
2.435531457299999602e+03
