6.816530972719192505e-02
4.670380800962448120e-02
4.642300680279731750e-02
4.664399847388267517e-02
4.646993055939674377e-02
4.640898108482360840e-02
4.652055725455284119e-02
4.650087654590606689e-02
4.649395495653152466e-02
4.649263992905616760e-02
4.489570856094360352e-02
4.465720057487487793e-02
4.463278129696846008e-02
4.444873705506324768e-02
4.457341507077217102e-02
4.448662698268890381e-02
4.439046978950500488e-02
4.432468116283416748e-02
4.443888366222381592e-02
3.750226274132728577e-02
1.842313073575496674e-02
1.190848369151353836e-02
8.064712397754192352e-03
6.665476597845554352e-03
5.801188759505748749e-03
5.115444771945476532e-03
4.697948694229125977e-03
4.187931306660175323e-03
3.972262144088745117e-03
3.781347535550594330e-03
3.390320111066102982e-03
3.267170395702123642e-03
3.257289296016097069e-03
2.944678300991654396e-03
2.829022472724318504e-03
2.651015529409050941e-03
2.558262553066015244e-03
2.629985567182302475e-03
2.601681509986519814e-03
2.593079349026083946e-03
2.421122509986162186e-03
2.285269089043140411e-03
2.228747587651014328e-03
2.323351334780454636e-03
2.261714311316609383e-03
2.226970158517360687e-03
2.149256877601146698e-03
2.169579500332474709e-03
1.986660296097397804e-03
2.033299067988991737e-03
2.071202732622623444e-03
2.041946863755583763e-03
2.001995453611016273e-03
1.999359112232923508e-03
1.918045803904533386e-03
1.911553437821567059e-03
1.905576558783650398e-03
1.785811036825180054e-03
1.847229199483990669e-03
1.907425816170871258e-03
