6.963018299999999883e+00
1.014465090000000025e+01
1.336693179999999970e+01
1.649712420000000179e+01
1.973652009999999990e+01
2.293487359999999953e+01
2.621185970000000154e+01
2.939926150000000149e+01
3.255234830000000557e+01
3.580202359999999828e+01
4.419432580000000144e+01
5.280730429999999842e+01
6.128555350000000601e+01
6.980974989999999991e+01
7.825279830000000914e+01
8.673879740000000993e+01
9.523242670000000487e+01
1.036624368000000089e+02
1.122135346999999967e+02
1.207185439000000002e+02
1.293086947999999836e+02
1.378636296999999900e+02
1.463239778999999885e+02
1.548617596999999932e+02
1.633820921999999882e+02
1.719001705000000015e+02
1.803278719999999851e+02
1.888773475999999789e+02
1.974656597000000033e+02
2.059418732000000034e+02
2.145069269999999904e+02
2.231472469999999930e+02
2.316056450999999754e+02
2.400821997999999837e+02
2.488284114999999872e+02
2.574262856000000284e+02
2.659500060999999960e+02
2.745221275000000105e+02
2.831295310000000427e+02
2.916201090000000136e+02
3.002608413000000382e+02
3.088133519000000433e+02
3.173468240000000264e+02
3.259069509999999923e+02
3.344484674000000268e+02
3.430994831000000431e+02
3.516240161000000057e+02
3.601001677000000427e+02
3.686165560000000028e+02
3.771517674000000397e+02
3.858549186000000191e+02
3.943594677000000388e+02
4.028666424000000461e+02
4.113687072000000171e+02
4.199050443000000428e+02
4.284036782000000017e+02
4.369268833000000427e+02
4.454246744000000149e+02
4.539148671000000377e+02
4.624233027000000220e+02
