4.511418875609524548e+01
6.153839492914266884e+01
7.819092468707822263e+01
9.547271508397534490e+01
1.123286958129610866e+02
1.288552407401148230e+02
1.458763137981295586e+02
1.634118490139953792e+02
1.808410048559308052e+02
1.980740977250970900e+02
2.155150774391368032e+02
2.330923215609509498e+02
2.503118484751321375e+02
2.671234738901257515e+02
2.842000842341221869e+02
3.016120744319632649e+02
3.181609862509649247e+02
3.349547928229440004e+02
3.521757885059341788e+02
3.689675878849811852e+02
3.859473779811523855e+02
4.025593369591515511e+02
4.194164310400374234e+02
4.361657832979690284e+02
4.525329432729631662e+02
4.694203379389364272e+02
4.864116521549876779e+02
5.034540176300797611e+02
5.199043292640708387e+02
5.363422065479680896e+02
5.528006125639658421e+02
5.695450093511026353e+02
5.866869036310818046e+02
6.036531526141334325e+02
6.206420199221465737e+02
6.368022817510645837e+02
6.530543008220847696e+02
6.702030385490506887e+02
6.875761547021102160e+02
7.043977984639350325e+02
7.213289135559462011e+02
7.377605243860743940e+02
7.544544978979974985e+02
7.713535110750235617e+02
7.884572089549619704e+02
8.052791371429339051e+02
8.224955620369873941e+02
8.395553071801550686e+02
8.555711729130707681e+02
8.726028281270992011e+02
8.895127155820373446e+02
9.066110217999666929e+02
9.232470070279669017e+02
9.402370517861563712e+02
9.896584379530977458e+02
1.007948275072965771e+03
1.025982227550121024e+03
1.044114320208085701e+03
1.061296526459977031e+03
1.079330254878150299e+03
1.097336889154044911e+03
1.115425835150992498e+03
1.132838681223103777e+03
1.151045530790928751e+03
1.168518625634023920e+03
1.186699797241017222e+03
1.203819151717005298e+03
1.221692907107062638e+03
1.239432599432067946e+03
1.257888199652079493e+03
1.275610408813925460e+03
1.293200276350136846e+03
1.311145862593082711e+03
1.329057433899957687e+03
1.346802485218038782e+03
1.364802451947936788e+03
1.382068048130022362e+03
1.399432468377053738e+03
1.417518688891083002e+03
1.435917216136120260e+03
1.453776119674090296e+03
1.471927244262071326e+03
1.489884875098010525e+03
1.508299784563947469e+03
1.526083694207016379e+03
1.543574615119025111e+03
1.561460748295066878e+03
1.579095645182067528e+03
1.597313936464954168e+03
1.614734826263040304e+03
1.632101560116978362e+03
1.649836535934126005e+03
1.667425551484106109e+03
1.685906249179970473e+03
1.703397900304058567e+03
1.721889444648055360e+03
1.739362621423089877e+03
1.757497414876939729e+03
1.776025579195935279e+03
1.793680164602119476e+03
1.843824103228980675e+03
1.892958770012017339e+03
1.944253979454981163e+03
1.994528008270077407e+03
2.043849859408102930e+03
2.093790808977093548e+03
2.144472690745955333e+03
2.195444250250002369e+03
2.245082540503935888e+03
2.295863458103965968e+03
2.347074257688131183e+03
2.395541221444029361e+03
2.446787219105055556e+03
2.499729002190986648e+03
2.551236660933122039e+03
2.602761856463970616e+03
2.652924624494044110e+03
2.703266193295130506e+03
2.753281902052927762e+03
2.802797210636083037e+03
2.851863816221943125e+03
2.901710980020929128e+03
2.951655475235078484e+03
3.001443057402968407e+03
3.051653335588052869e+03
3.101004078679950908e+03
3.149730857301969081e+03
3.198515852398937568e+03
3.248459994578035548e+03
3.297867002693004906e+03
3.347767263323999941e+03
3.398012360454071313e+03
3.446356598501093686e+03
3.497846668508136645e+03
3.547305754407076165e+03
3.597218640452949330e+03
3.646862084063934162e+03
3.695927837846102193e+03
3.745501083915121853e+03
3.795419311823090538e+03
3.843069623955991119e+03
3.892743138122139499e+03
3.943135131403105333e+03
3.992698924710974097e+03
4.043393999277148396e+03
4.092253452098928392e+03
4.140166701887967065e+03
4.193142484943149611e+03
4.243539046674035490e+03
4.296429957445943728e+03
4.347414574929047376e+03
4.396569223791128024e+03
4.446100332121131942e+03
4.496885654303012416e+03
4.546728952927980572e+03
4.597515695092966780e+03
4.648865139441099018e+03
4.700225796048063785e+03
4.751623682426987216e+03
4.801687257776036859e+03
4.853077582478057593e+03
4.902745708127040416e+03
4.953582435100106522e+03
5.002886757353087887e+03
5.052750728028127924e+03
5.103113484827103093e+03
5.155020352184074000e+03
5.205373940918128937e+03
5.256609530132962391e+03
5.306765572777949274e+03
5.358341497926972806e+03
5.408441635424038395e+03
5.459011978687951341e+03
5.508696817771065980e+03
5.559910889750113711e+03
5.607654747178079560e+03
5.659175668000942096e+03
5.708556789087131619e+03
5.759535388608928770e+03
5.810128047079080716e+03
5.860660418804036453e+03
5.910916533583076671e+03
5.960494033599970862e+03
6.010773425752064213e+03
6.061034943267935887e+03
6.110723883135942742e+03
6.160549497879110277e+03
6.208924798310035840e+03
6.258534570367075503e+03
6.309532496402971447e+03
6.359821031756000593e+03
6.410914828242966905e+03
6.460584379516076297e+03
6.511710652077104896e+03
6.560812637360999361e+03
6.613181532164104283e+03
6.663109752721153200e+03
6.712706375580979511e+03
6.763084050877019763e+03
6.813287484557135031e+03
7.116893764727050439e+03
7.414585478547029197e+03
7.710281729353126138e+03
8.001629691848997027e+03
8.296041009339038283e+03
8.593864521455019712e+03
8.886445402067154646e+03
9.184229389449115843e+03
9.483287344770040363e+03
9.781498582866042852e+03
1.008173792128800415e+04
1.037666383242513984e+04
1.067303390792105347e+04
1.096986221097409725e+04
1.126798956565000117e+04
1.156762256428506225e+04
1.186544069266994484e+04
1.216897970794700086e+04
1.246387072099908255e+04
1.275930970014212653e+04
1.306227848195214756e+04
1.335415287593100220e+04
1.364850868788803928e+04
1.394855808231607080e+04
1.424199088015803136e+04
1.454023718793108128e+04
1.483705934932106175e+04
1.513095567000610754e+04
1.542783027486898936e+04
1.572360240649012849e+04
1.602101190669508651e+04
1.631827642501401715e+04
1.662021012265398167e+04
1.691988337269402109e+04
1.722149480093107559e+04
1.751867178494692780e+04
1.781896540149603970e+04
1.811984748413600028e+04
1.841678360870108008e+04
1.871647928769793361e+04
1.901037484026304446e+04
1.930686419473611750e+04
1.960695291413809173e+04
1.989996237392397597e+04
2.019217964422609657e+04
2.048895171176013537e+04
2.078233461332204752e+04
2.107454045125795528e+04
2.136612511065392755e+04
2.166236077251494862e+04
2.196061455512302928e+04
2.225679792787902988e+04
2.255048335136915557e+04
2.284159861854696646e+04
2.313757313089305535e+04
2.343570996114704758e+04
2.373240332438610494e+04
2.403070611323905177e+04
2.432569512670207769e+04
2.462178652825392783e+04
2.492063313816906884e+04
2.521939793029800057e+04
2.552081172812404111e+04
2.586276012321398593e+04
2.616984526257799007e+04
2.649263117032614537e+04
2.680874326359597035e+04
2.713029329530801624e+04
2.744974141446407884e+04
2.776981321656703949e+04
2.808443705739895813e+04
2.840450936854397878e+04
2.872253418243909255e+04
2.904014085607393645e+04
2.935241297447006218e+04
2.966130955599807203e+04
2.998236864922009408e+04
3.030046076252101921e+04
3.061996976017905399e+04
3.093388218935392797e+04
3.125147703969804570e+04
3.157200990007608198e+04
3.188997065860708244e+04
3.220858487135893665e+04
3.252797629080200568e+04
3.284288380700396374e+04
3.315671558154793456e+04
3.347613693848811090e+04
3.379515849751513451e+04
3.411788921672897413e+04
3.442791797738708556e+04
3.473341073150001466e+04
3.505458767191297375e+04
3.537167753171199001e+04
3.568388530976907350e+04
3.599897292363503948e+04
3.631926567869214341e+04
3.663916011046199128e+04
3.695449734147894196e+04
3.726813030161499046e+04
3.913112763487501070e+04
4.104325727008003742e+04
4.295323532043001615e+04
4.484187781511899084e+04
4.671714301103306934e+04
4.860286588924401440e+04
5.049979023869708180e+04
5.240294854890415445e+04
5.430769963048910722e+04
5.621051964857499115e+04
5.810189376827911474e+04
5.998393586591305211e+04
6.188178565238509327e+04
6.377688892131904140e+04
6.568420209305896424e+04
6.757840599146601744e+04
6.948370858835708350e+04
7.139115342498593964e+04
7.328712349775410257e+04
7.521179502575402148e+04
7.713835492817498744e+04
7.902042900060606189e+04
8.092816143873496912e+04
8.284268666918994859e+04
8.475326204438298009e+04
8.664266332774912007e+04
8.851531859257607721e+04
9.042168939406098798e+04
9.231769175862194970e+04
9.421508432687306777e+04
9.610544072511908598e+04
9.800214373759506270e+04
9.987689422296709381e+04
1.017685344014421571e+05
1.036814410877339542e+05
1.055892019014160614e+05
1.074999351536370814e+05
1.093776967840960715e+05
1.112898420783169568e+05
1.131806982127020601e+05
1.150785565417259932e+05
1.169820162255920004e+05
1.188836009136110079e+05
1.207807793722101487e+05
1.226738507711051498e+05
1.245809513174570166e+05
1.264750178939080797e+05
1.283739158052511048e+05
1.302492334079190623e+05
1.321544726137351245e+05
1.340365492057569791e+05
1.359474884321470745e+05
1.378417117631970905e+05
1.397277122562890872e+05
1.416439473434779793e+05
1.435545165794771165e+05
1.454435115694571286e+05
1.473484661123030819e+05
1.492529488782670815e+05
1.511584185530859977e+05
1.530522840232569724e+05
1.549576147236451507e+05
1.569875184463481419e+05
1.590373859156251419e+05
1.610404722098391503e+05
1.630834272151021287e+05
1.651248557512529660e+05
1.673533541326650884e+05
1.693871624665481504e+05
1.714323721680010203e+05
1.734275229518699925e+05
1.754543306269641034e+05
1.774902369496780448e+05
1.795443711594010238e+05
1.815592900697430596e+05
1.835506110520490911e+05
1.855821790824041236e+05
1.876139578164750710e+05
