3.855884099999457248e+00
6.143280399999639485e+00
8.410984399999506422e+00
1.080605360000026849e+01
1.310918510000010428e+01
1.538477179999972577e+01
1.767437040000004345e+01
1.994945719999941502e+01
2.223609489999944344e+01
2.449629910000021482e+01
2.680220659999940835e+01
2.907523899999978312e+01
3.136937739999939367e+01
3.365743199999997159e+01
3.591256520000024466e+01
3.827161979999982577e+01
4.054521699999986595e+01
4.282292520000009972e+01
4.514784510000026785e+01
4.744942480000008800e+01
4.960510679999970307e+01
5.191008020000026590e+01
5.432024279999950522e+01
5.660481429999981628e+01
5.888710639999953855e+01
6.119102239999938320e+01
6.334875610000017332e+01
6.568472229999952106e+01
6.793064349999986007e+01
7.008073710000007850e+01
7.276286179999988235e+01
7.504763099999945553e+01
7.729079189999993105e+01
7.954377109999950335e+01
8.182979290000002948e+01
8.410598310000023048e+01
8.638405629999942903e+01
8.866407119999985298e+01
9.080105469999944034e+01
9.309202159999949799e+01
9.532415669999954844e+01
9.754866289999972651e+01
9.984263300000020536e+01
1.019786979000000429e+02
1.042727531999998973e+02
1.065626843000000008e+02
1.087866342999996050e+02
1.110667505999999776e+02
1.133386757999996917e+02
1.154828378000001976e+02
1.177589158999999199e+02
1.229625629000001936e+02
1.285948634999995193e+02
1.339258085999999821e+02
1.391095140999996147e+02
1.447575182000000495e+02
1.501243892000002234e+02
1.554669034999997166e+02
1.611524748000001637e+02
1.665153632000001380e+02
1.719370817999997598e+02
1.776381497000002128e+02
1.830063688000000184e+02
1.884164688999999271e+02
1.945268175999999585e+02
1.999477270999996108e+02
2.053322797000000719e+02
2.111598944999996093e+02
2.166529452999993737e+02
2.221999777000000904e+02
2.280091646000000765e+02
2.334842041000001700e+02
2.389723150999998325e+02
2.448171468000000459e+02
2.502193851000001814e+02
2.556367396999994526e+02
2.615741289999996297e+02
2.670222589999993943e+02
2.725495962999993935e+02
2.783240369999994073e+02
2.837399169000000256e+02
2.893120245999998588e+02
2.950913107999995191e+02
3.005121884000000136e+02
3.060342080999998871e+02
3.122676738999998634e+02
3.177303228000000672e+02
3.232247095000002446e+02
3.289630461999995532e+02
3.344200279999995473e+02
3.400190869999996721e+02
3.456681343000000197e+02
3.510789444000001822e+02
3.564640622999995685e+02
3.623374632999993992e+02
3.676681989999997313e+02
3.732552098999994996e+02
3.790802702999999383e+02
3.845369781999997940e+02
3.898920123999996576e+02
3.954383649000001242e+02
4.008658907999997609e+02
4.066361421000001428e+02
4.119429933999999776e+02
4.173827976000002309e+02
4.231491277999994054e+02
4.284758710999994946e+02
4.339222061000000394e+02
4.401124238000002151e+02
4.455159929000001284e+02
4.509898701000001893e+02
4.565309296999994331e+02
4.620660061999997197e+02
4.675563400999999430e+02
4.732550857999995060e+02
4.786400789999997869e+02
4.840332311000001937e+02
4.897801549999994677e+02
4.952755178999996133e+02
5.006928604999993695e+02
5.063677086999996391e+02
5.117527023000002373e+02
5.171236957000000984e+02
5.228025753000001714e+02
5.281984760999994251e+02
