1.855689119999988179e+01
3.642750459999979284e+01
5.395116670000015802e+01
7.217433780000010302e+01
9.019110189999992144e+01
1.074566668000002210e+02
1.258015464000000065e+02
1.438097082999997838e+02
1.612851254000001973e+02
1.794893353000002207e+02
1.973820211000002018e+02
2.148317713999999796e+02
2.330252377000001616e+02
2.511637682000000495e+02
2.688372506000000612e+02
2.871563916999998582e+02
3.052448224999998274e+02
3.227080937000000631e+02
3.406729409999998097e+02
3.583643016999999418e+02
3.752788995999999315e+02
3.935052221999999347e+02
4.111281066999999894e+02
4.280230870999998842e+02
4.460769580999999562e+02
4.639249276000000464e+02
4.812453918000001067e+02
4.992824553999998898e+02
5.167042179999998552e+02
5.336877175999998144e+02
5.517061499000001277e+02
5.693066862000000583e+02
5.863383069999999861e+02
6.043801644999998643e+02
6.219050956999999471e+02
6.388647488000001431e+02
6.568076869999999872e+02
6.744337819000002128e+02
6.913442914000002020e+02
7.094452851000000919e+02
7.270035581999995884e+02
7.441666688000000249e+02
7.623540473999996721e+02
7.798743933000000652e+02
7.966315295999997943e+02
8.147184582000004411e+02
8.321424794999998085e+02
8.493803429000004144e+02
8.673343331000000944e+02
8.850624750000001768e+02
9.021004739000004520e+02
9.202658487000003333e+02
9.378387281000000257e+02
9.551981087999997726e+02
9.735494563999995989e+02
9.915176124000004165e+02
1.008824487399999725e+03
1.026945345100000395e+03
1.044651102299999820e+03
1.061890157299999828e+03
1.080176944800000001e+03
1.098026201799999853e+03
1.115296221299999615e+03
1.133738482399999612e+03
1.151549871900000198e+03
