8.807449936866760254e-01
8.843277096748352051e-01
8.846905827522277832e-01
8.838226795196533203e-01
8.834436535835266113e-01
8.841697573661804199e-01
8.838068842887878418e-01
8.838382363319396973e-01
8.838700652122497559e-01
8.848485946655273438e-01
8.654314279556274414e-01
8.656991720199584961e-01
8.656399846076965332e-01
8.655806183815002441e-01
8.655557632446289062e-01
8.658630251884460449e-01
8.659079670906066895e-01
8.662152886390686035e-01
8.653423786163330078e-01
8.657539486885070801e-01
8.658680915832519531e-01
