1.112545040000000007e+01
1.795715060000000207e+01
2.478662070000000028e+01
3.156382169999999832e+01
3.817524610000000251e+01
4.528763570000000271e+01
5.203319890000000214e+01
5.881757170000000201e+01
6.570806029999999964e+01
7.233688699999999017e+01
9.153907639999999901e+01
1.107689095999999864e+02
1.299886759999999981e+02
1.493746484000000123e+02
1.687246005000000082e+02
1.879203344999999956e+02
2.072496548999999959e+02
2.268741263999999944e+02
2.458859730000000070e+02
2.649410012999999822e+02
2.842235406000000353e+02
