8.855901956558227539e-01
9.244791865348815918e-01
9.270831942558288574e-01
9.230902791023254395e-01
9.434026479721069336e-01
9.152777791023254395e-01
9.343751668930053711e-01
9.085069894790649414e-01
9.227431416511535645e-01
9.506944417953491211e-01
9.296873807907104492e-01
9.375001192092895508e-01
9.128471612930297852e-01
9.402778744697570801e-01
9.305556416511535645e-01
9.270833730697631836e-01
9.269097447395324707e-01
9.185763597488403320e-01
9.342015385627746582e-01
9.189236760139465332e-01
9.246529340744018555e-01
9.204860925674438477e-01
9.203125238418579102e-01
9.369791150093078613e-01
9.373263120651245117e-01
9.397569894790649414e-01
9.366319775581359863e-01
9.352430105209350586e-01
9.350694417953491211e-01
9.409721493721008301e-01
9.364584684371948242e-01
9.371527433395385742e-01
9.416666030883789062e-01
9.406250119209289551e-01
9.437500834465026855e-01
9.522569775581359863e-01
9.414930343627929688e-01
9.460068941116333008e-01
9.486110806465148926e-01
9.524304270744323730e-01
9.553819894790649414e-01
9.602431058883666992e-01
9.543402791023254395e-01
9.574652910232543945e-01
9.628473520278930664e-01
9.604166746139526367e-01
9.637153744697570801e-01
9.647570848464965820e-01
9.671875834465026855e-01
9.635416269302368164e-01
9.611110687255859375e-01
9.670138359069824219e-01
9.611111879348754883e-01
9.664930105209350586e-01
9.640625119209289551e-01
9.663195610046386719e-01
9.614583253860473633e-01
9.645833969116210938e-01
9.694443941116333008e-01
9.635418057441711426e-01
9.668402671813964844e-01
9.673611521720886230e-01
9.685764312744140625e-01
9.654515385627746582e-01
9.690971374511718750e-01
9.635416865348815918e-01
9.710069894790649414e-01
9.649305343627929688e-01
9.656249880790710449e-01
9.673610925674438477e-01
9.703125953674316406e-01
9.652777910232543945e-01
9.657986760139465332e-01
9.671874046325683594e-01
9.684028625488281250e-01
9.678818583488464355e-01
9.730902910232543945e-01
9.677084088325500488e-01
9.699652791023254395e-01
9.656249284744262695e-01
9.597221612930297852e-01
9.314232468605041504e-01
9.362543225288391113e-01
9.366698265075683594e-01
9.384811520576477051e-01
9.402929544448852539e-01
9.389718174934387207e-01
9.421045780181884766e-01
9.448972940444946289e-01
9.452747702598571777e-01
9.441425204277038574e-01
9.467089176177978516e-01
9.443690180778503418e-01
9.485581517219543457e-01
9.443312883377075195e-01
9.464825391769409180e-01
9.470108151435852051e-01
9.494641423225402832e-01
9.485581517219543457e-01
9.472749829292297363e-01
9.500681757926940918e-01
9.482942819595336914e-01
9.494262337684631348e-01
9.504831433296203613e-01
9.493131041526794434e-01
9.512379765510559082e-01
9.506342411041259766e-01
9.521060585975646973e-01
9.529741406440734863e-01
9.525212049484252930e-01
9.510493278503417969e-01
9.504076242446899414e-01
9.513888955116271973e-01
9.543702602386474609e-01
9.539175629615783691e-01
9.516908526420593262e-01
9.497663378715515137e-01
9.521812796592712402e-01
9.531625509262084961e-01
9.530493617057800293e-01
9.523324370384216309e-01
9.524457454681396484e-01
9.523324370384216309e-01
9.526345729827880859e-01
9.536156058311462402e-01
9.533513784408569336e-01
9.526346325874328613e-01
9.532386064529418945e-01
9.520681500434875488e-01
9.508227705955505371e-01
9.546722769737243652e-01
9.527098536491394043e-01
9.521436095237731934e-01
9.536158442497253418e-01
9.521815180778503418e-01
