5.224166000000000309e+00
6.676457799999999665e+00
8.121959500000000887e+00
9.555066100000001228e+00
1.103227329999999995e+01
1.253158390000000111e+01
1.398102420000000023e+01
1.547078589999999920e+01
1.696273030000000048e+01
1.849827289999999991e+01
1.996867509999999868e+01
2.143192120000000145e+01
2.287357730000000089e+01
2.436161279999999962e+01
2.576488129999999899e+01
2.731282859999999957e+01
2.876019110000000012e+01
3.022637510000000205e+01
3.167596800000000101e+01
3.313578270000000003e+01
3.460638189999999526e+01
3.601806639999999504e+01
3.749710529999999409e+01
3.897652719999999960e+01
4.040307789999999954e+01
4.188166939999999983e+01
4.335049849999999338e+01
4.480476189999999548e+01
4.626196519999999879e+01
4.768878189999999506e+01
4.915487710000000021e+01
5.057828609999999969e+01
5.386383199999999505e+01
5.699780369999999863e+01
6.005836389999999625e+01
6.313256829999999553e+01
6.614815370000000883e+01
6.921047049999999956e+01
7.291786390000000040e+01
7.744560610000000622e+01
8.044735130000000822e+01
8.293611640000000307e+01
8.494264830000000188e+01
8.745007480000001010e+01
8.968155280000000573e+01
9.178998810000000219e+01
9.376749290000000769e+01
9.575713890000000106e+01
9.769293570000000670e+01
9.968945320000000265e+01
1.018432805999999999e+02
1.107117989000000051e+02
1.192264825000000030e+02
1.227230633000000068e+02
1.248818149000000091e+02
1.273175019999999904e+02
1.296688202999999930e+02
1.319381712999999934e+02
1.334780968999999970e+02
1.351185301000000152e+02
1.366238884999999925e+02
1.381351191999999912e+02
1.397328747999999905e+02
1.413199858000000120e+02
1.429214120999999977e+02
1.444726972999999930e+02
1.459473885000000166e+02
1.475802548000000058e+02
1.491599280000000078e+02
1.507240867000000151e+02
1.522261708999999996e+02
1.537271133000000134e+02
1.552484329000000116e+02
1.567466354000000024e+02
1.582670439999999985e+02
1.597534591000000148e+02
1.612912018000000103e+02
1.627808459999999968e+02
1.642415831000000139e+02
1.657653299000000118e+02
1.672875887000000148e+02
1.715094330000000014e+02
1.758324013000000150e+02
1.801091553999999917e+02
1.843003121000000135e+02
1.885751233000000013e+02
1.927980555999999979e+02
1.969963441000000159e+02
2.013257677000000001e+02
2.062463547000000119e+02
2.106600638000000174e+02
2.149261468999999920e+02
2.191646200000000135e+02
2.235020801000000006e+02
2.277812130000000082e+02
2.319952737000000127e+02
2.363779768999999931e+02
2.406753216000000180e+02
2.449342349000000070e+02
2.491419228000000032e+02
2.534734061000000054e+02
2.577230684999999539e+02
2.619298577999999793e+02
2.663857553999999936e+02
2.708866794999999570e+02
2.750983172999999624e+02
2.792629287999999974e+02
2.835692052999999646e+02
2.877819144999999708e+02
2.919997433999999998e+02
2.962338872999999921e+02
3.005031521999999882e+02
3.046947214999999574e+02
3.090006745999999680e+02
3.131990443999999911e+02
3.174600090999999793e+02
3.217529418999999962e+02
3.260285834999999679e+02
3.302938294999999584e+02
3.345771544999999492e+02
3.388105161999999950e+02
3.430714758999999958e+02
3.473170448999999849e+02
3.517318795999999566e+02
3.560399708999999575e+02
3.604105225999999789e+02
3.646601094999999759e+02
3.689136147999999480e+02
3.734471178000000009e+02
3.777526017999999794e+02
3.820813163999999915e+02
3.864638121999999498e+02
3.907562401999999793e+02
3.955023973999999498e+02
4.001915096999999832e+02
