6.563785672187805176e-02
6.122753024101257324e-02
5.842609331011772156e-02
5.656918883323669434e-02
5.497244000434875488e-02
5.406997352838516235e-02
5.309414491057395935e-02
5.156712979078292847e-02
5.107385292649269104e-02
5.007188022136688232e-02
4.992300644516944885e-02
4.937372356653213501e-02
4.805086925625801086e-02
4.715206101536750793e-02
4.661626368761062622e-02
4.710397124290466309e-02
4.700179398059844971e-02
4.591831192374229431e-02
4.546124860644340515e-02
4.455236345529556274e-02
4.413942247629165649e-02
4.415573179721832275e-02
4.304706677794456482e-02
4.358436167240142822e-02
4.301827773451805115e-02
4.351329803466796875e-02
4.276754334568977356e-02
4.182566329836845398e-02
4.209782555699348450e-02
4.232370853424072266e-02
4.163692519068717957e-02
4.129289090633392334e-02
4.117172211408615112e-02
4.051229357719421387e-02
4.040389508008956909e-02
4.023903980851173401e-02
4.055603966116905212e-02
4.013710096478462219e-02
4.080684483051300049e-02
8.272390067577362061e-02
7.653553783893585205e-02
7.343827188014984131e-02
7.040203362703323364e-02
6.816434115171432495e-02
6.676276773214340210e-02
6.566443294286727905e-02
6.404382735490798950e-02
6.298440694808959961e-02
6.182356178760528564e-02
6.031111627817153931e-02
6.071551889181137085e-02
5.842453613877296448e-02
5.853613838553428650e-02
5.764164775609970093e-02
5.581588298082351685e-02
5.586095154285430908e-02
5.481608211994171143e-02
5.498763546347618103e-02
5.270447582006454468e-02
5.291751399636268616e-02
5.275662243366241455e-02
5.245881527662277222e-02
5.095048248767852783e-02
4.952478781342506409e-02
5.044757202267646790e-02
5.043778568506240845e-02
4.898095503449440002e-02
4.848765209317207336e-02
4.744015634059906006e-02
4.737620055675506592e-02
4.694235697388648987e-02
4.729614779353141785e-02
4.635141044855117798e-02
4.589469358325004578e-02
4.516957327723503113e-02
4.549391567707061768e-02
4.495974630117416382e-02
4.449542984366416931e-02
4.467163607478141785e-02
4.362951591610908508e-02
4.358155652880668640e-02
4.368468374013900757e-02
4.325413331389427185e-02
4.276578873395919800e-02
4.315075278282165527e-02
4.295511543750762939e-02
4.259388148784637451e-02
4.274636879563331604e-02
4.165715724229812622e-02
4.176576435565948486e-02
4.014413803815841675e-02
4.144328087568283081e-02
4.127717018127441406e-02
4.194511845707893372e-02
4.262933880090713501e-02
4.163135588169097900e-02
4.189830273389816284e-02
4.122274369001388550e-02
4.173622652888298035e-02
4.102344438433647156e-02
4.131715744733810425e-02
4.078251495957374573e-02
4.089774936437606812e-02
4.089770466089248657e-02
4.068331792950630188e-02
4.012558609247207642e-02
4.056151956319808960e-02
4.086297005414962769e-02
4.327273368835449219e-02
4.232341423630714417e-02
4.224702343344688416e-02
4.240834340453147888e-02
4.169644042849540710e-02
4.127943888306617737e-02
4.167791828513145447e-02
4.119568318128585815e-02
4.201841726899147034e-02
4.053988307714462280e-02
4.046512767672538757e-02
4.114367812871932983e-02
4.068909958004951477e-02
4.097351059317588806e-02
4.159238189458847046e-02
