6.238194108009338379e-01
6.284721493721008301e-01
6.329861879348754883e-01
6.314581632614135742e-01
6.421527266502380371e-01
6.356596946716308594e-01
6.430208683013916016e-01
6.171875596046447754e-01
5.660764575004577637e-01
5.859721899032592773e-01
5.668056011199951172e-01
5.894791483879089355e-01
6.457985043525695801e-01
6.514236330986022949e-01
6.457638740539550781e-01
6.869097948074340820e-01
6.992362141609191895e-01
7.009375095367431641e-01
6.690971255302429199e-01
6.371179819107055664e-01
6.637499332427978516e-01
6.785417795181274414e-01
6.257292032241821289e-01
6.567360758781433105e-01
6.881943345069885254e-01
6.551388502120971680e-01
6.647915840148925781e-01
6.515624523162841797e-01
6.595138311386108398e-01
6.625694036483764648e-01
6.510068774223327637e-01
6.512499451637268066e-01
6.569095849990844727e-01
6.707292199134826660e-01
6.797221899032592773e-01
6.568748354911804199e-01
6.453472375869750977e-01
6.576042175292968750e-01
6.736458539962768555e-01
6.773264408111572266e-01
6.769096851348876953e-01
6.885762214660644531e-01
6.858332753181457520e-01
6.955904960632324219e-01
6.984375119209289551e-01
6.837848424911499023e-01
6.762152910232543945e-01
6.852083802223205566e-01
6.921179890632629395e-01
7.044446468353271484e-01
6.931943297386169434e-01
7.192709445953369141e-01
7.319444417953491211e-01
7.413194179534912109e-01
7.325347661972045898e-01
7.246527075767517090e-01
7.094790935516357422e-01
7.235068678855895996e-01
7.215971946716308594e-01
7.168402075767517090e-01
7.178124785423278809e-01
7.151042819023132324e-01
7.037500143051147461e-01
7.163890004158020020e-01
7.159721255302429199e-01
7.162154912948608398e-01
7.264583110809326172e-01
7.311459183692932129e-01
7.230902910232543945e-01
7.229514122009277344e-01
7.171180844306945801e-01
7.188541293144226074e-01
7.355207800865173340e-01
7.382291555404663086e-01
7.423611283302307129e-01
7.364236712455749512e-01
7.417361736297607422e-01
7.339583635330200195e-01
7.371875643730163574e-01
7.506250143051147461e-01
7.458334565162658691e-01
7.480209469795227051e-01
7.459723949432373047e-01
7.506250143051147461e-01
7.474305033683776855e-01
7.570831775665283203e-01
7.644442915916442871e-01
7.562847137451171875e-01
7.601040601730346680e-01
7.616667151451110840e-01
7.601042389869689941e-01
7.557986378669738770e-01
7.562847137451171875e-01
7.546179890632629395e-01
7.622569799423217773e-01
7.544443607330322266e-01
7.568403482437133789e-01
7.570139169692993164e-01
7.592707276344299316e-01
7.621876001358032227e-01
7.554862499237060547e-01
7.581944465637207031e-01
7.593055963516235352e-01
7.576388716697692871e-01
7.609722614288330078e-01
7.632293105125427246e-01
7.620139122009277344e-01
7.667361497879028320e-01
7.665625214576721191e-01
7.705208063125610352e-01
7.668402194976806641e-01
7.645832896232604980e-01
7.519444227218627930e-01
7.567361593246459961e-01
7.570834159851074219e-01
7.584375143051147461e-01
7.646528482437133789e-01
7.620139122009277344e-01
7.576042413711547852e-01
7.594444751739501953e-01
7.561806440353393555e-01
7.542707324028015137e-01
7.569444775581359863e-01
7.580554485321044922e-01
7.597915530204772949e-01
7.623264193534851074e-01
7.634721994400024414e-01
7.551736235618591309e-01
