5.281944870948791504e-01
5.320485830307006836e-01
5.388194918632507324e-01
5.407639145851135254e-01
5.496180653572082520e-01
5.517360568046569824e-01
5.514582991600036621e-01
5.518402457237243652e-01
5.607985854148864746e-01
5.605903863906860352e-01
5.684375166893005371e-01
5.664929747581481934e-01
5.725693702697753906e-01
5.688194036483764648e-01
5.708332657814025879e-01
5.728471875190734863e-01
5.724653005599975586e-01
5.725694894790649414e-01
5.729166269302368164e-01
5.590972304344177246e-01
5.897570252418518066e-01
5.963194370269775391e-01
5.976736545562744141e-01
6.011806130409240723e-01
6.042013764381408691e-01
6.095139980316162109e-01
6.017709970474243164e-01
6.120486259460449219e-01
6.122568249702453613e-01
6.109027266502380371e-01
6.082639098167419434e-01
6.163540482521057129e-01
6.188889741897583008e-01
6.132986545562744141e-01
6.129166483879089355e-01
6.184027791023254395e-01
6.156597733497619629e-01
6.094444394111633301e-01
6.243748664855957031e-01
6.378124356269836426e-01
6.382638812065124512e-01
6.441317796707153320e-01
6.469792127609252930e-01
6.547916531562805176e-01
6.581944227218627930e-01
6.535069346427917480e-01
6.561458706855773926e-01
6.599652767181396484e-01
6.607984900474548340e-01
6.686458587646484375e-01
6.577082872390747070e-01
6.683333516120910645e-01
6.659374237060546875e-01
6.704512834548950195e-01
6.631249189376831055e-01
6.642361283302307129e-01
6.718750596046447754e-01
6.686459183692932129e-01
6.686457991600036621e-01
6.714930534362792969e-01
6.757291555404663086e-01
6.723610758781433105e-01
6.706597208976745605e-01
6.725346446037292480e-01
6.917707920074462891e-01
7.080903649330139160e-01
7.118403911590576172e-01
7.135417461395263672e-01
7.175346612930297852e-01
7.248610854148864746e-01
7.307290434837341309e-01
7.299652099609375000e-01
7.414234280586242676e-01
7.398610711097717285e-01
7.456945776939392090e-01
7.436457872390747070e-01
7.425346970558166504e-01
7.434375882148742676e-01
7.508681416511535645e-01
7.425346970558166504e-01
7.467013597488403320e-01
7.467014789581298828e-01
7.490972876548767090e-01
7.455903887748718262e-01
7.455555796623229980e-01
7.485416531562805176e-01
7.440278530120849609e-01
7.484027743339538574e-01
7.475346922874450684e-01
7.460068464279174805e-01
7.434375882148742676e-01
7.536110877990722656e-01
7.488193511962890625e-01
7.541320323944091797e-01
7.494791150093078613e-01
7.508680224418640137e-01
7.539584636688232422e-01
7.590972185134887695e-01
7.561457157135009766e-01
7.528819441795349121e-01
7.555902004241943359e-01
7.519443631172180176e-01
7.510765194892883301e-01
7.472223043441772461e-01
7.454512715339660645e-01
7.510417103767395020e-01
7.492362260818481445e-01
7.467708587646484375e-01
7.427777051925659180e-01
7.420833706855773926e-01
7.449651956558227539e-01
