5.374999642372131348e-01
5.543751120567321777e-01
5.552082657814025879e-01
5.630208253860473633e-01
5.634375810623168945e-01
5.621179342269897461e-01
5.619791746139526367e-01
5.682291388511657715e-01
5.714235901832580566e-01
5.734375119209289551e-01
5.759722590446472168e-01
5.782638788223266602e-01
5.786456465721130371e-01
5.734028220176696777e-01
5.739235877990722656e-01
5.731598138809204102e-01
5.770486593246459961e-01
5.735764503479003906e-01
5.766666531562805176e-01
5.818055868148803711e-01
5.800347328186035156e-01
5.789583325386047363e-01
5.852082371711730957e-01
5.826388597488403320e-01
5.771874189376831055e-01
5.789237022399902344e-01
5.814929604530334473e-01
5.721874833106994629e-01
5.844792127609252930e-01
5.946527719497680664e-01
6.007638573646545410e-01
6.098264455795288086e-01
6.072915792465209961e-01
6.127777099609375000e-01
6.139930486679077148e-01
6.171528697013854980e-01
6.129514575004577637e-01
6.195139288902282715e-01
6.227430701255798340e-01
6.244443655014038086e-01
6.161457300186157227e-01
6.208680868148803711e-01
6.251388788223266602e-01
6.226388812065124512e-01
6.256597638130187988e-01
6.257985830307006836e-01
6.270139217376708984e-01
6.257638931274414062e-01
6.311457753181457520e-01
6.251389384269714355e-01
6.259721517562866211e-01
6.315972208976745605e-01
6.289929747581481934e-01
6.320139765739440918e-01
6.319445371627807617e-01
6.321181058883666992e-01
6.298610568046569824e-01
6.319791674613952637e-01
6.305555105209350586e-01
6.278125047683715820e-01
6.318403482437133789e-01
6.267708539962768555e-01
6.328472495079040527e-01
6.332986354827880859e-01
6.341666579246520996e-01
6.348958611488342285e-01
6.329861879348754883e-01
6.363193392753601074e-01
6.343749761581420898e-01
6.395833492279052734e-01
6.466665863990783691e-01
6.535070538520812988e-01
6.608680486679077148e-01
6.614929437637329102e-01
6.653471589088439941e-01
6.672222018241882324e-01
6.608679890632629395e-01
6.636111736297607422e-01
6.721528768539428711e-01
6.651389598846435547e-01
6.619790792465209961e-01
6.677430868148803711e-01
6.678472757339477539e-01
6.692014336585998535e-01
6.669445037841796875e-01
6.668055057525634766e-01
6.661110520362854004e-01
6.609027385711669922e-01
6.682985424995422363e-01
6.485763788223266602e-01
6.619096398353576660e-01
6.733332872390747070e-01
6.765971183776855469e-01
6.813194751739501953e-01
6.813195943832397461e-01
6.820833683013916016e-01
6.860762238502502441e-01
6.815971136093139648e-01
6.823610663414001465e-01
6.893749237060546875e-01
6.911111474037170410e-01
6.929860115051269531e-01
6.889929771423339844e-01
6.893055438995361328e-01
6.926387548446655273e-01
6.909027099609375000e-01
6.918751597404479980e-01
6.942013502120971680e-01
6.900694966316223145e-01
6.888542771339416504e-01
6.868055462837219238e-01
6.844444274902343750e-01
6.894097328186035156e-01
6.868056654930114746e-01
6.873611211776733398e-01
6.875000000000000000e-01
6.862847208976745605e-01
6.818751692771911621e-01
6.834374070167541504e-01
6.784722805023193359e-01
6.979860663414001465e-01
7.054862380027770996e-01
7.115972638130187988e-01
7.179860472679138184e-01
7.262153625488281250e-01
7.243057489395141602e-01
7.240625619888305664e-01
7.243402600288391113e-01
7.268055677413940430e-01
7.277429699897766113e-01
7.306250929832458496e-01
7.268402576446533203e-01
7.278125882148742676e-01
7.308679819107055664e-01
7.333681583404541016e-01
7.268750071525573730e-01
7.370486259460449219e-01
7.305902838706970215e-01
7.354167103767395020e-01
7.267012596130371094e-01
7.342361211776733398e-01
7.317014932632446289e-01
7.330209612846374512e-01
7.324653863906860352e-01
7.361457943916320801e-01
7.357290387153625488e-01
7.318055629730224609e-01
7.344096899032592773e-01
7.308333516120910645e-01
7.320834398269653320e-01
7.327777147293090820e-01
7.345486283302307129e-01
7.355902791023254395e-01
7.337847352027893066e-01
7.427778840065002441e-01
7.267707586288452148e-01
7.415277361869812012e-01
7.495136857032775879e-01
7.498959302902221680e-01
7.548263669013977051e-01
7.585070729255676270e-01
7.588889598846435547e-01
7.611111402511596680e-01
7.576735615730285645e-01
7.619444131851196289e-01
7.547571659088134766e-01
7.561804056167602539e-01
7.571527361869812012e-01
7.602083683013916016e-01
7.586806416511535645e-01
7.586110830307006836e-01
7.598612308502197266e-01
7.646527290344238281e-01
7.602081894874572754e-01
7.600694298744201660e-01
7.629861235618591309e-01
7.601042389869689941e-01
7.642359733581542969e-01
7.610070109367370605e-01
7.607986330986022949e-01
7.631248235702514648e-01
7.645485401153564453e-01
7.593054175376892090e-01
7.568054199218750000e-01
7.622569203376770020e-01
7.611110806465148926e-01
7.589584589004516602e-01
7.613195180892944336e-01
7.630904316902160645e-01
7.578473687171936035e-01
7.546874284744262695e-01
7.489929795265197754e-01
7.513540387153625488e-01
7.502429485321044922e-01
7.498611211776733398e-01
7.589930891990661621e-01
7.571527957916259766e-01
7.551388740539550781e-01
7.570140361785888672e-01
7.519791126251220703e-01
7.603471875190734863e-01
7.557291388511657715e-01
7.570139169692993164e-01
7.556946277618408203e-01
7.568055987358093262e-01
7.531944513320922852e-01
7.564929723739624023e-01
7.565277814865112305e-01
7.574304342269897461e-01
7.570486664772033691e-01
7.561805844306945801e-01
7.636110782623291016e-01
7.572222948074340820e-01
7.576041221618652344e-01
7.567709088325500488e-01
7.526388764381408691e-01
7.569444775581359863e-01
7.507293224334716797e-01
7.544792294502258301e-01
7.571528553962707520e-01
7.545485496520996094e-01
7.587846517562866211e-01
7.601042389869689941e-01
7.552778720855712891e-01
7.532290816307067871e-01
