1.131265982985496521e-01
7.030833512544631958e-02
4.136895015835762024e-02
2.940158359706401825e-02
2.227094210684299469e-02
1.259163487702608109e-02
8.946872316300868988e-03
7.207341026514768600e-03
6.384881213307380676e-03
5.930898711085319519e-03
5.442575551569461823e-03
5.106757860630750656e-03
4.791805986315011978e-03
4.460883326828479767e-03
4.178850911557674408e-03
3.973950631916522980e-03
3.724974580109119415e-03
3.548625856637954712e-03
3.403333947062492371e-03
3.259566146880388260e-03
3.063760697841644287e-03
2.963183447718620300e-03
2.851409139111638069e-03
2.755917841568589211e-03
2.666614251211285591e-03
2.562074456363916397e-03
2.483512042090296745e-03
2.397374017164111137e-03
2.356354845687747002e-03
2.270821714773774147e-03
2.218874637037515640e-03
2.140906173735857010e-03
2.094069495797157288e-03
2.031651092693209648e-03
1.994653604924678802e-03
1.982060959562659264e-03
1.924850512295961380e-03
1.887037069536745548e-03
1.848337822593748569e-03
1.804017345421016216e-03
1.760906772688031197e-03
1.720085623674094677e-03
1.697799307294189930e-03
1.645643031224608421e-03
1.624961267225444317e-03
1.595479319803416729e-03
1.564384787343442440e-03
1.552008208818733692e-03
1.520141493529081345e-03
1.502135302871465683e-03
1.462886692024767399e-03
1.434979494661092758e-03
1.414085039868950844e-03
1.392139005474746227e-03
1.375367282889783382e-03
1.364196185022592545e-03
1.324380398727953434e-03
1.328439218923449516e-03
1.291804364882409573e-03
1.287407474592328072e-03
1.260646036826074123e-03
1.260389108210802078e-03
5.802263971418142319e-03
5.280472803860902786e-03
4.973080474883317947e-03
4.760068375617265701e-03
4.590909928083419800e-03
4.439178388565778732e-03
4.290609154850244522e-03
4.181557800620794296e-03
4.069858230650424957e-03
3.979685250669717789e-03
3.878242801874876022e-03
3.780692815780639648e-03
3.700948785990476608e-03
3.614644287154078484e-03
3.528787754476070404e-03
3.481315681710839272e-03
3.412489779293537140e-03
3.368054516613483429e-03
3.319826908409595490e-03
3.271769033744931221e-03
3.237282624468207359e-03
3.214758820831775665e-03
3.189368871971964836e-03
3.155662911012768745e-03
3.109593410044908524e-03
3.102730028331279755e-03
3.081342205405235291e-03
3.048757789656519890e-03
3.035328118130564690e-03
3.016714937984943390e-03
3.004157217219471931e-03
2.991033717989921570e-03
2.980827121064066887e-03
5.223186220973730087e-03
4.958114586770534515e-03
4.803834948688745499e-03
4.679662175476551056e-03
4.588804207742214203e-03
4.504038952291011810e-03
4.418442957103252411e-03
4.340304061770439148e-03
4.288112279027700424e-03
4.243657924234867096e-03
4.203821532428264618e-03
4.173983354121446609e-03
4.156424663960933685e-03
4.127621185034513474e-03
4.109436646103858948e-03
4.082919564098119736e-03
4.068887792527675629e-03
4.052714910358190536e-03
4.041991662234067917e-03
4.027814604341983795e-03
4.016458056867122650e-03
4.006729926913976669e-03
4.006180446594953537e-03
3.986777737736701965e-03
5.271931644529104233e-03
5.167789291590452194e-03
5.115877836942672729e-03
5.074011627584695816e-03
5.044477060437202454e-03
5.020454991608858109e-03
4.998663440346717834e-03
4.978229757398366928e-03
4.964896943420171738e-03
4.950620234012603760e-03
