3.279842430000000064e+01
6.201902279999999479e+01
9.139027860000000203e+01
1.209165095000000036e+02
1.500957051000000035e+02
1.792277465999999890e+02
2.082904175999999836e+02
2.381276158999999950e+02
2.678684703000000127e+02
2.969098414000000048e+02
3.268590437999999949e+02
3.560738092999999935e+02
3.854192469999999844e+02
4.144086216000000036e+02
4.443519575999999915e+02
4.738676825999999664e+02
5.028648986000000036e+02
5.327066654000000199e+02
5.625204950000000963e+02
5.919165026000000580e+02
6.211259822000000668e+02
6.497879973000000291e+02
6.791644972000000280e+02
7.083993811000000278e+02
7.378697543000000678e+02
7.668061529000000291e+02
7.957006269000000884e+02
8.254447130000000925e+02
8.548019453000000567e+02
8.841778166000000283e+02
9.137691062000000102e+02
9.434779901000000564e+02
9.729602568000000247e+02
1.003261236300000064e+03
1.032737761200000023e+03
1.062337821099999928e+03
1.091712447499999826e+03
1.120911085499999899e+03
1.149944208499999831e+03
1.179092722500000036e+03
1.208590584399999898e+03
1.238183447399999977e+03
1.267541529999999966e+03
1.296663095699999985e+03
1.326031466799999862e+03
1.355287738999999874e+03
1.384620699699999932e+03
1.413649673899999925e+03
1.443022515799999837e+03
1.472263065799999822e+03
1.501799434999999903e+03
1.531082263799999964e+03
1.560382991700000048e+03
1.589801484599999867e+03
1.618682012900000018e+03
1.648008881099999826e+03
1.676621424499999875e+03
1.706491584200000034e+03
1.735674643099999912e+03
1.764897360199999866e+03
1.793823856499999920e+03
1.822748673999999937e+03
2.095263127899999745e+03
2.367024022199999763e+03
2.639443095699999958e+03
2.911043966499999897e+03
3.184462408800000048e+03
3.456806399099999908e+03
3.728926407500000096e+03
4.003331192699999974e+03
4.276334678900000654e+03
4.553038917200000469e+03
4.828105137300000024e+03
5.101403309500000432e+03
5.375187435300000288e+03
5.647971774500000720e+03
5.920371487200000047e+03
6.194098306100000627e+03
6.467050875400000223e+03
6.740097371200000453e+03
7.013438608600000407e+03
7.287079648200000520e+03
7.560548880700000154e+03
7.834141381600000386e+03
8.107104882600000565e+03
8.380521846999999980e+03
8.653829432300000917e+03
8.927336985400001140e+03
9.200660372000000280e+03
9.473724136900000303e+03
9.747054291700000249e+03
1.002050113480000073e+04
1.029396846370000094e+04
1.056729365289999987e+04
1.084062222190000102e+04
1.275993609440000000e+04
1.474943150460000106e+04
1.668923411269999997e+04
1.865495113480000146e+04
2.059361791610000000e+04
2.250901616529999956e+04
2.442842762529999891e+04
2.633711863780000203e+04
2.825250934129999951e+04
3.020644027529999948e+04
3.222488031169999886e+04
3.425925448070000130e+04
3.630604132950000349e+04
3.823033253259999765e+04
4.014837603600000148e+04
4.206482520300000033e+04
4.398205643070000224e+04
4.590515272430000186e+04
4.781853761980000127e+04
4.973333133639999869e+04
5.164887178439999843e+04
5.356503852899999765e+04
5.548139452500000334e+04
5.739674992580000253e+04
6.803775838010000007e+04
7.866269878340000287e+04
8.930063424590000068e+04
9.993038120639999397e+04
1.105608280957999959e+05
1.211879135086000024e+05
1.318217708443999873e+05
1.424790855445000052e+05
1.531607633377999882e+05
1.638058617539000115e+05
