1.620668917894363403e-01
8.491866290569305420e-02
8.029954135417938232e-02
7.792139053344726562e-02
7.625038176774978638e-02
7.758755236864089966e-02
7.611969113349914551e-02
7.901439070701599121e-02
7.542987167835235596e-02
7.767970860004425049e-02
7.736122608184814453e-02
7.704863697290420532e-02
7.847662270069122314e-02
7.615688443183898926e-02
7.460201531648635864e-02
7.571198046207427979e-02
7.591517269611358643e-02
7.620805501937866211e-02
7.755031436681747437e-02
8.526246249675750732e-02
8.456186950206756592e-02
8.429636061191558838e-02
8.534858375787734985e-02
8.410305529832839966e-02
8.372364938259124756e-02
8.438181132078170776e-02
8.369012922048568726e-02
8.496277034282684326e-02
8.517884463071823120e-02
