4.664984643459320068e-01
5.040419101715087891e-01
5.308160185813903809e-01
5.690375566482543945e-01
5.966254472732543945e-01
6.236436367034912109e-01
6.420899033546447754e-01
6.443141698837280273e-01
6.471896171569824219e-01
6.555718779563903809e-01
6.566026210784912109e-01
6.573079824447631836e-01
6.596951484680175781e-01
6.612142324447631836e-01
6.594780683517456055e-01
6.558973789215087891e-01
6.563314795494079590e-01
6.578233838081359863e-01
6.587457060813903809e-01
6.566840410232543945e-01
6.595594286918640137e-01
6.564670205116271973e-01
6.570366024971008301e-01
6.572265028953552246e-01
6.549208164215087891e-01
6.574978828430175781e-01
6.623534560203552246e-01
6.584472656250000000e-01
6.596408486366271973e-01
6.596408486366271973e-01
6.591796875000000000e-01
6.573622226715087891e-01
