1.319605410099029541e-01
5.883996188640594482e-02
3.750575706362724304e-02
2.975785546004772186e-02
2.855425700545310974e-02
2.741423249244689941e-02
2.589938789606094360e-02
2.499675564467906952e-02
2.404647879302501678e-02
2.367485128343105316e-02
2.289591729640960693e-02
2.249083295464515686e-02
2.173168957233428955e-02
2.177323214709758759e-02
2.087663672864437103e-02
2.067884616553783417e-02
2.067445777356624603e-02
2.019566111266613007e-02
1.985288038849830627e-02
1.940791122615337372e-02
1.919046044349670410e-02
1.916821487247943878e-02
1.888256333768367767e-02
1.849720440804958344e-02
1.921496167778968811e-02
1.822888478636741638e-02
1.806888729333877563e-02
1.844543963670730591e-02
3.516102209687232971e-02
3.098317608237266541e-02
3.008912503719329834e-02
2.985850721597671509e-02
2.978230081498622894e-02
2.984811179339885712e-02
2.953438647091388702e-02
