1.705341312999999843e+02
1.760015484999999842e+02
1.814559318999999959e+02
1.869112671000000034e+02
1.923662621999999942e+02
1.978045918999999913e+02
2.032808344000000034e+02
2.087215506000000005e+02
2.142842975000000081e+02
2.199003993000000037e+02
2.253587041000000113e+02
2.307937603999999965e+02
2.362373058000000015e+02
2.417116206000000034e+02
2.471468537000000083e+02
2.526211021000000017e+02
2.580637469000000124e+02
2.634977888000000235e+02
2.689394977000000040e+02
2.743756108000000040e+02
2.798441758999999820e+02
2.852736481000000026e+02
2.907359392000000184e+02
2.961762363999999934e+02
3.016367002000000070e+02
3.071023657999999728e+02
3.125494143999999892e+02
3.180578990999999860e+02
8.480038473000000749e+02
8.653271930000000793e+02
8.827399209000000155e+02
9.001249340000000529e+02
9.176363261000000193e+02
9.351955431000000090e+02
9.531971572000001061e+02
