8.693498969078063965e-01
8.807607293128967285e-01
8.656564950942993164e-01
8.884469270706176758e-01
8.730743527412414551e-01
8.783776164054870605e-01
8.719696998596191406e-01
8.798611164093017578e-01
8.845012784004211426e-01
8.814235925674438477e-01
8.432040810585021973e-01
8.486312627792358398e-01
8.489484786987304688e-01
8.459176421165466309e-01
8.749356269836425781e-01
8.961956501007080078e-01
9.018253684043884277e-01
9.081098437309265137e-01
9.140179157257080078e-01
9.178670644760131836e-01
9.181696176528930664e-01
9.197171330451965332e-01
9.203076958656311035e-01
9.209276437759399414e-01
9.208535552024841309e-01
