1.350644528865814209e-01
1.230546161532402039e-01
1.149010658264160156e-01
1.096782758831977844e-01
1.042006984353065491e-01
1.001086235046386719e-01
9.493840485811233521e-02
9.060329943895339966e-02
8.614993840456008911e-02
8.279105275869369507e-02
7.813378423452377319e-02
7.487513870000839233e-02
7.127297669649124146e-02
6.710194051265716553e-02
6.302110850811004639e-02
5.974936857819557190e-02
5.666413903236389160e-02
5.246376991271972656e-02
4.926295578479766846e-02
4.694605618715286255e-02
4.442673176527023315e-02
4.186012968420982361e-02
3.915815427899360657e-02
3.744096681475639343e-02
3.548566251993179321e-02
3.399416431784629822e-02
3.173192217946052551e-02
3.013882786035537720e-02
2.873834408819675446e-02
2.769528888165950775e-02
2.634030766785144806e-02
2.503086067736148834e-02
2.443527057766914368e-02
2.301218546926975250e-02
2.266195602715015411e-02
2.138994261622428894e-02
2.052167989313602448e-02
1.996367424726486206e-02
1.888971775770187378e-02
1.861463487148284912e-02
1.803382299840450287e-02
1.747886277735233307e-02
1.680241897702217102e-02
1.616080477833747864e-02
1.588551700115203857e-02
1.535823475569486618e-02
1.508302055299282074e-02
1.428981591016054153e-02
1.445585675537586212e-02
1.419175229966640472e-02
1.394411642104387283e-02
1.329588610678911209e-02
1.321666501462459564e-02
1.306519098579883575e-02
1.286097243428230286e-02
1.214818097651004791e-02
1.229749899357557297e-02
1.196566317230463028e-02
1.183002628386020660e-02
1.201143395155668259e-02
1.140460651367902756e-02
1.106898579746484756e-02
1.141842361539602280e-02
1.118030212819576263e-02
1.100365445017814636e-02
1.070061605423688889e-02
1.079091615974903107e-02
1.066101435571908951e-02
1.037518121302127838e-02
1.028699241578578949e-02
1.038508117198944092e-02
1.025961060076951981e-02
9.882773272693157196e-03
9.862115606665611267e-03
1.021698676049709320e-02
9.639680385589599609e-03
1.000710111111402512e-02
9.723462164402008057e-03
9.619525633752346039e-03
9.522875770926475525e-03
9.561777114868164062e-03
9.107479825615882874e-03
9.391409344971179962e-03
9.492002427577972412e-03
9.220913983881473541e-03
9.124386124312877655e-03
8.928894065320491791e-03
9.067244827747344971e-03
9.088357910513877869e-03
8.859832771122455597e-03
8.816284127533435822e-03
8.614180609583854675e-03
8.727652020752429962e-03
8.784215897321701050e-03
8.434336632490158081e-03
8.662421256303787231e-03
8.544597774744033813e-03
8.586654439568519592e-03
8.305391296744346619e-03
8.386010304093360901e-03
1.733007654547691345e-02
1.699212566018104553e-02
1.639083772897720337e-02
1.622895337641239166e-02
1.620608381927013397e-02
1.587029360234737396e-02
1.588604226708412170e-02
1.552995573729276657e-02
1.549021713435649872e-02
1.521811913698911667e-02
1.492448803037405014e-02
1.503230631351470947e-02
1.487310696393251419e-02
1.461667194962501526e-02
1.461682841181755066e-02
1.455737557262182236e-02
1.430326420813798904e-02
1.421156711876392365e-02
1.416926831007003784e-02
1.398164592683315277e-02
1.381878554821014404e-02
1.364453975111246109e-02
1.386298891156911850e-02
1.363631431013345718e-02
1.351432967931032181e-02
1.339863613247871399e-02
1.353225018829107285e-02
1.317252591252326965e-02
1.314595621079206467e-02
1.305899582803249359e-02
1.284836512058973312e-02
1.301750447601079941e-02
1.288658380508422852e-02
1.277887448668479919e-02
1.271046511828899384e-02
1.257244683802127838e-02
1.247076876461505890e-02
1.240172702819108963e-02
1.236202474683523178e-02
1.229037716984748840e-02
1.240455638617277145e-02
1.205650623887777328e-02
1.213370356708765030e-02
1.211333647370338440e-02
1.214603148400783539e-02
1.200498547405004501e-02
1.188439596444368362e-02
1.169108413159847260e-02
1.184283755719661713e-02
1.182769238948822021e-02
1.160941366106271744e-02
1.160309929400682449e-02
1.169621758162975311e-02
1.155106164515018463e-02
1.139098126441240311e-02
1.132075395435094833e-02
1.116657909005880356e-02
1.131527591496706009e-02
1.120637543499469757e-02
1.112836133688688278e-02
1.114859338849782944e-02
1.099408138543367386e-02
1.105983182787895203e-02
1.095333416014909744e-02
1.107455231249332428e-02
