2.220293283462524414e-01
1.812790781259536743e-01
1.592766791582107544e-01
1.440120786428451538e-01
1.287309676408767700e-01
1.147225350141525269e-01
1.016322672367095947e-01
9.150560945272445679e-02
8.269879221916198730e-02
7.283860445022583008e-02
6.790267676115036011e-02
6.100947782397270203e-02
5.653705075383186340e-02
5.058403685688972473e-02
4.661913216114044189e-02
4.213993623852729797e-02
3.874206915497779846e-02
3.546712920069694519e-02
3.261702880263328552e-02
2.957734279334545135e-02
2.706921286880970001e-02
2.624296955764293671e-02
2.411413192749023438e-02
2.269759029150009155e-02
1.939432509243488312e-02
1.443916652351617813e-02
1.290292665362358093e-02
1.148027926683425903e-02
1.060169562697410583e-02
9.513240307569503784e-03
8.709303103387355804e-03
8.695398457348346710e-03
7.983802817761898041e-03
7.784937042742967606e-03
7.531682029366493225e-03
7.261536549776792526e-03
7.109766826033592224e-03
6.492896936833858490e-03
6.497410126030445099e-03
6.414618343114852905e-03
6.432084366679191589e-03
6.243320647627115250e-03
6.116563454270362854e-03
5.950241349637508392e-03
5.811687093228101730e-03
5.658587440848350525e-03
5.606217309832572937e-03
5.570831708610057831e-03
5.704863928258419037e-03
5.511373281478881836e-03
5.278108175843954086e-03
5.210633855313062668e-03
5.062432028353214264e-03
5.185427609831094742e-03
5.007344298064708710e-03
5.059320479631423950e-03
5.131065845489501953e-03
4.823443945497274399e-03
4.916821140795946121e-03
4.789653234183788300e-03
4.667017143219709396e-03
4.739422816783189774e-03
4.488214850425720215e-03
4.510109778493642807e-03
4.659807309508323669e-03
4.635522607713937759e-03
4.416779614984989166e-03
4.501977004110813141e-03
4.672991577535867691e-03
1.034708414226770401e-02
8.802250027656555176e-03
7.989360950887203217e-03
7.643603719770908356e-03
7.282709237188100815e-03
6.978071294724941254e-03
6.709500215947628021e-03
6.534820888191461563e-03
6.390551105141639709e-03
6.168629042804241180e-03
5.845308769494295120e-03
5.833176430314779282e-03
5.690691526979207993e-03
5.393819883465766907e-03
5.332618020474910736e-03
5.340588279068470001e-03
5.058416631072759628e-03
4.999346565455198288e-03
4.867913667112588882e-03
4.774704109877347946e-03
4.688790533691644669e-03
4.588318988680839539e-03
4.626620560884475708e-03
4.410095047205686569e-03
4.269163589924573898e-03
4.315793048590421677e-03
4.148264881223440170e-03
4.105890169739723206e-03
4.154676571488380432e-03
4.087754525244235992e-03
3.986781928688287735e-03
3.778671147301793098e-03
3.914379980415105820e-03
3.869451582431793213e-03
3.707023803144693375e-03
3.744427114725112915e-03
3.593635046854615211e-03
3.551813075318932533e-03
3.414511447772383690e-03
3.488007932901382446e-03
3.435549791902303696e-03
3.417759900912642479e-03
3.279445227235555649e-03
3.341353032737970352e-03
3.393866121768951416e-03
3.305091289803385735e-03
3.244555089622735977e-03
3.295004600659012794e-03
3.169275820255279541e-03
3.226728178560733795e-03
3.122226567938923836e-03
3.049024613574147224e-03
3.052707761526107788e-03
3.043697914108633995e-03
2.971553942188620567e-03
2.928012982010841370e-03
3.013597102835774422e-03
2.984270686283707619e-03
2.927540102973580360e-03
2.914022188633680344e-03
2.885425463318824768e-03
2.898374106734991074e-03
2.929549431428313255e-03
2.885880880057811737e-03
