1.123088002204895020e-01
1.123246550559997559e-01
1.124492660164833069e-01
1.124873757362365723e-01
1.120184287428855896e-01
1.126645430922508240e-01
1.123971194028854370e-01
1.119170412421226501e-01
1.122647896409034729e-01
1.121244281530380249e-01
1.120894700288772583e-01
1.121085435152053833e-01
1.119754165410995483e-01
1.122827678918838501e-01
1.120890155434608459e-01
1.118060946464538574e-01
1.119069233536720276e-01
1.118670850992202759e-01
1.119451522827148438e-01
1.120726317167282104e-01
1.120478361845016479e-01
1.120684966444969177e-01
1.120296716690063477e-01
1.117388978600502014e-01
1.120377779006958008e-01
1.120433434844017029e-01
1.117662042379379272e-01
1.118430495262145996e-01
1.120613217353820801e-01
1.019576862454414368e-01
1.018849685788154602e-01
1.017659455537796021e-01
1.016847789287567139e-01
1.015359014272689819e-01
1.016089841723442078e-01
1.016592681407928467e-01
1.015614718198776245e-01
1.016439646482467651e-01
1.012970954179763794e-01
1.014350429177284241e-01
1.014542803168296814e-01
1.014419198036193848e-01
1.013307869434356689e-01
1.011499911546707153e-01
1.012384369969367981e-01
1.012498885393142700e-01
1.011769771575927734e-01
1.010760217905044556e-01
1.010086610913276672e-01
1.011058837175369263e-01
1.010706350207328796e-01
1.008735150098800659e-01
1.010269671678543091e-01
1.008024439215660095e-01
1.008517444133758545e-01
1.008002758026123047e-01
1.007540002465248108e-01
1.005305945873260498e-01
1.005984321236610413e-01
1.007854938507080078e-01
1.006344407796859741e-01
1.005336791276931763e-01
1.005998626351356506e-01
1.004984602332115173e-01
1.003625914454460144e-01
1.003349348902702332e-01
1.002866476774215698e-01
1.000973880290985107e-01
1.002739071846008301e-01
1.002098917961120605e-01
1.001169607043266296e-01
1.000931337475776672e-01
1.000013574957847595e-01
9.992291778326034546e-02
1.000601127743721008e-01
9.976710379123687744e-02
9.987922012805938721e-02
9.999530017375946045e-02
9.992375224828720093e-02
9.970105439424514771e-02
9.982066601514816284e-02
9.974604099988937378e-02
9.992424398660659790e-02
9.969011694192886353e-02
9.956971555948257446e-02
9.947605431079864502e-02
9.946107864379882812e-02
9.958939254283905029e-02
9.963215142488479614e-02
9.956026822328567505e-02
9.934689849615097046e-02
9.934912621974945068e-02
9.928869456052780151e-02
9.915730357170104980e-02
9.928285330533981323e-02
9.900932759046554565e-02
9.919381141662597656e-02
9.909317642450332642e-02
9.916106611490249634e-02
9.896583110094070435e-02
9.907984733581542969e-02
9.900863468647003174e-02
9.896554052829742432e-02
9.897556155920028687e-02
9.871883690357208252e-02
9.885909408330917358e-02
9.862148016691207886e-02
9.879742562770843506e-02
9.859514236450195312e-02
9.861310571432113647e-02
9.867030382156372070e-02
9.857927262783050537e-02
9.846952557563781738e-02
9.855368733406066895e-02
9.830920398235321045e-02
9.832625091075897217e-02
9.844424575567245483e-02
9.840124845504760742e-02
9.823099523782730103e-02
9.821348637342453003e-02
9.825962781906127930e-02
9.818914532661437988e-02
9.787366539239883423e-02
9.820911288261413574e-02
9.810233116149902344e-02
9.799641370773315430e-02
9.820514917373657227e-02
9.800010174512863159e-02
9.786409884691238403e-02
9.773384779691696167e-02
9.774684906005859375e-02
9.783400595188140869e-02
9.765959531068801880e-02
9.771257638931274414e-02
9.750937670469284058e-02
9.754071384668350220e-02
9.762392938137054443e-02
9.752722084522247314e-02
9.742455184459686279e-02
9.763140976428985596e-02
9.736097604036331177e-02
9.731131047010421753e-02
9.739486128091812134e-02
9.737081080675125122e-02
9.729208052158355713e-02
9.723591804504394531e-02
9.730964154005050659e-02
9.708207845687866211e-02
9.702171385288238525e-02
9.709060937166213989e-02
9.687536954879760742e-02
9.716174006462097168e-02
9.702239185571670532e-02
9.680435806512832642e-02
9.663362056016921997e-02
9.688706696033477783e-02
9.683627635240554810e-02
9.679740667343139648e-02
9.672950953245162964e-02
9.660715609788894653e-02
9.652070701122283936e-02
9.655427187681198120e-02
9.662490338087081909e-02
9.657232463359832764e-02
9.643969684839248657e-02
9.633845835924148560e-02
9.650830924510955811e-02
9.631260484457015991e-02
9.621458500623703003e-02
9.613897651433944702e-02
9.633747488260269165e-02
9.620510786771774292e-02
9.600663185119628906e-02
9.620428830385208130e-02
9.617159515619277954e-02
9.593034535646438599e-02
9.607683867216110229e-02
9.609518945217132568e-02
9.581737965345382690e-02
