2.916791439056396484e-01
2.919482290744781494e-01
2.907983064651489258e-01
2.914415001869201660e-01
2.905856370925903320e-01
2.895488142967224121e-01
2.901746630668640137e-01
2.901094853878021240e-01
2.897284328937530518e-01
2.901789844036102295e-01
2.889268994331359863e-01
2.891196608543395996e-01
2.887780368328094482e-01
2.889883518218994141e-01
2.895883023738861084e-01
2.886252105236053467e-01
2.879416942596435547e-01
2.876201570034027100e-01
2.873633801937103271e-01
2.874417006969451904e-01
2.874897420406341553e-01
2.860343754291534424e-01
2.866513431072235107e-01
2.864960432052612305e-01
2.862927019596099854e-01
2.857947349548339844e-01
2.857607305049896240e-01
2.858311235904693604e-01
2.854185402393341064e-01
2.841513454914093018e-01
2.850474715232849121e-01
2.854869067668914795e-01
2.844414114952087402e-01
2.845752537250518799e-01
2.841680049896240234e-01
2.839866280555725098e-01
2.833996117115020752e-01
2.834123671054840088e-01
2.840761840343475342e-01
2.838829457759857178e-01
2.826411426067352295e-01
2.835911214351654053e-01
2.827844321727752686e-01
2.819416224956512451e-01
2.819232046604156494e-01
2.818224132061004639e-01
2.821363508701324463e-01
2.817889451980590820e-01
2.811439931392669678e-01
2.812511026859283447e-01
2.810859978199005127e-01
2.807565033435821533e-01
2.805614173412322998e-01
2.795659601688385010e-01
2.796048521995544434e-01
2.803025245666503906e-01
2.791436612606048584e-01
2.803834378719329834e-01
2.795785963535308838e-01
2.790167033672332764e-01
2.788876891136169434e-01
2.782949805259704590e-01
2.785983383655548096e-01
2.781715989112854004e-01
2.764423489570617676e-01
2.779321968555450439e-01
2.769834101200103760e-01
2.779616713523864746e-01
2.774363160133361816e-01
2.762741446495056152e-01
2.768536508083343506e-01
2.767551839351654053e-01
2.763349413871765137e-01
2.765729427337646484e-01
2.765960991382598877e-01
2.760445475578308105e-01
2.751050293445587158e-01
2.746795713901519775e-01
2.741071283817291260e-01
2.741960883140563965e-01
2.752090990543365479e-01
2.728903889656066895e-01
2.735050916671752930e-01
2.732024490833282471e-01
2.724119722843170166e-01
2.730522453784942627e-01
2.727948129177093506e-01
2.715727090835571289e-01
2.724195420742034912e-01
2.724824249744415283e-01
2.721203267574310303e-01
2.709974646568298340e-01
2.717996835708618164e-01
2.701941132545471191e-01
2.714588940143585205e-01
2.705605924129486084e-01
2.702241837978363037e-01
2.703176736831665039e-01
2.696525454521179199e-01
2.699844837188720703e-01
2.578043639659881592e-01
2.575952112674713135e-01
2.568049728870391846e-01
2.562817931175231934e-01
2.546821832656860352e-01
2.539958655834197998e-01
2.518936991691589355e-01
2.511793375015258789e-01
2.504228353500366211e-01
2.496296167373657227e-01
2.487932443618774414e-01
2.479197233915328979e-01
2.470377236604690552e-01
2.455800026655197144e-01
2.454734146595001221e-01
2.450484633445739746e-01
2.446838021278381348e-01
2.477367371320724487e-01
