8.733902573585510254e-01
8.726171255111694336e-01
8.751734495162963867e-01
8.745577931404113770e-01
8.744474053382873535e-01
8.863797783851623535e-01
9.350540637969970703e-01
9.407992362976074219e-01
9.467644691467285156e-01
9.549402594566345215e-01
9.604799151420593262e-01
9.603853225708007812e-01
9.612376093864440918e-01
9.614901542663574219e-01
9.624365568161010742e-01
9.619950652122497559e-01
9.621213078498840332e-01
9.618532061576843262e-01
9.614425897598266602e-01
9.627367854118347168e-01
9.631788134574890137e-01
9.632730484008789062e-01
9.628793597221374512e-01
9.650094509124755859e-01
9.628002643585205078e-01
9.648044109344482422e-01
9.649465680122375488e-01
9.625951647758483887e-01
9.644255638122558594e-01
9.636049270629882812e-01
9.633205533027648926e-01
9.653562903404235840e-01
9.653251171112060547e-01
9.636842608451843262e-01
9.644414186477661133e-01
9.633048176765441895e-01
9.645360708236694336e-01
9.636836647987365723e-01
9.646936655044555664e-01
9.656402468681335449e-01
9.651196599006652832e-01
9.650411009788513184e-01
9.639997482299804688e-01
9.323914647102355957e-01
9.386180639266967773e-01
9.410483837127685547e-01
9.415637254714965820e-01
9.423429369926452637e-01
9.431568384170532227e-01
9.440644383430480957e-01
9.460834860801696777e-01
9.454388618469238281e-01
9.453600049018859863e-01
9.466583132743835449e-01
9.467082619667053223e-01
9.468668699264526367e-01
9.471805095672607422e-01
9.469623565673828125e-01
9.479351639747619629e-01
9.477409720420837402e-01
9.476706981658935547e-01
9.485739469528198242e-01
9.487930536270141602e-01
9.489017128944396973e-01
9.484248757362365723e-01
9.493977427482604980e-01
9.493876695632934570e-01
9.496665000915527344e-01
9.482768177986145020e-01
9.492038488388061523e-01
9.496610164642333984e-01
9.507870078086853027e-01
9.500719308853149414e-01
9.508512020111083984e-01
9.499781727790832520e-01
9.496064782142639160e-01
9.503108263015747070e-01
9.510490894317626953e-01
9.508610367774963379e-01
9.499384164810180664e-01
9.504488110542297363e-01
9.506472945213317871e-01
9.501324295997619629e-01
9.505332112312316895e-01
9.504648447036743164e-01
9.514170885086059570e-01
9.504203796386718750e-01
