9.500867128372192383e-01
9.557722806930541992e-01
9.555990099906921387e-01
9.573352932929992676e-01
9.553383588790893555e-01
9.558594822883605957e-01
9.556424021720886230e-01
9.552084207534790039e-01
9.544705152511596680e-01
9.193558692932128906e-01
9.180064797401428223e-01
9.180155396461486816e-01
9.173462986946105957e-01
9.176009893417358398e-01
9.183084368705749512e-01
9.181764125823974609e-01
9.182518720626831055e-01
9.186482429504394531e-01
9.180725216865539551e-01
9.181385040283203125e-01
9.188745021820068359e-01
9.179403185844421387e-01
9.179594516754150391e-01
9.177803993225097656e-01
9.180251359939575195e-01
9.189127087593078613e-01
9.185634255409240723e-01
9.177803397178649902e-01
9.182328581809997559e-01
9.188749790191650391e-01
9.194689989089965820e-01
9.177423715591430664e-01
9.172425270080566406e-01
9.181475639343261719e-01
9.177046418190002441e-01
9.191480875015258789e-01
