4.384765625000000000e-01
4.522569477558135986e-01
4.661458432674407959e-01
4.776476025581359863e-01
4.895833432674407959e-01
4.913194775581359863e-01
5.090060830116271973e-01
5.030381679534912109e-01
5.187717080116271973e-01
5.162760615348815918e-01
5.219184160232543945e-01
5.398220419883728027e-01
5.441623330116271973e-01
5.493706464767456055e-01
5.582682490348815918e-01
5.636935830116271973e-01
5.796440839767456055e-01
5.822482705116271973e-01
5.855034589767456055e-01
6.080728769302368164e-01
6.025390625000000000e-01
6.137152314186096191e-01
6.223958730697631836e-01
6.244574189186096191e-01
6.234809160232543945e-01
6.283637285232543945e-01
6.293402314186096191e-01
6.388888359069824219e-01
6.425781250000000000e-01
6.416015625000000000e-01
6.417100429534912109e-01
6.475694179534912109e-01
6.493055820465087891e-01
6.461588144302368164e-01
6.489800214767456055e-01
6.510416269302368164e-01
6.547309160232543945e-01
6.527777910232543945e-01
6.475694775581359863e-01
6.573351025581359863e-01
6.528862714767456055e-01
6.538628339767456055e-01
6.519097089767456055e-01
