4.181597510000028706e+01
8.195116580000012618e+01
1.211904580999998871e+02
1.602015807999996468e+02
1.992245555999998032e+02
2.382714894000000641e+02
2.774532521000000997e+02
3.171559810999997353e+02
3.565110940000004121e+02
3.963619374999998399e+02
4.343766544000000067e+02
4.724137164000003395e+02
5.116303728000002593e+02
5.494145472999998674e+02
5.873295951999998579e+02
6.266373954000000595e+02
6.657796230000003561e+02
7.045766313000003720e+02
7.436969300000000658e+02
7.828208228000003146e+02
8.221827897000002849e+02
8.615828461999999490e+02
9.000450677999997424e+02
9.398320943999997326e+02
9.784818017999996300e+02
1.017842305199999828e+03
1.057021816099999342e+03
1.096212053600000218e+03
1.135696243500000492e+03
1.174830327300000135e+03
1.214202361499999824e+03
1.253966858899999352e+03
1.293588421200000084e+03
1.333156827400000111e+03
1.372432753700000831e+03
1.411528308400000242e+03
1.450674079200000051e+03
1.489554224400000749e+03
1.529226409799999601e+03
1.568619880000000194e+03
1.607722115599999597e+03
1.647652636999999231e+03
1.687263198599999669e+03
