3.240785300731658936e-01
2.565113008022308350e-01
2.347899675369262695e-01
2.293538451194763184e-01
2.265554666519165039e-01
2.241823822259902954e-01
2.232558876276016235e-01
2.220376729965209961e-01
2.203994691371917725e-01
2.203370630741119385e-01
2.177408188581466675e-01
2.163278758525848389e-01
2.151183336973190308e-01
2.164933830499649048e-01
2.172806859016418457e-01
2.166577130556106567e-01
2.150714099407196045e-01
2.143671959638595581e-01
2.137271165847778320e-01
2.113057523965835571e-01
2.120940536260604858e-01
2.120342701673507690e-01
2.121040970087051392e-01
2.119159251451492310e-01
2.123046368360519409e-01
