1.227162040000002889e+02
2.488616354999976465e+02
3.746033777000011469e+02
4.992642589999995835e+02
6.251171419999991485e+02
7.494717916000008699e+02
8.748259114000029513e+02
1.000686183899997559e+03
1.127384622500001569e+03
1.252432891800002835e+03
1.377771782299998449e+03
1.504176736200002779e+03
1.629511131599996588e+03
1.755546934799996961e+03
1.881013770300000033e+03
2.006153455300001951e+03
2.131530756599997403e+03
2.256294579599998542e+03
2.380837105099999462e+03
2.505467517099998076e+03
2.632026125399999728e+03
2.758604182299997774e+03
2.884158816800001659e+03
3.009344765000001644e+03
3.133411718299998029e+03
