7.582227587699890137e-01
7.955334186553955078e-01
8.173610568046569824e-01
8.341540098190307617e-01
8.498579263687133789e-01
8.637312054634094238e-01
8.740057349205017090e-01
8.837280869483947754e-01
8.928818702697753906e-01
8.999527096748352051e-01
9.063763618469238281e-01
9.097695350646972656e-01
9.144726991653442383e-01
9.190973639488220215e-01
9.213542342185974121e-01
9.234060049057006836e-01
9.275094866752624512e-01
9.296086430549621582e-01
9.330018758773803711e-01
9.336963295936584473e-01
9.354009628295898438e-01
9.355272650718688965e-01
9.375947713851928711e-01
9.388259053230285645e-01
9.401198625564575195e-01
9.393464326858520508e-01
9.418085813522338867e-01
9.432448744773864746e-01
9.436554908752441406e-01
9.437185525894165039e-01
9.442076086997985840e-01
9.460700154304504395e-01
9.458016753196716309e-01
9.461017847061157227e-01
9.453441500663757324e-01
9.476165771484375000e-01
9.478694796562194824e-01
9.467802643775939941e-01
9.485637545585632324e-01
9.479482769966125488e-01
9.487215280532836914e-01
9.490846991539001465e-01
9.491161704063415527e-01
9.495266079902648926e-01
9.499685764312744141e-01
9.484850168228149414e-01
9.497947096824645996e-01
9.497473239898681641e-01
9.494633078575134277e-01
9.502054452896118164e-01
9.504262804985046387e-01
9.506629705429077148e-01
9.501737952232360840e-01
9.512627124786376953e-01
9.510730504989624023e-01
9.522411823272705078e-01
9.509153962135314941e-01
9.513731598854064941e-01
9.504894018173217773e-01
9.526357054710388184e-01
9.522725939750671387e-01
9.526514410972595215e-01
9.517518281936645508e-01
9.522095322608947754e-01
9.520518779754638672e-01
9.520359635353088379e-01
9.534091353416442871e-01
9.522254467010498047e-01
9.526355862617492676e-01
9.534561634063720703e-01
9.523676037788391113e-01
9.533618688583374023e-01
9.534879922866821289e-01
9.520201086997985840e-01
9.530932307243347168e-01
9.532040953636169434e-01
9.525253176689147949e-01
9.532198309898376465e-01
9.534249305725097656e-01
9.527304172515869141e-01
9.535354375839233398e-01
9.521307349205017090e-01
9.535511136054992676e-01
9.527935981750488281e-01
9.536930918693542480e-01
9.529514908790588379e-01
9.532038569450378418e-01
9.532356262207031250e-01
9.536457657814025879e-01
9.531881213188171387e-01
9.540403485298156738e-01
9.551452398300170898e-01
9.523990154266357422e-01
9.531723856925964355e-01
9.531407356262207031e-01
9.533143639564514160e-01
9.545928835868835449e-01
9.535984992980957031e-01
9.538668990135192871e-01
9.539455771446228027e-01
9.158183932304382324e-01
9.156051278114318848e-01
9.171924591064453125e-01
9.180158376693725586e-01
9.179763197898864746e-01
9.183733463287353516e-01
9.184725284576416016e-01
9.177579879760742188e-01
9.192310571670532227e-01
9.189236164093017578e-01
9.186061024665832520e-01
9.185618162155151367e-01
9.189781546592712402e-01
9.192857146263122559e-01
9.190477728843688965e-01
9.207691550254821777e-01
9.197270870208740234e-01
9.196774959564208984e-01
9.195336699485778809e-01
9.194892048835754395e-01
9.203175306320190430e-01
9.201091527938842773e-01
9.205805063247680664e-01
9.202829599380493164e-01
9.199203848838806152e-01
9.206051230430603027e-01
9.203768372535705566e-01
9.198263883590698242e-01
9.210320115089416504e-01
9.208185076713562012e-01
9.200149178504943848e-01
9.206448197364807129e-01
9.210915565490722656e-01
9.213840961456298828e-01
9.211657643318176270e-01
9.216070771217346191e-01
9.211407303810119629e-01
9.216762185096740723e-01
9.214880466461181641e-01
9.209873080253601074e-01
9.213441610336303711e-01
9.224604964256286621e-01
9.220436215400695801e-01
9.218552708625793457e-01
9.208230376243591309e-01
9.225548505783081055e-01
9.219149351119995117e-01
9.223361611366271973e-01
9.225147366523742676e-01
9.217758774757385254e-01
9.220138192176818848e-01
9.220385551452636719e-01
9.218751788139343262e-01
9.219642877578735352e-01
9.212002158164978027e-01
9.216368794441223145e-01
9.221426844596862793e-01
9.218550324440002441e-01
9.226388335227966309e-01
9.226138591766357422e-01
9.225744605064392090e-01
9.222021698951721191e-01
9.232138395309448242e-01
9.223213195800781250e-01
9.233332276344299316e-01
9.228770136833190918e-01
9.226139783859252930e-01
9.221577644348144531e-01
9.230110645294189453e-01
9.229217767715454102e-01
9.241813421249389648e-01
9.247321486473083496e-01
9.238096475601196289e-01
9.230307340621948242e-01
9.235169291496276855e-01
9.230504631996154785e-01
9.227082133293151855e-01
9.236657619476318359e-01
9.235416054725646973e-01
9.230905771255493164e-01
9.233035445213317871e-01
9.238643050193786621e-01
9.237049818038940430e-01
9.236608147621154785e-01
9.238095283508300781e-01
9.239831566810607910e-01
9.241716861724853516e-01
9.247818589210510254e-01
9.243152737617492676e-01
9.245685935020446777e-01
9.245736002922058105e-01
9.249254465103149414e-01
9.242756962776184082e-01
9.248114824295043945e-01
9.238788485527038574e-01
9.250794053077697754e-01
9.242162108421325684e-01
9.254312515258789062e-01
9.251091480255126953e-01
9.248316287994384766e-01
