5.503472089767456055e-01
8.680555820465087891e-01
8.663194179534912109e-01
8.619791865348815918e-01
8.654513955116271973e-01
8.663194179534912109e-01
8.689236044883728027e-01
8.680555820465087891e-01
8.645833134651184082e-01
8.984375000000000000e-01
8.689236044883728027e-01
8.845486044883728027e-01
8.880208134651184082e-01
8.854166865348815918e-01
8.871527910232543945e-01
8.654513955116271973e-01
8.689236044883728027e-01
8.723958134651184082e-01
8.828125000000000000e-01
8.697916865348815918e-01
8.888888955116271973e-01
8.715277910232543945e-01
8.888888955116271973e-01
8.697916865348815918e-01
8.732638955116271973e-01
8.810763955116271973e-01
8.914930820465087891e-01
8.697916865348815918e-01
8.828125000000000000e-01
8.880208134651184082e-01
8.461805582046508789e-01
8.585069775581359863e-01
8.532985448837280273e-01
8.651041984558105469e-01
8.468750119209289551e-01
8.621527552604675293e-01
8.500000238418579102e-01
8.616319894790649414e-01
8.541666865348815918e-01
8.571180105209350586e-01
8.621527552604675293e-01
8.404513597488403320e-01
8.626735806465148926e-01
8.539930582046508789e-01
8.539930582046508789e-01
