4.191717803478240967e-01
4.779090881347656250e-01
5.667979717254638672e-01
6.373333334922790527e-01
6.808989048004150391e-01
7.156666517257690430e-01
7.417070865631103516e-01
7.594748139381408691e-01
7.717676758766174316e-01
7.833939194679260254e-01
7.911311984062194824e-01
7.941010594367980957e-01
7.988585829734802246e-01
8.015555143356323242e-01
8.031111359596252441e-01
8.048585057258605957e-01
8.054344058036804199e-01
8.060908317565917969e-01
8.071818351745605469e-01
8.074646592140197754e-01
8.080302476882934570e-01
8.082119822502136230e-01
8.084849119186401367e-01
8.089696168899536133e-01
8.087575435638427734e-01
8.092827796936035156e-01
8.093535304069519043e-01
8.093838691711425781e-01
8.095858693122863770e-01
8.096869587898254395e-01
8.097980022430419922e-01
8.097776770591735840e-01
8.098889589309692383e-01
8.100000023841857910e-01
8.099798560142517090e-01
8.099798560142517090e-01
8.100301623344421387e-01
8.100908994674682617e-01
8.103232383728027344e-01
8.101616501808166504e-01
8.102424740791320801e-01
8.103131055831909180e-01
8.102828264236450195e-01
8.103130459785461426e-01
8.103232383728027344e-01
8.104242682456970215e-01
8.103941082954406738e-01
8.105354309082031250e-01
8.104951381683349609e-01
8.105454444885253906e-01
8.104746937751770020e-01
8.105756640434265137e-01
8.104546070098876953e-01
8.105555772781372070e-01
8.106161355972290039e-01
8.104544281959533691e-01
8.106564879417419434e-01
8.104848861694335938e-01
8.106060624122619629e-01
8.106362819671630859e-01
8.105655312538146973e-01
8.106766939163208008e-01
8.106464743614196777e-01
8.105657100677490234e-01
8.106363415718078613e-01
8.105757236480712891e-01
8.106868863105773926e-01
8.105455636978149414e-01
8.106766939163208008e-01
8.107374906539916992e-01
8.105657696723937988e-01
8.107273578643798828e-01
8.106667995452880859e-01
8.106768727302551270e-01
8.107070922851562500e-01
8.106261491775512695e-01
8.106968998908996582e-01
8.107070326805114746e-01
8.107172250747680664e-01
8.106566667556762695e-01
8.107272982597351074e-01
8.106667399406433105e-01
8.107070922851562500e-01
8.108182549476623535e-01
8.107676506042480469e-01
8.107576370239257812e-01
8.107677698135375977e-01
8.107373118400573730e-01
8.108181953430175781e-01
8.106970191001892090e-01
8.108081221580505371e-01
8.107474446296691895e-01
8.108181953430175781e-01
8.108484745025634766e-01
8.107777833938598633e-01
8.107373714447021484e-01
8.107070326805114746e-01
8.108283281326293945e-01
8.108586668968200684e-01
8.108383417129516602e-01
7.163968682289123535e-01
7.164983749389648438e-01
7.164191603660583496e-01
7.165173888206481934e-01
7.164857983589172363e-01
7.164761424064636230e-01
7.165526151657104492e-01
7.165300846099853516e-01
7.164761424064636230e-01
7.165811657905578613e-01
7.165712714195251465e-01
7.165111899375915527e-01
7.165333032608032227e-01
7.165905833244323730e-01
7.166158556938171387e-01
7.166222929954528809e-01
7.165905833244323730e-01
7.166382074356079102e-01
7.166508436203002930e-01
7.165776491165161133e-01
7.166064381599426270e-01
7.166729569435119629e-01
7.167142033576965332e-01
7.166414856910705566e-01
7.166729569435119629e-01
7.166507244110107422e-01
7.166415452957153320e-01
7.167048454284667969e-01
7.167268395423889160e-01
7.166920304298400879e-01
7.167429924011230469e-01
7.166698575019836426e-01
7.166572213172912598e-01
7.167142033576965332e-01
7.167588472366333008e-01
7.167015075683593750e-01
7.166889905929565430e-01
7.167174816131591797e-01
7.167208194732666016e-01
7.167333364486694336e-01
7.167077660560607910e-01
7.167046666145324707e-01
7.167744040489196777e-01
7.167968153953552246e-01
7.167237401008605957e-01
7.167491316795349121e-01
7.167553901672363281e-01
7.167780995368957520e-01
7.167747616767883301e-01
7.167456746101379395e-01
7.167904973030090332e-01
7.168157696723937988e-01
7.166857123374938965e-01
7.167618870735168457e-01
7.167906165122985840e-01
7.167366147041320801e-01
7.167556285858154297e-01
7.167142629623413086e-01
7.167935967445373535e-01
7.167587876319885254e-01
7.167651653289794922e-01
7.168317437171936035e-01
7.167935967445373535e-01
7.167711257934570312e-01
7.168541550636291504e-01
7.167744040489196777e-01
7.167840003967285156e-01
7.168349623680114746e-01
7.168096303939819336e-01
7.168157696723937988e-01
7.168285846710205078e-01
7.167968153953552246e-01
7.168699502944946289e-01
7.168542146682739258e-01
7.168540954589843750e-01
7.168126106262207031e-01
7.168157696723937988e-01
7.168030738830566406e-01
7.168474197387695312e-01
7.168382406234741211e-01
7.167873382568359375e-01
7.167903780937194824e-01
7.168222665786743164e-01
7.168190479278564453e-01
7.168062925338745117e-01
7.168699502944946289e-01
7.168288230895996094e-01
7.168664932250976562e-01
7.168319225311279297e-01
7.168190479278564453e-01
7.168158888816833496e-01
7.168318629264831543e-01
7.168253064155578613e-01
7.168635725975036621e-01
7.168858051300048828e-01
7.168479561805725098e-01
7.169144153594970703e-01
7.168571949005126953e-01
7.168538570404052734e-01
7.168510556221008301e-01
