5.774906873703002930e-01
6.348825097084045410e-01
6.661323904991149902e-01
6.933760046958923340e-01
7.124065160751342773e-01
7.266960144042968750e-01
7.376803159713745117e-01
7.478298544883728027e-01
7.539396286010742188e-01
7.650574445724487305e-01
7.686965465545654297e-01
7.743056416511535645e-01
7.791466116905212402e-01
7.842215299606323242e-01
7.863247990608215332e-01
7.915664315223693848e-01
7.979433536529541016e-01
8.021834492683410645e-01
7.997462153434753418e-01
8.058226704597473145e-01
8.086605072021484375e-01
8.144364953041076660e-01
8.115317821502685547e-01
8.181757330894470215e-01
8.193109035491943359e-01
8.195111751556396484e-01
8.243523240089416504e-01
8.300279974937438965e-01
8.311964869499206543e-01
8.315972089767456055e-01
8.377404808998107910e-01
8.394097089767456055e-01
8.381077051162719727e-01
8.430488109588623047e-01
8.418804407119750977e-01
8.451856374740600586e-01
8.443508744239807129e-01
8.491920232772827148e-01
8.477897644042968750e-01
8.507612943649291992e-01
8.512287139892578125e-01
8.540998697280883789e-01
8.569377660751342773e-01
8.572382330894470215e-01
8.596755266189575195e-01
8.625134825706481934e-01
8.598759174346923828e-01
8.672876358032226562e-01
8.622796535491943359e-01
8.669538497924804688e-01
8.658853769302368164e-01
8.683894276618957520e-01
8.728632330894470215e-01
8.718950748443603516e-01
8.731971383094787598e-01
8.736979365348815918e-01
8.737646937370300293e-01
8.762352466583251953e-01
8.764356374740600586e-01
8.782050013542175293e-01
8.774371743202209473e-01
8.793736100196838379e-01
8.806757330894470215e-01
8.811431527137756348e-01
8.842481374740600586e-01
8.831463456153869629e-01
8.870860338211059570e-01
8.839476704597473145e-01
8.865517377853393555e-01
8.851829767227172852e-01
8.860844373703002930e-01
8.874865770339965820e-01
8.904246687889099121e-01
8.914263844490051270e-01
8.928952813148498535e-01
8.928954005241394043e-01
8.940973281860351562e-01
8.949986100196838379e-01
8.961673378944396973e-01
8.957666158676147461e-01
8.963674902915954590e-01
8.973690867424011230e-01
8.981369733810424805e-01
8.980368971824645996e-01
9.018763899803161621e-01
8.996728658676147461e-01
9.025106430053710938e-01
9.001736044883728027e-01
9.024105072021484375e-01
9.032118320465087891e-01
9.023771286010742188e-01
9.067507386207580566e-01
9.051816463470458984e-01
9.078192114830017090e-01
9.094550609588623047e-01
9.053819179534912109e-01
9.080194234848022461e-01
9.077859520912170410e-01
9.107905030250549316e-01
9.098557233810424805e-01
8.871831893920898438e-01
8.907360434532165527e-01
8.932192325592041016e-01
8.940468430519104004e-01
8.977512121200561523e-01
8.995074033737182617e-01
9.014250040054321289e-01
9.046148061752319336e-01
9.029393792152404785e-01
9.069564938545227051e-01
9.077438712120056152e-01
9.096717238426208496e-01
9.108424782752990723e-01
9.114281535148620605e-01
9.122556447982788086e-01
9.137293696403503418e-01
9.154049158096313477e-01
9.145469665527343750e-01
9.157581925392150879e-01
9.175953269004821777e-01
9.179387688636779785e-01
9.184229373931884766e-01
9.194929599761962891e-01
9.193516969680786133e-01
9.213702082633972168e-01
9.203306436538696289e-01
9.223191738128662109e-01
9.231770634651184082e-01
9.235807657241821289e-01
9.233688712120056152e-01
9.243076443672180176e-01
9.235706925392150879e-01
9.248322844505310059e-01
9.265584945678710938e-01
9.264373183250427246e-01
9.257407188415527344e-01
9.257912635803222656e-01
9.272751808166503906e-01
9.288699030876159668e-01
9.280422329902648926e-01
9.280824661254882812e-01
9.291021823883056641e-01
9.277394413948059082e-01
9.282237887382507324e-01
9.297683238983154297e-01
9.288900494575500488e-01
9.302932620048522949e-01
9.302123188972473145e-01
9.304647445678710938e-01
9.294553399085998535e-01
9.314840435981750488e-01
9.318978786468505859e-01
9.314237236976623535e-01
9.302425980567932129e-01
9.310197234153747559e-01
9.311309456825256348e-01
9.318073391914367676e-01
9.311107397079467773e-01
9.316356778144836426e-01
9.323323369026184082e-01
9.308482408523559570e-01
