5.584278106689453125e-01
6.131943464279174805e-01
6.431186199188232422e-01
6.684026122093200684e-01
6.987373828887939453e-01
7.214962244033813477e-01
7.439391613006591797e-01
7.658775448799133301e-01
7.894254922866821289e-01
8.077968955039978027e-01
8.275251388549804688e-01
8.482009768486022949e-01
8.624685406684875488e-01
8.778723478317260742e-01
8.883836269378662109e-01
8.964962959289550781e-01
9.054925441741943359e-01
9.152463078498840332e-01
9.222538471221923828e-01
9.261367321014404297e-01
9.280619025230407715e-01
9.323551654815673828e-01
9.323231577873229980e-01
9.351007342338562012e-01
9.363633990287780762e-01
9.368999600410461426e-01
9.376891255378723145e-01
9.382573962211608887e-01
9.390469193458557129e-01
9.384469389915466309e-01
9.404354691505432129e-01
9.393305778503417969e-01
9.398988485336303711e-01
9.407196044921875000e-01
9.403405189514160156e-01
9.393308758735656738e-01
9.413506984710693359e-01
9.428027868270874023e-01
9.419822096824645996e-01
9.428027868270874023e-01
9.410350322723388672e-01
9.418873190879821777e-01
9.402772188186645508e-01
9.428028464317321777e-01
9.437815546989440918e-01
9.436233043670654297e-01
9.435598850250244141e-01
9.459591507911682129e-01
9.431499838829040527e-01
9.457067847251892090e-01
9.433391094207763672e-01
9.156147241592407227e-01
9.169242382049560547e-01
9.175198078155517578e-01
9.170731902122497559e-01
9.197715520858764648e-01
9.201781153678894043e-01
9.187202453613281250e-01
9.189975261688232422e-01
9.200894832611083984e-01
9.202076196670532227e-01
9.210612177848815918e-01
9.204659461975097656e-01
9.208731651306152344e-01
9.209327697753906250e-01
9.209121465682983398e-01
9.212403893470764160e-01
9.223011136054992676e-01
9.219740629196166992e-01
