5.742026567459106445e-01
6.140689253807067871e-01
6.369920372962951660e-01
6.537423133850097656e-01
6.614904999732971191e-01
6.717785596847534180e-01
6.800732016563415527e-01
6.806519627571105957e-01
6.865677237510681152e-01
6.967270374298095703e-01
6.972416043281555176e-01
6.975951790809631348e-01
6.994919180870056152e-01
7.035428285598754883e-01
7.073687911033630371e-01
7.058898806571960449e-01
7.112911939620971680e-01
7.152135372161865234e-01
7.152134776115417480e-01
7.161459326744079590e-01
7.184928059577941895e-01
7.167888283729553223e-01
7.183642387390136719e-01
7.218363285064697266e-01
7.235726118087768555e-01
7.215471863746643066e-01
7.213220000267028809e-01
7.246335148811340332e-01
7.248263955116271973e-01
7.247299551963806152e-01
7.303240895271301270e-01
7.252764701843261719e-01
7.270770668983459473e-01
7.290380001068115234e-01
7.302599549293518066e-01
7.302276492118835449e-01
7.323173284530639648e-01
7.308062911033630371e-01
7.331854701042175293e-01
7.346321940422058105e-01
7.357895374298095703e-01
7.318029999732971191e-01
7.351465821266174316e-01
7.349216341972351074e-01
7.360146641731262207e-01
7.374291419982910156e-01
7.359183430671691895e-01
7.373328804969787598e-01
7.357575297355651855e-01
7.365611791610717773e-01
7.360789179801940918e-01
7.368183732032775879e-01
7.390046119689941406e-01
7.355002760887145996e-01
7.390689849853515625e-01
7.382973432540893555e-01
7.375578880310058594e-01
7.419303059577941895e-01
7.402585148811340332e-01
7.431842088699340820e-01
7.395511865615844727e-01
7.427662611007690430e-01
7.408692240715026855e-01
7.389724254608154297e-01
7.409978508949279785e-01
7.409657835960388184e-01
7.404513359069824219e-01
7.400333285331726074e-01
7.409336566925048828e-01
7.415123581886291504e-01
7.428626418113708496e-01
7.422518134117126465e-01
7.398727536201477051e-01
7.409336566925048828e-01
7.419624924659729004e-01
7.390367984771728516e-01
7.408692836761474609e-01
7.432484626770019531e-01
7.437306642532348633e-01
7.398405671119689941e-01
7.390690445899963379e-01
7.406442165374755859e-01
7.417373657226562500e-01
7.434414029121398926e-01
7.418981194496154785e-01
7.418017387390136719e-01
7.431518435478210449e-01
7.406764626502990723e-01
7.429590821266174316e-01
7.428626418113708496e-01
7.433127760887145996e-01
7.395833134651184082e-01
7.425732612609863281e-01
7.429270148277282715e-01
7.379115223884582520e-01
7.380079627037048340e-01
7.408372163772583008e-01
7.433448433876037598e-01
7.408372163772583008e-01
7.432484626770019531e-01
7.315015196800231934e-01
7.309027314186096191e-01
7.318904995918273926e-01
7.300349473953247070e-01
7.316910624504089355e-01
7.305635809898376465e-01
7.288073897361755371e-01
7.281088829040527344e-01
7.292565107345581055e-01
7.302541136741638184e-01
7.289870381355285645e-01
7.283485531806945801e-01
7.299747467041015625e-01
7.294659018516540527e-01
7.281690239906311035e-01
7.262632846832275391e-01
7.300844788551330566e-01
7.285779714584350586e-01
7.260436415672302246e-01
7.271313071250915527e-01
7.295358777046203613e-01
7.273804545402526855e-01
7.268419861793518066e-01
7.276901006698608398e-01
7.264029383659362793e-01
7.270714044570922852e-01
7.286776900291442871e-01
7.288373708724975586e-01
7.281889319419860840e-01
7.260535955429077148e-01
7.247066497802734375e-01
7.263428568840026855e-01
7.284981012344360352e-01
7.270914316177368164e-01
7.277597784996032715e-01
7.279593944549560547e-01
7.258641123771667480e-01
7.261731624603271484e-01
7.260535955429077148e-01
7.277699708938598633e-01
7.244670987129211426e-01
7.251556515693664551e-01
7.251955270767211914e-01
7.248962521553039551e-01
7.264129519462585449e-01
7.259737253189086914e-01
7.274206280708312988e-01
7.254948019981384277e-01
7.271112203598022461e-01
7.268120050430297852e-01
7.260438203811645508e-01
7.255946397781372070e-01
7.261434793472290039e-01
7.267919182777404785e-01
7.277398705482482910e-01
7.271013855934143066e-01
7.266025543212890625e-01
7.265923023223876953e-01
7.250059247016906738e-01
7.251655459403991699e-01
7.242177128791809082e-01
7.255347371101379395e-01
7.264627218246459961e-01
7.246568202972412109e-01
7.243175506591796875e-01
7.240380644798278809e-01
7.241778373718261719e-01
7.237489819526672363e-01
7.254549264907836914e-01
7.254549860954284668e-01
7.248262763023376465e-01
7.231702804565429688e-01
7.248662710189819336e-01
7.248162627220153809e-01
7.234992384910583496e-01
7.241977453231811523e-01
7.249161005020141602e-01
7.267822027206420898e-01
7.238985300064086914e-01
7.277898192405700684e-01
7.252455353736877441e-01
7.270613312721252441e-01
7.276402115821838379e-01
7.232297658920288086e-01
7.244771122932434082e-01
7.235492467880249023e-01
7.224318981170654297e-01
7.234393954277038574e-01
7.232102155685424805e-01
