1.356754153966903687e-01
1.116949990391731262e-01
9.780230373144149780e-02
8.940615504980087280e-02
8.350037783384323120e-02
7.781000435352325439e-02
7.472478598356246948e-02
7.179927080869674683e-02
6.927198916673660278e-02
6.694035977125167847e-02
6.461301445960998535e-02
6.371475756168365479e-02
6.181966513395309448e-02
6.080283224582672119e-02
5.902114883065223694e-02
5.808911472558975220e-02
5.683401599526405334e-02
5.499378964304924011e-02
5.410211905837059021e-02
5.298290029168128967e-02
5.201296880841255188e-02
5.163674429059028625e-02
5.144163966178894043e-02
4.987118765711784363e-02
4.832795634865760803e-02
4.858202487230300903e-02
4.797792434692382812e-02
4.644226282835006714e-02
4.628811404109001160e-02
4.552860930562019348e-02
4.477266967296600342e-02
4.430676251649856567e-02
4.359028488397598267e-02
4.318521544337272644e-02
4.235677793622016907e-02
4.160024970769882202e-02
4.028509557247161865e-02
3.997338563203811646e-02
3.986988961696624756e-02
3.959371522068977356e-02
3.851907700300216675e-02
3.823471069335937500e-02
3.759584948420524597e-02
3.789577633142471313e-02
3.646456077694892883e-02
3.623476624488830566e-02
3.587285801768302917e-02
3.587251529097557068e-02
3.487401455640792847e-02
3.425167128443717957e-02
3.326542675495147705e-02
3.356935083866119385e-02
3.310095518827438354e-02
3.273564577102661133e-02
3.176245093345642090e-02
3.213192149996757507e-02
3.116589412093162537e-02
3.091534599661827087e-02
3.065131418406963348e-02
2.972851507365703583e-02
2.931369282305240631e-02
2.879215776920318604e-02
2.869373559951782227e-02
2.819043397903442383e-02
2.815311402082443237e-02
2.767432481050491333e-02
2.776130661368370056e-02
2.684417180716991425e-02
2.691085636615753174e-02
2.647416666150093079e-02
2.618295326828956604e-02
2.582922019064426422e-02
2.525077201426029205e-02
2.560066990554332733e-02
2.429733425378799438e-02
2.447795122861862183e-02
2.466727979481220245e-02
2.411104738712310791e-02
2.363456040620803833e-02
2.346938662230968475e-02
2.316569164395332336e-02
2.310662716627120972e-02
2.230733446776866913e-02
2.246981672942638397e-02
2.177708968520164490e-02
2.184299379587173462e-02
2.080937661230564117e-02
2.088204957544803619e-02
2.081961371004581451e-02
2.072376012802124023e-02
2.023097686469554901e-02
2.054053172469139099e-02
2.028094232082366943e-02
1.943374611437320709e-02
1.970487460494041443e-02
1.946675404906272888e-02
1.916696317493915558e-02
1.921145990490913391e-02
1.885609887540340424e-02
1.870353706181049347e-02
2.405705489218235016e-02
2.338216267526149750e-02
2.274382859468460083e-02
2.171130850911140442e-02
2.159216627478599548e-02
2.088487520813941956e-02
2.037865854799747467e-02
2.004399895668029785e-02
1.966725103557109833e-02
1.904435455799102783e-02
1.915903389453887939e-02
1.871640235185623169e-02
1.836128905415534973e-02
1.801676489412784576e-02
1.784542761743068695e-02
1.772637665271759033e-02
1.750190742313861847e-02
1.703363098204135895e-02
1.675238460302352905e-02
1.677831448614597321e-02
1.630513928830623627e-02
1.622007973492145538e-02
1.599963940680027008e-02
1.596832834184169769e-02
1.552386954426765442e-02
1.546899229288101196e-02
1.516800932586193085e-02
1.517725922167301178e-02
1.479132845997810364e-02
1.473518647253513336e-02
1.469339057803153992e-02
1.434723287820816040e-02
1.426902320235967636e-02
1.416168361902236938e-02
1.402097567915916443e-02
1.381094194948673248e-02
1.378527469933032990e-02
1.372399181127548218e-02
1.355166453868150711e-02
1.348926965147256851e-02
1.354481838643550873e-02
1.305132452398538589e-02
1.310631912201642990e-02
1.292554009705781937e-02
1.284027192741632462e-02
1.274416595697402954e-02
1.270242221653461456e-02
1.255231350660324097e-02
1.247704029083251953e-02
1.250314619392156601e-02
1.235208008438348770e-02
1.233272161334753036e-02
1.236017700284719467e-02
1.206127926707267761e-02
1.182450540363788605e-02
1.208995003253221512e-02
1.190792303532361984e-02
1.180665474385023117e-02
1.156510319560766220e-02
1.157560665160417557e-02
1.163828093558549881e-02
1.154042128473520279e-02
1.145704928785562515e-02
1.126515492796897888e-02
1.109616085886955261e-02
1.117044314742088318e-02
1.104534510523080826e-02
1.089010480791330338e-02
1.103091333061456680e-02
1.092471648007631302e-02
1.096291746944189072e-02
1.093950774520635605e-02
1.080434117466211319e-02
1.069113891571760178e-02
1.059201918542385101e-02
1.053145248442888260e-02
1.041266694664955139e-02
1.042504515498876572e-02
1.026476360857486725e-02
1.047326810657978058e-02
1.044862158596515656e-02
1.011394057422876358e-02
1.026420295238494873e-02
1.010725647211074829e-02
1.010924484580755234e-02
9.988001547753810883e-03
9.939139708876609802e-03
9.904867969453334808e-03
1.008528098464012146e-02
