8.888481299999966723e+00
1.668129479999993237e+01
2.471461969999995745e+01
3.256203810000010890e+01
4.028369900000006965e+01
4.821323550000010982e+01
5.609150490000001810e+01
6.363193470000010166e+01
7.167109669999990729e+01
7.954908230000000913e+01
8.727664899999990666e+01
9.538462780000008934e+01
1.032687438999998903e+02
1.110362330000000384e+02
1.189031878000000688e+02
1.266915679999999611e+02
1.343235652000000755e+02
1.424014970999999150e+02
1.504234876999998960e+02
1.580911212000000887e+02
1.660469146000000364e+02
1.739361618999998882e+02
1.815513476000000992e+02
1.895249441999999362e+02
1.973618366000000606e+02
2.049736474999999700e+02
2.128671127000000070e+02
2.208716208000000734e+02
2.287198327000000972e+02
2.365776455000000169e+02
2.444478335999999672e+02
2.520806345000000874e+02
2.600930407999999261e+02
2.678472140999999738e+02
2.755711539999999786e+02
2.836196661999999833e+02
2.914928537000000688e+02
2.993810381000000689e+02
3.072424278999999387e+02
3.149275508000000627e+02
3.230777312000000165e+02
3.309646726999999373e+02
3.387673935000000256e+02
3.466966211999999814e+02
3.548401117000000795e+02
3.625817030999999133e+02
3.707605458999998973e+02
3.787258713999999600e+02
3.863961626000000251e+02
3.944573803999999200e+02
4.023148992999999791e+02
4.098991825000000517e+02
4.181279904000000442e+02
4.259378128999999262e+02
4.338600392000000738e+02
4.418207210000000487e+02
4.499481814000000668e+02
4.580417137999997976e+02
4.660254113000000871e+02
4.741000229000001127e+02
4.819123574999998709e+02
4.901021829000001162e+02
4.982146751000000222e+02
5.062654336000000512e+02
5.145520225999998729e+02
5.223788736999999855e+02
5.301575600999999551e+02
5.383828091999998833e+02
5.465509579999998095e+02
5.542913004000001820e+02
5.624205796999999620e+02
5.705958688999999140e+02
5.784398556000001008e+02
5.866361498999999640e+02
5.946930901000000631e+02
6.028290455999999722e+02
6.107405613999999332e+02
6.186664820999999392e+02
6.269025077000001147e+02
6.352785159999998541e+02
6.433156650999999329e+02
6.515307981999999356e+02
6.595949793999998292e+02
6.675084978999998384e+02
6.757086104999998497e+02
6.838934371999998802e+02
6.918793998000001011e+02
7.001470459000001938e+02
7.082838679000001321e+02
7.162153032999999596e+02
7.241886598999999478e+02
7.324742141000001538e+02
7.406039209000000483e+02
7.487992069000001720e+02
7.570253330999998980e+02
7.649894211000000723e+02
7.733079557999999452e+02
7.813377255000000332e+02
7.893445922000000792e+02
7.976266058000001067e+02
8.181195914999998422e+02
8.390617059999999583e+02
8.605877896000001783e+02
8.838271835999998984e+02
9.063851633999997830e+02
9.293105141000000913e+02
9.529808275999998841e+02
9.750963932999998178e+02
9.974690141999999469e+02
1.019523164300000190e+03
1.041327320299999883e+03
1.063129048700000112e+03
1.084508757399999922e+03
1.104656075800000053e+03
1.125319432799999959e+03
1.146112662500000170e+03
1.166292424599999777e+03
1.186831098600000132e+03
1.207306722100000115e+03
1.227370017600000210e+03
1.248175772200000210e+03
1.268391923600000155e+03
1.288589644099999987e+03
1.308506359900000007e+03
1.328996072200000071e+03
1.348994804099999783e+03
1.369554420800000116e+03
1.389898260299999947e+03
1.410173750200000086e+03
1.431076367099999970e+03
1.451522590699999910e+03
1.471834841299999880e+03
1.494482945300000210e+03
1.515528815199999826e+03
1.536541989800000010e+03
1.558289212300000145e+03
1.579533035399999790e+03
1.600368904399999792e+03
1.620938210499999968e+03
1.641513795500000015e+03
1.661556074600000102e+03
1.682189977500000168e+03
1.702813899299999775e+03
1.722898348300000180e+03
1.743660610299999917e+03
1.764170179300000200e+03
1.784443336700000145e+03
1.805278401399999893e+03
1.825815039099999922e+03
1.845890065699999923e+03
1.866477462500000001e+03
1.886873105600000144e+03
1.907066401800000222e+03
1.927644281700000192e+03
1.948033468699999958e+03
1.968432799900000191e+03
1.989513742699999966e+03
2.010154886599999827e+03
2.030316342499999791e+03
2.051002532900000006e+03
2.071448099799999909e+03
2.091580112900000131e+03
2.112564736299999822e+03
2.133090706299999965e+03
2.153347955400000046e+03
2.174189742699999897e+03
2.194975518199999897e+03
2.215429548999999952e+03
2.236448386999999911e+03
2.257179913299999953e+03
2.278025319500000023e+03
2.298922678699999778e+03
2.319810447700000168e+03
2.340258642700000109e+03
2.361456986199999847e+03
2.382191250500000024e+03
2.402744815099999869e+03
2.423816444999999931e+03
2.444691166900000098e+03
2.465402595200000178e+03
2.486293345800000225e+03
2.507107453899999655e+03
2.527603614500000276e+03
2.548869518799999696e+03
2.569826767400000335e+03
2.590820456599999943e+03
2.612398783000000094e+03
2.633372201699999550e+03
2.654013942000000043e+03
