6.001659855246543884e-02
5.977567657828330994e-02
5.810533463954925537e-02
5.917559191584587097e-02
5.904505401849746704e-02
5.767231062054634094e-02
5.943397432565689087e-02
5.917751789093017578e-02
5.900447815656661987e-02
5.895690992474555969e-02
5.765230208635330200e-02
5.852214992046356201e-02
5.849194154143333435e-02
5.787552893161773682e-02
5.823424831032752991e-02
5.755523592233657837e-02
5.816570669412612915e-02
5.853269994258880615e-02
6.716076284646987915e-02
6.771142780780792236e-02
6.681053340435028076e-02
6.747901439666748047e-02
6.739548593759536743e-02
6.689900159835815430e-02
6.644203513860702515e-02
6.776921451091766357e-02
8.092257380485534668e-02
8.098797500133514404e-02
8.054770529270172119e-02
7.990221679210662842e-02
8.194471150636672974e-02
8.089701831340789795e-02
8.072814345359802246e-02
8.031513541936874390e-02
8.059062808752059937e-02
8.176808059215545654e-02
8.014342188835144043e-02
8.251267671585083008e-02
9.816244244575500488e-02
9.660297632217407227e-02
9.813830256462097168e-02
9.692523628473281860e-02
9.797170013189315796e-02
9.777358919382095337e-02
9.596037864685058594e-02
9.709045290946960449e-02
9.635459631681442261e-02
9.843489527702331543e-02
9.923624247312545776e-02
9.736587852239608765e-02
9.728081524372100830e-02
9.831887483596801758e-02
9.669610857963562012e-02
9.811956435441970825e-02
9.894156455993652344e-02
