2.203288859999999971e+01
3.986480099999999993e+01
5.943743150000000242e+01
7.787382409999999311e+01
9.622277169999999558e+01
1.153955061999999998e+02
1.340675788000000068e+02
1.524526232000000050e+02
1.716427201000000196e+02
1.899647465000000182e+02
2.080964623000000131e+02
2.270636896999999976e+02
2.458157927999999970e+02
2.642984126999999717e+02
2.837910905999999613e+02
3.027318988999999760e+02
3.213311043999999583e+02
3.404959045999999603e+02
3.595894874999999615e+02
3.782938231999999630e+02
3.980699849999999742e+02
4.172387582000000066e+02
4.357812753999999700e+02
4.550720054999999888e+02
4.741253669999999829e+02
4.926488744999999767e+02
5.123885549000000310e+02
5.369801586999999472e+02
5.688694765000000189e+02
6.022636413000000175e+02
6.318239247000000205e+02
6.624397337000000334e+02
6.924454987000000301e+02
7.218875570000000153e+02
7.506766130999999405e+02
7.811988387000000102e+02
8.138236762000000226e+02
8.459783215999999584e+02
8.775228536999999278e+02
9.075979932999999846e+02
9.372165747999999894e+02
9.676763306999999941e+02
9.995523140000000240e+02
1.030271540400000049e+03
1.061262035900000001e+03
1.091418230900000026e+03
1.121378114200000027e+03
1.152534077000000025e+03
1.183033244199999899e+03
1.213772214099999928e+03
1.244606330800000023e+03
1.274948627900000020e+03
1.303996544500000027e+03
1.334130562099999906e+03
1.363487863999999945e+03
