1.304141040000000196e+01
2.208525499999999653e+01
3.168625809999999632e+01
4.147563629999999790e+01
5.121778119999999745e+01
6.139538639999999958e+01
7.137907859999999971e+01
8.210875049999999931e+01
9.257967340000000434e+01
1.031858085000000074e+02
1.137304132000000010e+02
1.247942683999999929e+02
1.358008303000000012e+02
1.465451883000000066e+02
1.573815716999999950e+02
1.679839738999999952e+02
1.784011136999999962e+02
1.895012073999999984e+02
2.004202241000000129e+02
2.110068818999999962e+02
2.218600481999999943e+02
2.323034001999999987e+02
2.429272280000000137e+02
2.535724152999999887e+02
2.638904054999999858e+02
2.741795518999999786e+02
2.847063325000000304e+02
2.950472583000000100e+02
3.052621851000000106e+02
3.154903464000000213e+02
3.255592288999999937e+02
3.359977969000000257e+02
3.461014246999999955e+02
3.563093039999999974e+02
3.697195659000000205e+02
3.804554617000000007e+02
3.905542108999999869e+02
4.006522196999999892e+02
4.105713561000000027e+02
4.203743560000000343e+02
4.304250883000000272e+02
4.402589202000000341e+02
4.499323666999999887e+02
4.600183655999999814e+02
4.694659474000000046e+02
4.792045585000000187e+02
4.891144247000000291e+02
4.987789793000000600e+02
5.087018293999999514e+02
5.184156725000000279e+02
5.279891387999999779e+02
5.374006338000000369e+02
5.472045528999999533e+02
5.567829306999999517e+02
5.662530689999999822e+02
5.758912503000000243e+02
5.853464827999999898e+02
5.948712358999999879e+02
6.046238300999999637e+02
6.140679645999999821e+02
6.237269007999999531e+02
6.331130950000000439e+02
6.425353655000000117e+02
6.521623656000000437e+02
6.616379503000000568e+02
6.710945990999999822e+02
6.807331990999999789e+02
6.899707571999999800e+02
6.993693217999999661e+02
7.091356563000000506e+02
7.184579353000000310e+02
7.277589342999999644e+02
7.372339795000000322e+02
7.465558270000000221e+02
7.560591448000000128e+02
7.656534623000000011e+02
7.748506972999999789e+02
7.841390662000000020e+02
7.936364866999999776e+02
8.029752047000000630e+02
8.126295036999999866e+02
8.220369129000000612e+02
8.315368402999999944e+02
8.409294938000000457e+02
8.504979011000000355e+02
8.597605968999999959e+02
8.692718747999999778e+02
8.788290515999999570e+02
8.882565425000000232e+02
8.977386656999999559e+02
9.072050228000000516e+02
9.166158213999999589e+02
9.260531201999999666e+02
9.356532047000000603e+02
9.449711157000000412e+02
9.542194368000000395e+02
9.636832159000000502e+02
9.729451692000000094e+02
9.824420569000000114e+02
9.920249880000000076e+02
1.012211071200000106e+03
1.034353579300000092e+03
1.056395685899999989e+03
1.078867266599999994e+03
1.100649997400000075e+03
1.122746929500000078e+03
1.144896651199999951e+03
1.166744234300000016e+03
1.188607664599999907e+03
1.210904551600000104e+03
1.232745449300000018e+03
1.254390648800000008e+03
1.276680474000000004e+03
1.298499073799999906e+03
1.320576618199999984e+03
1.342892216199999893e+03
1.364822177999999894e+03
1.386891218299999991e+03
1.409046112900000026e+03
1.431004007700000102e+03
1.452657557100000076e+03
1.475112465899999961e+03
1.496875424500000008e+03
1.518833066700000018e+03
1.540674565300000040e+03
1.562375403300000016e+03
1.584322828699999945e+03
1.606429480000000012e+03
1.628332576100000097e+03
1.649878086200000098e+03
1.672184912200000099e+03
1.693807038500000090e+03
1.715506095899999991e+03
1.737741097399999944e+03
1.759448014499999999e+03
1.781266608899999937e+03
1.803009638300000006e+03
1.824639917400000058e+03
1.846501465300000064e+03
1.868609854300000052e+03
1.890427956199999926e+03
1.912127212899999904e+03
1.934042689899999914e+03
1.955902206700000079e+03
1.977346510800000033e+03
1.999703747199999952e+03
2.021355125199999975e+03
2.043297324700000217e+03
2.065289201099999900e+03
2.086868046499999764e+03
2.108788686099999723e+03
2.130742793099999744e+03
2.152282412799999747e+03
2.174126877399999557e+03
2.195934274699999605e+03
2.217854486599999746e+03
2.239402481599999646e+03
2.261219282199999725e+03
2.282953076199999941e+03
2.304339320599999610e+03
2.326387693399999989e+03
2.348221494499999608e+03
2.369880364799999825e+03
2.392185180499999660e+03
2.413750537599999916e+03
2.435500447099999747e+03
2.457603597199999967e+03
2.479221009299999878e+03
2.500965497799999866e+03
2.522813656799999990e+03
2.544446545899999819e+03
2.566262948399999914e+03
2.588007354099999702e+03
2.609629779099999723e+03
2.631222078099999635e+03
2.653079445499999565e+03
2.674859547099999872e+03
2.696474894499999664e+03
2.718458910799999558e+03
2.740163308999999572e+03
2.761839328499999738e+03
2.783566670799999883e+03
2.805448380999999699e+03
2.826826543599999695e+03
2.848898656699999719e+03
2.870371224099999836e+03
2.891720772099999976e+03
2.913830241599999681e+03
2.935289394499999617e+03
2.956654262599999583e+03
2.978716928699999698e+03
3.000248756899999989e+03
3.021867300699999760e+03
3.044119120599999860e+03
3.065550844499999585e+03
3.087470382799999697e+03
3.109474039899999752e+03
3.131402546699999675e+03
3.153262283299999581e+03
3.175405990999999631e+03
