5.991898775100708008e-01
6.934027671813964844e-01
7.734788060188293457e-01
8.480489850044250488e-01
9.001652598381042480e-01
9.204696416854858398e-01
9.342592358589172363e-01
9.371528625488281250e-01
9.410714507102966309e-01
9.424270391464233398e-01
9.430389404296875000e-01
9.424436688423156738e-01
9.463458061218261719e-01
9.444444775581359863e-01
9.449240565299987793e-01
9.481149315834045410e-01
9.497850537300109863e-01
9.489253163337707520e-01
9.468088746070861816e-01
9.530423283576965332e-01
9.512070417404174805e-01
9.541170001029968262e-01
9.522320628166198730e-01
9.505289793014526367e-01
9.538690447807312012e-01
9.513228535652160645e-01
9.547453522682189941e-01
9.524966478347778320e-01
9.544146656990051270e-01
9.549933075904846191e-01
9.565972089767456055e-01
9.562665820121765137e-01
9.577876329421997070e-01
9.571263194084167480e-01
9.567129015922546387e-01
9.564980864524841309e-01
9.593916535377502441e-01
9.582673311233520508e-01
9.584490656852722168e-01
9.631613492965698242e-01
9.608629941940307617e-01
9.566301703453063965e-01
9.621196985244750977e-01
9.621362090110778809e-01
9.588293433189392090e-01
9.608301520347595215e-01
9.599703550338745117e-01
9.579035639762878418e-01
9.614418745040893555e-01
9.617228507995605469e-01
9.639054536819458008e-01
9.621858000755310059e-01
9.607970118522644043e-01
9.584987163543701172e-01
9.634590148925781250e-01
9.630457758903503418e-01
