2.324257493019104004e-01
1.850709617137908936e-01
1.463523060083389282e-01
1.110522225499153137e-01
7.832776010036468506e-02
5.631474405527114868e-02
4.027323052287101746e-02
3.137461468577384949e-02
2.539358288049697876e-02
2.232620678842067719e-02
1.983749866485595703e-02
1.722105219960212708e-02
1.592097058892250061e-02
1.500731054693460464e-02
1.418562326580286026e-02
1.342258136719465256e-02
1.256772689521312714e-02
1.163435820490121841e-02
1.177440583705902100e-02
1.083395257592201233e-02
1.066799368709325790e-02
1.035227533429861069e-02
1.004960015416145325e-02
9.990990161895751953e-03
9.392935782670974731e-03
9.518223814666271210e-03
9.051952511072158813e-03
8.788585662841796875e-03
8.574330247938632965e-03
8.772582747042179108e-03
8.435115218162536621e-03
8.238034322857856750e-03
8.112736977636814117e-03
7.516141049563884735e-03
7.804298307746648788e-03
7.733347825706005096e-03
7.461723871529102325e-03
6.845520809292793274e-03
7.011905312538146973e-03
6.790274288505315781e-03
6.910071242600679398e-03
7.235644385218620300e-03
6.835786160081624985e-03
6.657227873802185059e-03
6.523056887090206146e-03
6.684639025479555130e-03
6.605989765375852585e-03
6.610587239265441895e-03
6.423784419894218445e-03
6.107549648731946945e-03
5.836975760757923126e-03
5.750042386353015900e-03
6.092709023505449295e-03
5.836348515003919601e-03
5.740355700254440308e-03
6.199026480317115784e-03
