9.226611500000217347e+00
1.586608939999950962e+01
2.239978890000020328e+01
2.886461679999956687e+01
3.533686399999987771e+01
4.193261929999971471e+01
4.923293250000006083e+01
5.813376659999994445e+01
6.700365150000016001e+01
7.370059789999959321e+01
8.049855430000025081e+01
8.689198080000005575e+01
9.331341460000021470e+01
9.973840699999982462e+01
1.061652622999999949e+02
1.131142239000000700e+02
1.213329923999999664e+02
1.307922908000000461e+02
1.375548850999994102e+02
1.444712579999995796e+02
1.508353845000001456e+02
1.576589154000002964e+02
1.640243758999995407e+02
1.704021840999994311e+02
1.771311482000000979e+02
1.848070713999995860e+02
1.941326705000001311e+02
2.018015704999997979e+02
2.086723874999997861e+02
2.151117439999998169e+02
2.215818964999998570e+02
2.279984386999994967e+02
2.343243903000002319e+02
2.408926923999997598e+02
2.482125398999996833e+02
2.571269536999998309e+02
2.657625548999994862e+02
2.724170612999996592e+02
2.790544534999999087e+02
2.855399207999998907e+02
2.919046202999998059e+02
2.982258406000000832e+02
3.046534542999997939e+02
3.116856200000001991e+02
3.199905117999996946e+02
3.295209205000001020e+02
3.360742779000001974e+02
3.429038486999997986e+02
3.492394213999996282e+02
3.556630230999999185e+02
3.619911893999997119e+02
3.684164894999994431e+02
3.751523553999995784e+02
3.828612745999998879e+02
3.922829543999996531e+02
3.996897559999997611e+02
4.065183994999997594e+02
4.129363237999996272e+02
4.193960784999999305e+02
4.257100355000002310e+02
4.321110159999998359e+02
4.386205451999994693e+02
4.459363831999999093e+02
4.550163396999996621e+02
4.633785317000001669e+02
4.700326297000001432e+02
4.766248820999999225e+02
4.830743591999998898e+02
4.894071741999996448e+02
4.961280833000000712e+02
5.025787073999999848e+02
5.096971113999998124e+02
5.181596354000002975e+02
5.275227767999995194e+02
5.339965458999995462e+02
5.408031469999996261e+02
5.472069096999994144e+02
5.535557775999996011e+02
5.599340815999994447e+02
5.662850163000002794e+02
5.729744836999998370e+02
5.964594869000002291e+02
6.149474373000002743e+02
6.335731998000001113e+02
6.569255438000000140e+02
6.753088194000001749e+02
6.942437958000000435e+02
7.174326602999999523e+02
7.356604655999999522e+02
7.549992965999999797e+02
7.780275669000002381e+02
7.962160593999997218e+02
8.160940488999995068e+02
8.386821764999995139e+02
8.567231563999994250e+02
8.772401173999996900e+02
8.992320537999994485e+02
9.172798372999995991e+02
9.385381250000000364e+02
9.597289361000002827e+02
9.778756224999997357e+02
9.998371957999997903e+02
1.020340156100000058e+03
1.038425898299999972e+03
1.061156890600000224e+03
1.080831398100000115e+03
1.098947352700000010e+03
1.122359426399999393e+03
1.141420983799999703e+03
1.159467199199999413e+03
1.183213519299999462e+03
1.201924048699999730e+03
1.220037269700000252e+03
1.243749889900000198e+03
1.262419290899999396e+03
1.280658271499999501e+03
1.304229896899999403e+03
1.323237091299999520e+03
1.341574481499999820e+03
1.365070968699999867e+03
1.383628430499999922e+03
1.402171569099999942e+03
1.425567344000000048e+03
1.444040319099999579e+03
1.462876534899999569e+03
1.486066122100000030e+03
1.504272420299999794e+03
1.523639232699999411e+03
1.546753251699999964e+03
1.564834359200000108e+03
1.584384837900000093e+03
1.607020847599999797e+03
1.625060050399999454e+03
1.645194934199999807e+03
1.667322599999999511e+03
1.685221893699999782e+03
1.706053996800000277e+03
1.727503328699999656e+03
1.745535229899999649e+03
1.767181611199999679e+03
