8.711938858032226562e-01
8.682558536529541016e-01
8.721287846565246582e-01
8.753338456153869629e-01
8.737980723381042480e-01
8.794738054275512695e-01
8.750666975975036621e-01
8.785390257835388184e-01
8.761351108551025391e-01
8.717281818389892578e-01
8.786057233810424805e-01
8.729967474937438965e-01
8.731971383094787598e-01
8.757345676422119141e-01
8.778044581413269043e-01
8.734642267227172852e-01
8.784054517745971680e-01
8.757345676422119141e-01
8.786057829856872559e-01
8.721287250518798828e-01
8.768029808998107910e-01
8.808761239051818848e-01
8.745325803756713867e-01
8.732639551162719727e-01
8.761351704597473145e-01
8.756676912307739258e-01
8.712607026100158691e-01
8.770031332969665527e-01
8.734642267227172852e-01
8.749332427978515625e-01
8.754006028175354004e-01
8.530359268188476562e-01
8.521278500556945801e-01
8.531571030616760254e-01
8.550346493721008301e-01
8.531170487403869629e-01
8.552769422531127930e-01
8.516632914543151855e-01
8.662590980529785156e-01
8.854975104331970215e-01
8.929870724678039551e-01
8.985182046890258789e-01
9.003955721855163574e-01
9.075621962547302246e-01
9.114785194396972656e-01
9.145874381065368652e-01
9.213904738426208496e-01
9.269623756408691406e-01
9.296270012855529785e-01
9.312822818756103516e-01
9.342296719551086426e-01
9.338662624359130859e-01
9.350574612617492676e-01
9.352391362190246582e-01
9.359253048896789551e-01
9.360665678977966309e-01
9.372175335884094238e-01
9.383680820465087891e-01
9.387110471725463867e-01
9.394580721855163574e-01
9.392359256744384766e-01
9.385498166084289551e-01
9.403061270713806152e-01
9.421027302742004395e-01
9.408711194992065430e-01
9.397408366203308105e-01
9.414972066879272461e-01
9.419412016868591309e-01
9.419410228729248047e-01
9.418807625770568848e-01
9.421229958534240723e-01
9.430714845657348633e-01
9.422238469123840332e-01
9.424660205841064453e-01
9.435765743255615234e-01
9.441215991973876953e-01
9.429305195808410645e-01
9.431523084640502930e-01
9.451510310173034668e-01
9.458171725273132324e-01
9.451913237571716309e-01
9.460996389389038086e-01
9.453932046890258789e-01
9.443233609199523926e-01
9.444040656089782715e-01
9.459182620048522949e-01
9.453327059745788574e-01
9.473513364791870117e-01
9.460997581481933594e-01
9.465639591217041016e-01
9.471092820167541504e-01
9.467660784721374512e-01
9.459180831909179688e-01
9.468671083450317383e-01
9.489464163780212402e-01
9.462009072303771973e-01
9.485021829605102539e-01
9.456757903099060059e-01
9.463219642639160156e-01
9.474727511405944824e-01
9.475533366203308105e-01
9.457160830497741699e-01
9.466044306755065918e-01
9.489664435386657715e-01
9.472707509994506836e-01
9.477956295013427734e-01
9.474523067474365234e-01
9.477146863937377930e-01
9.484214782714843750e-01
9.484820961952209473e-01
9.501169919967651367e-01
9.485424757003784180e-01
9.488654732704162598e-01
9.501976370811462402e-01
9.500163793563842773e-01
9.466044306755065918e-01
9.483808279037475586e-01
9.484617710113525391e-01
9.500969052314758301e-01
9.503189921379089355e-01
9.501573443412780762e-01
9.491078853607177734e-01
