6.774045199999989109e+00
1.140121399999998175e+01
1.593779659999995602e+01
2.058461869999996452e+01
2.529543069999999716e+01
3.005451939999994693e+01
3.440290549999997438e+01
3.920678479999997990e+01
4.377056099999998651e+01
4.828826379999998153e+01
5.274906209999994644e+01
5.739758050000000367e+01
6.202795619999994869e+01
6.671966069999996307e+01
7.120780189999993581e+01
7.612734599999998863e+01
8.061434239999994134e+01
8.538589930000000550e+01
9.023659420000001319e+01
9.472403719999999794e+01
9.921278480000000854e+01
1.037485983000000260e+02
1.082190651999999318e+02
1.127687131000000136e+02
1.171694744000000128e+02
1.215803194999999732e+02
1.259909602999999834e+02
1.304250853999999435e+02
1.350477032000000008e+02
1.395365686999999753e+02
1.441496518999999807e+02
1.524438123999999561e+02
1.610943526999999449e+02
1.698338010999999597e+02
1.789493044999999256e+02
1.884301656999999750e+02
1.971078645999999708e+02
2.060691124999999602e+02
2.146097285999999258e+02
2.235923321000000215e+02
2.325613051999999925e+02
2.415515444999999772e+02
2.512288386000000173e+02
2.600259866999999758e+02
2.686234330999999429e+02
2.773402288999999428e+02
2.862735597999999300e+02
2.960088547000000290e+02
3.050895077999999785e+02
3.136252223999999842e+02
3.222450840000000198e+02
3.309233307999999170e+02
3.399397615999999971e+02
3.494279603999999608e+02
3.578545692000000145e+02
3.673413700999999492e+02
3.761324971999999889e+02
3.845938656999999239e+02
3.939300240000000031e+02
4.028688716999999997e+02
4.117351075000000264e+02
4.204109112999999525e+02
4.297287481999999272e+02
4.385923096999999871e+02
4.475907538000000159e+02
4.569588073999999551e+02
4.659046819000000141e+02
4.744961486999999352e+02
4.833950161999999864e+02
4.920912472999999636e+02
5.011298571999999467e+02
5.101153830999999172e+02
5.195085447000000158e+02
5.285447861000000103e+02
5.370658482000000049e+02
5.459602398999999195e+02
5.547606402999999773e+02
5.637168887999999924e+02
5.728992758999999069e+02
5.824453918999998905e+02
5.914389554000000544e+02
5.996060372000000598e+02
6.081698178000000325e+02
6.167775952000000643e+02
6.259238943999999947e+02
6.349637831999999662e+02
6.435557067999999390e+02
6.524311742999999524e+02
6.612542392999999947e+02
6.704864627000000610e+02
6.789604415000000017e+02
6.875226913000000195e+02
6.960362065999999004e+02
7.045902399999998806e+02
7.133847700000000032e+02
7.228346895999999333e+02
7.313877807999998595e+02
7.400702497999999423e+02
7.483382040000000188e+02
7.570014588999998750e+02
7.657292722999999341e+02
7.743488928999998961e+02
7.835883752999999388e+02
7.921374468999998726e+02
8.014219004999998788e+02
8.107656038999999737e+02
8.193753484000000071e+02
8.282438187999999855e+02
8.368171908999999005e+02
8.456180607000000009e+02
8.546340023999999858e+02
8.635494608000000198e+02
8.727466332000000193e+02
8.821848862999999028e+02
8.909095043999999461e+02
9.001206441000000495e+02
9.091809916000000840e+02
9.179206118000000743e+02
9.265508696999999074e+02
9.354625277999999753e+02
9.444873828999999432e+02
9.536095822999999427e+02
