5.910899490118026733e-02
3.722576051950454712e-02
2.871901541948318481e-02
2.246584743261337280e-02
1.800580881536006927e-02
1.455883309245109558e-02
1.214651111513376236e-02
1.041691843420267105e-02
9.223707951605319977e-03
8.241014555096626282e-03
7.668512407690286636e-03
7.221002131700515747e-03
6.819673348218202591e-03
6.530653219670057297e-03
6.407446227967739105e-03
6.151224486529827118e-03
5.937565583735704422e-03
5.811928305774927139e-03
5.733481142669916153e-03
5.586305167526006699e-03
5.506712011992931366e-03
5.395280197262763977e-03
5.308502819389104843e-03
5.249453708529472351e-03
5.094538442790508270e-03
5.029592663049697876e-03
4.979400895535945892e-03
4.901280160993337631e-03
4.776671994477510452e-03
4.764386918395757675e-03
4.744112025946378708e-03
4.637732170522212982e-03
4.666344728320837021e-03
4.537372849881649017e-03
4.525575786828994751e-03
4.439349751919507980e-03
4.382641986012458801e-03
4.358058795332908630e-03
4.269307479262351990e-03
4.251064732670783997e-03
4.216405097395181656e-03
4.179168958216905594e-03
4.099946469068527222e-03
4.102749284356832504e-03
4.055441822856664658e-03
4.050247836858034134e-03
3.969035577028989792e-03
3.973850980401039124e-03
3.940807189792394638e-03
3.884848672896623611e-03
3.851283341646194458e-03
3.800404025241732597e-03
3.833068767562508583e-03
3.843111684545874596e-03
3.735633334144949913e-03
3.720174776390194893e-03
3.705809125676751137e-03
3.723844652995467186e-03
3.645981661975383759e-03
3.631856525316834450e-03
3.614523913711309433e-03
3.641832387074828148e-03
3.525637788698077202e-03
3.565478837117552757e-03
9.989044629037380219e-03
9.240254759788513184e-03
8.804289624094963074e-03
8.503681980073451996e-03
8.229283615946769714e-03
8.009346202015876770e-03
7.793365977704524994e-03
7.623589597642421722e-03
7.472333963960409164e-03
7.323340047150850296e-03
7.232714444398880005e-03
7.118100300431251526e-03
6.981408223509788513e-03
6.862126290798187256e-03
6.766591221094131470e-03
6.704257335513830185e-03
6.629400886595249176e-03
6.602653302252292633e-03
6.472538691014051437e-03
6.402342580258846283e-03
6.378744728863239288e-03
6.264604162424802780e-03
6.254059262573719025e-03
6.182379089295864105e-03
6.157903000712394714e-03
6.087841466069221497e-03
6.080504972487688065e-03
6.003129761666059494e-03
5.989813245832920074e-03
5.924504715949296951e-03
5.910950247198343277e-03
5.875771865248680115e-03
5.843415856361389160e-03
5.781130865216255188e-03
5.739695858210325241e-03
5.720896180719137192e-03
5.682284943759441376e-03
5.651859566569328308e-03
5.663004238158464432e-03
5.625051446259021759e-03
5.600366741418838501e-03
5.611295811831951141e-03
5.578848067671060562e-03
5.585539154708385468e-03
5.555799696594476700e-03
