5.194182930304668844e+01
7.055077491397969425e+01
9.264511314593255520e+01
1.147533257959876209e+02
1.367882847310975194e+02
1.587852461230941117e+02
1.809615436671301723e+02
2.030164156749378890e+02
2.249490844451356679e+02
2.469728332180529833e+02
2.691573311151005328e+02
2.912399051149841398e+02
3.098140714990440756e+02
3.322011295980773866e+02
3.544127455190755427e+02
3.764594623199664056e+02
3.985346279290970415e+02
4.204140732069499791e+02
4.388774419040419161e+02
4.608780992990359664e+02
4.830339423969853669e+02
5.015942475469782948e+02
5.200243512259330601e+02
5.385019400231540203e+02
5.603850868870504200e+02
5.791070677849929780e+02
6.009591883290559053e+02
6.227764451180119067e+02
6.443811281099915504e+02
6.662523554130457342e+02
6.880472339619882405e+02
7.063555654010269791e+02
7.283510637879371643e+02
7.502810253980569541e+02
7.722752785750199109e+02
7.942879995820112526e+02
8.461535179989878088e+02
8.655740560800768435e+02
8.803746215510182083e+02
8.949561361221130937e+02
9.094790612070355564e+02
9.240393222910352051e+02
9.386907329531386495e+02
9.534904519431293011e+02
9.684076703109312803e+02
9.829978618761524558e+02
9.979420276849996299e+02
1.013695095597067848e+03
1.029465102761052549e+03
1.043841794958105311e+03
1.058377644038060680e+03
1.074064888972090557e+03
1.089410321651957929e+03
1.103679093647981063e+03
1.119721947469981387e+03
1.134016171164112166e+03
1.148849663591012359e+03
1.163466754103079438e+03
1.178135694401105866e+03
1.192919922471977770e+03
1.207397541431942955e+03
1.221888345722109079e+03
1.236443913164082915e+03
1.251859287383034825e+03
1.266877223015995696e+03
1.282457677303114906e+03
1.297470758717041463e+03
1.312472209241939709e+03
1.327406304409960285e+03
1.343257516009965912e+03
1.359117350996937603e+03
1.374086174006108195e+03
1.389139824626035988e+03
1.403724381580017507e+03
1.418634159018052742e+03
1.434300831994041800e+03
1.449077049721963704e+03
1.463779044758062810e+03
1.478568252736935392e+03
1.493195168070960790e+03
1.509155951328109950e+03
1.523904215215938166e+03
1.539456245315028355e+03
1.554982894795946777e+03
1.569613704564049840e+03
1.584414197657955810e+03
1.599175260103074834e+03
1.615041946865152568e+03
1.630780058240052313e+03
1.645987724264152348e+03
1.660897846417967230e+03
1.675370064393151551e+03
1.691287282711127773e+03
1.706105781335150823e+03
1.720848524753004313e+03
1.735456254783086479e+03
1.750075890723150223e+03
1.764831186013063416e+03
1.780506352581083775e+03
1.795545414707157761e+03
1.810576552953105420e+03
1.825534954023081809e+03
1.840357741225045174e+03
1.856009060996118933e+03
1.870723455396015197e+03
1.885219767528120428e+03
1.899952327761100605e+03
1.914528062948025763e+03
1.929105865485034883e+03
1.945222232125932351e+03
1.960021000103093684e+03
1.975931167606031522e+03
1.991432131106033921e+03
2.005889431627932936e+03
2.020456942145014182e+03
2.035832761910976842e+03
2.050634393498068675e+03
2.065367870405083522e+03
2.081345157535048202e+03
2.096489197063026950e+03
2.111017991913016886e+03
2.125731911001959816e+03
2.140458561012055725e+03
2.156430824039969593e+03
2.171011465242132545e+03
2.186498936779098585e+03
2.202200152392964810e+03
2.216873259036103263e+03
2.231548966353060678e+03
2.247192886291071773e+03
2.262900592680089176e+03
2.277819284877972677e+03
2.292354628521017730e+03
2.307081982610048726e+03
2.322881147840060294e+03
2.338836295248009264e+03
2.354385399327147752e+03
2.369084064302965999e+03
