1.001572976999996172e+02
1.975789538999997603e+02
2.967063185999995767e+02
3.924445440999988932e+02
4.866831499999989319e+02
5.805898267999982636e+02
6.746775839999991149e+02
7.729571136999984446e+02
8.705124839000000065e+02
9.659921887999989849e+02
1.060726328399998238e+03
1.154781997999998566e+03
1.252743932499999573e+03
1.351385724099998697e+03
1.449809924799999862e+03
1.547991793099999995e+03
1.646710049199999048e+03
1.745293894199998249e+03
1.843086378899999545e+03
1.937913872099999935e+03
2.034252837799998815e+03
2.126966470899998967e+03
2.224039756799998941e+03
2.319071007899998222e+03
2.412159889799999291e+03
2.509711385099999461e+03
2.607744417399999293e+03
2.706107686299999841e+03
2.803981727899999896e+03
2.900444090099999812e+03
3.001286459899998590e+03
3.096620579599999473e+03
3.189852167599998211e+03
3.282693895799999154e+03
3.376327007799998682e+03
3.469859669099998428e+03
3.562738938899999994e+03
3.656472082999998747e+03
3.749795341999999437e+03
3.842757801799998560e+03
3.936216884699999355e+03
4.029104156099998363e+03
4.121538288099998681e+03
4.215967300399999658e+03
4.309106227699998271e+03
4.401846155499999441e+03
4.495524459999998726e+03
4.588997996199999761e+03
4.682054897999998502e+03
4.775875349299998561e+03
4.869517137599999842e+03
4.962666281299998445e+03
5.056259874699999273e+03
5.150679999399999360e+03
5.244697013899998637e+03
5.338371750099999190e+03
5.432984265799997956e+03
5.527551371999998082e+03
5.621448196800000005e+03
5.716353069900000264e+03
5.811033585400000447e+03
5.905570803399998113e+03
6.000750959999997576e+03
6.095672922499998094e+03
6.190242421799997828e+03
6.285931551499998022e+03
6.381434767899998405e+03
6.476805452099997638e+03
6.572949208999998518e+03
6.668662692300000344e+03
6.763998986700000387e+03
6.860362478600000031e+03
6.956061272999999346e+03
7.050903265599998122e+03
7.147056140799999412e+03
7.242958810899999662e+03
7.338363747100000182e+03
7.434627024400000664e+03
7.530590297299997474e+03
7.625811745499999233e+03
7.722207028099997842e+03
7.819055993999998464e+03
7.914936610900000233e+03
8.011518234700000903e+03
8.108146432499997900e+03
8.204001615499997570e+03
8.301121951699999045e+03
8.398001933299998200e+03
8.494200771699997858e+03
8.591247703299999557e+03
8.688125190599999769e+03
8.784639122799999313e+03
8.881770920200000546e+03
8.978863331799999287e+03
9.075271037599999545e+03
9.172582349899999826e+03
9.269787124799997400e+03
9.366522870999997394e+03
9.463995768799999496e+03
9.561158055399999284e+03
9.657475221799999417e+03
9.754621283899999980e+03
9.851854204200000822e+03
9.948576319899999362e+03
1.004622440979999737e+04
1.014376374930000020e+04
1.024038792619999731e+04
1.033788912569999957e+04
1.043572499619999871e+04
1.053316921759999968e+04
1.063160967689999961e+04
1.072993167189999804e+04
1.082782637509999768e+04
1.092653426979999858e+04
1.102506446280000091e+04
1.112334025289999772e+04
1.122237165409999943e+04
1.132132112179999967e+04
1.142069199179999850e+04
1.152003390329999820e+04
1.161899124049999955e+04
1.171900225159999900e+04
1.182012861039999916e+04
1.192089675069999794e+04
1.202159219899999880e+04
1.212297955089999959e+04
1.222449081250000017e+04
1.233436579839999831e+04
1.245297324179999850e+04
1.256927148210000087e+04
1.267574099479999859e+04
1.278559552629999962e+04
1.289670368360000066e+04
1.301142568699999902e+04
1.312027774180000051e+04
1.322660218009999880e+04
1.333385422420000032e+04
1.343728309599999920e+04
1.354021112429999994e+04
1.364266691759999958e+04
