7.634883522987365723e-01
7.966079115867614746e-01
8.212474584579467773e-01
8.356035947799682617e-01
8.448851108551025391e-01
8.543670177459716797e-01
8.650507330894470215e-01
8.665198087692260742e-01
8.756010532379150391e-01
8.792734742164611816e-01
8.803418278694152832e-01
8.856838941574096680e-01
8.931623697280883789e-01
8.907585144042968750e-01
8.964343667030334473e-01
8.967682123184204102e-01
8.949652314186096191e-01
9.020432829856872559e-01
9.015758037567138672e-01
9.007078409194946289e-01
9.041132330894470215e-01
9.079861044883728027e-01
9.083200097084045410e-01
9.077190160751342773e-01
9.099892973899841309e-01
9.099225401878356934e-01
9.123264551162719727e-01
9.110577106475830078e-01
9.098557233810424805e-01
9.077190756797790527e-01
9.123264551162719727e-01
9.155315160751342773e-01
9.165331125259399414e-01
9.146634340286254883e-01
9.155314564704895020e-01
9.151308536529541016e-01
9.182692766189575195e-01
9.192039966583251953e-01
9.172677397727966309e-01
9.202724099159240723e-01
9.216079711914062500e-01
9.207398295402526855e-01
9.177349805831909180e-01
9.226762056350708008e-01
9.190037846565246582e-01
9.232771992683410645e-01
9.237446188926696777e-01
9.247462749481201172e-01
9.236112236976623535e-01
9.254807829856872559e-01
9.216079711914062500e-01
9.242788553237915039e-01
9.226762056350708008e-01
9.244123697280883789e-01
9.238782525062561035e-01
9.258146286010742188e-01
9.244791865348815918e-01
9.266159534454345703e-01
9.233439564704895020e-01
9.248799085617065430e-01
9.269497990608215332e-01
9.254807829856872559e-01
9.278845191001892090e-01
9.291533231735229492e-01
9.288194179534912109e-01
9.286190867424011230e-01
9.284855723381042480e-01
9.249466657638549805e-01
9.288861751556396484e-01
9.278846383094787598e-01
9.290865659713745117e-01
9.323585033416748047e-01
9.298210740089416504e-01
9.312900304794311523e-01
9.297541975975036621e-01
9.312900304794311523e-01
9.324919581413269043e-01
9.344950318336486816e-01
9.312233328819274902e-01
9.282853007316589355e-01
9.298210740089416504e-01
9.290864467620849609e-01
9.293534755706787109e-01
9.330930709838867188e-01
9.315571188926696777e-01
9.300881624221801758e-01
9.324252009391784668e-01
9.316238760948181152e-01
9.300881624221801758e-01
9.338274598121643066e-01
9.353633522987365723e-01
9.320245981216430664e-01
9.325586557388305664e-01
9.337607026100158691e-01
9.337606430053710938e-01
9.336270689964294434e-01
9.364316463470458984e-01
9.342280626296997070e-01
9.330929517745971680e-01
9.324920177459716797e-01
8.994671106338500977e-01
9.014654755592346191e-01
8.964794874191284180e-01
8.992854356765747070e-01
9.014251232147216797e-01
9.026970267295837402e-01
8.999515771865844727e-01
8.998304009437561035e-01
9.011829495429992676e-01
9.015866518020629883e-01
9.024547934532165527e-01
9.022932648658752441e-01
9.012838602066040039e-01
9.021116495132446289e-01
9.053416848182678223e-01
9.041101932525634766e-01
9.043524265289306641e-01
9.046752452850341797e-01
9.042311310768127441e-01
9.044331312179565430e-01
9.033028483390808105e-01
9.025758504867553711e-01
9.023742079734802246e-01
9.046753048896789551e-01
9.057453870773315430e-01
9.059471487998962402e-01
9.047966003417968750e-01
9.057857394218444824e-01
9.064519405364990234e-01
9.060277938842773438e-01
9.057250022888183594e-01
9.076227545738220215e-01
9.071989059448242188e-01
9.051800966262817383e-01
9.042917490005493164e-01
9.054828882217407227e-01
9.060683250427246094e-01
9.071382880210876465e-01
9.062703251838684082e-01
9.043121337890625000e-01
9.058260321617126465e-01
9.046348929405212402e-01
9.059270620346069336e-01
9.075420498847961426e-01
9.054222106933593750e-01
9.087329506874084473e-01
9.054627418518066406e-01
9.057855606079101562e-01
9.038678407669067383e-01
9.064520001411437988e-01
9.057250618934631348e-01
9.048975706100463867e-01
9.055230617523193359e-01
9.072391390800476074e-01
9.071382284164428711e-01
9.054625630378723145e-01
9.063106179237365723e-01
9.056242108345031738e-01
9.068758487701416016e-01
9.066537618637084961e-01
9.052607417106628418e-01
9.053012728691101074e-01
9.031613469123840332e-01
9.066942930221557617e-01
9.064722061157226562e-01
9.078447222709655762e-01
9.062298536300659180e-01
9.051398634910583496e-01
9.057452082633972168e-01
9.068353176116943359e-01
9.058462381362915039e-01
9.072999358177185059e-01
9.045946598052978516e-01
