7.616274900000007619e+00
1.396767199999999320e+01
2.051813530000003993e+01
2.676959519999991244e+01
3.328064939999990202e+01
3.959911400000009962e+01
4.626214750000008280e+01
5.244092980000004900e+01
5.894704700000011144e+01
6.561710300000004281e+01
7.205672899999990477e+01
7.857628270000009252e+01
8.512534389999996165e+01
9.143752339999991818e+01
9.801854619999994611e+01
1.044561300000000301e+02
1.112590669000001071e+02
1.176839860000000044e+02
1.241760351000000355e+02
1.304639296000000286e+02
1.371746399999999539e+02
1.434824441000000661e+02
1.498644426999999268e+02
1.564827144999999291e+02
1.628101217999999335e+02
1.689411929000000328e+02
1.755816684999999779e+02
1.819241139000000658e+02
1.883209142999999131e+02
1.949227261999999428e+02
2.012733528999999635e+02
2.076748686000000816e+02
2.143163913999999295e+02
2.206963229999998930e+02
2.270915359000000535e+02
2.334322331000000759e+02
2.400068937999999434e+02
2.464116845999999441e+02
2.527367744000000584e+02
2.592315269000000626e+02
2.656118375000000924e+02
2.719863032999999177e+02
2.786351153000000522e+02
2.850859577000001082e+02
2.915128663000000415e+02
2.978310096000000158e+02
3.043738800999999512e+02
3.109360424999999850e+02
3.173707432000001063e+02
3.237232464000001073e+02
3.302324659000000793e+02
3.367879003999998986e+02
3.431846843999999237e+02
3.497998383999999987e+02
3.560267190999998093e+02
3.626477365000000646e+02
3.698176306999998815e+02
3.764084865999998328e+02
3.828696003999998538e+02
3.894422201000002133e+02
3.959482331999997768e+02
4.022787398000000394e+02
4.089050590000001648e+02
4.155008443000001535e+02
4.220577363000002151e+02
4.287498838000001342e+02
4.352740804000000026e+02
4.417692357000000811e+02
4.483696089000000029e+02
4.549103076999999757e+02
4.614224337999999079e+02
4.679502232999998341e+02
4.745828968000000714e+02
4.811041921000000912e+02
4.877635467999998582e+02
4.943893349999998463e+02
5.007537280999999894e+02
5.073529708999999457e+02
5.141172167999998237e+02
5.205762467999998080e+02
5.271207822000001215e+02
5.336592906999999286e+02
5.401327498999999079e+02
5.468706262000000606e+02
5.534681475000002138e+02
5.599441206000001330e+02
5.665404988999998750e+02
5.733210395999999491e+02
5.798968491999999060e+02
5.865658070999998017e+02
5.933062675000001036e+02
5.997516019999998207e+02
6.065542922999998154e+02
6.131500471999997899e+02
6.197605239999998048e+02
6.265549747000000025e+02
6.336841408999998748e+02
6.402828746999998657e+02
6.471252512999999453e+02
6.537359817999999905e+02
6.666661218999997800e+02
6.804396267000001899e+02
6.936044112999998106e+02
7.075577575000002071e+02
7.213795727000001534e+02
7.351050765999998475e+02
7.487382458000001861e+02
7.623791047999998227e+02
7.760907689999999093e+02
7.894035549999998693e+02
8.032573452000001453e+02
8.171084236000001511e+02
8.308817646000002242e+02
8.446911396000000423e+02
8.583557114000000183e+02
8.720975394000001870e+02
8.859211807000001500e+02
8.997215451000001849e+02
9.133509167000001980e+02
9.269305373000001964e+02
9.415561981000000742e+02
9.552817310999998881e+02
9.689622803000002023e+02
9.828702148000002126e+02
9.967506540999997924e+02
1.010838664500000050e+03
1.024547408599999926e+03
1.038573975400000108e+03
1.052649619899999834e+03
1.066564543299999968e+03
1.080401856899999984e+03
1.094344142999999804e+03
1.108541758800000025e+03
1.122171436399999948e+03
1.136210939699999926e+03
1.150302914599999895e+03
1.164482296900000165e+03
1.178530181000000084e+03
1.192721077199999854e+03
1.206772245900000144e+03
1.220760355800000070e+03
1.234996609299999818e+03
1.249064783499999976e+03
1.263818653499999982e+03
1.278006237600000077e+03
1.291451852000000144e+03
1.305981072399999903e+03
1.319801881400000184e+03
1.333859432000000197e+03
1.348056752899999992e+03
1.362202660399999786e+03
1.376141689000000042e+03
1.390384415300000001e+03
1.404666396000000077e+03
1.418871081700000104e+03
1.433075195500000063e+03
1.446950286599999799e+03
1.460975530600000184e+03
1.475668875700000171e+03
1.489821449900000061e+03
1.503846823500000028e+03
1.518181800199999998e+03
1.532413364200000160e+03
1.546603468700000121e+03
1.560878301100000044e+03
1.574957705899999837e+03
1.589779614500000207e+03
1.603970993400000225e+03
1.618601757800000087e+03
1.632687621900000067e+03
1.646961576600000171e+03
1.661332551699999840e+03
1.675534550500000023e+03
