6.753472089767456055e-01
8.914930820465087891e-01
8.836805820465087891e-01
8.819444179534912109e-01
8.845486044883728027e-01
8.845486044883728027e-01
8.888888955116271973e-01
8.723958134651184082e-01
8.680555820465087891e-01
8.663194179534912109e-01
8.663194179534912109e-01
8.723958134651184082e-01
8.671875000000000000e-01
8.663194179534912109e-01
8.585069179534912109e-01
8.741319179534912109e-01
8.689236044883728027e-01
8.680555820465087891e-01
8.854166865348815918e-01
8.723958134651184082e-01
8.906250000000000000e-01
8.585069179534912109e-01
8.776041865348815918e-01
8.784722089767456055e-01
8.559027910232543945e-01
8.569444417953491211e-01
8.336805105209350586e-01
8.604167103767395020e-01
8.687499761581420898e-01
8.668402433395385742e-01
8.663194775581359863e-01
8.690972328186035156e-01
8.680555224418640137e-01
8.510416746139526367e-01
8.420139551162719727e-01
8.401042222976684570e-01
8.406249880790710449e-01
8.404514193534851074e-01
8.520833849906921387e-01
