1.136345863342285156e-01
1.142807826399803162e-01
1.132304072380065918e-01
1.133295744657516479e-01
1.135346442461013794e-01
1.127899810671806335e-01
1.132909283041954041e-01
1.120292395353317261e-01
1.108862906694412231e-01
1.095616146922111511e-01
1.074566841125488281e-01
1.039337813854217529e-01
9.495296329259872437e-02
7.977062463760375977e-02
5.724128335714340210e-02
4.809262603521347046e-02
5.471393465995788574e-02
5.701477080583572388e-02
5.799845233559608459e-02
5.747156962752342224e-02
5.766278505325317383e-02
5.771715939044952393e-02
5.785596370697021484e-02
5.801466852426528931e-02
6.236491352319717407e-02
6.045290082693099976e-02
5.745811015367507935e-02
4.723959416151046753e-02
4.668108373880386353e-02
4.557936266064643860e-02
4.407116025686264038e-02
4.412541538476943970e-02
4.395635053515434265e-02
4.429175704717636108e-02
4.391587898135185242e-02
4.417110979557037354e-02
4.365370422601699829e-02
4.390479624271392822e-02
4.439332336187362671e-02
