8.104843300000084128e+00
1.570656159999998636e+01
2.303955829999995331e+01
3.053934990000016114e+01
3.784848820000024716e+01
4.508271259999992253e+01
5.263912140000002182e+01
6.004854690000001938e+01
6.718059799999991810e+01
7.465384149999999863e+01
8.238155689999985043e+01
8.961717350000026272e+01
9.707695839999996679e+01
1.043257185000002210e+02
1.117667569999998705e+02
1.192122002000000975e+02
1.264586131000000933e+02
1.336399897000001147e+02
1.408301387999999861e+02
1.483179447000002256e+02
1.556211634999999660e+02
1.632162269999998898e+02
1.704642453999999816e+02
1.774798767000002044e+02
1.848836641000002601e+02
1.921619337000001906e+02
1.994357042000001456e+02
2.069500346999998328e+02
2.140300151000001279e+02
2.217877029999999650e+02
2.293062263000001622e+02
2.366331316000000697e+02
2.438422261999999137e+02
2.515501193000000058e+02
2.588620653000002676e+02
2.660459918999999900e+02
2.736200414999998429e+02
2.808577048000001923e+02
2.882391250999999102e+02
2.955869342999999390e+02
3.030059658000000127e+02
3.102455427999998392e+02
3.176986465999998472e+02
3.248396570999998403e+02
3.321724675000000389e+02
3.401585651999998845e+02
3.477979598000001715e+02
3.698786998000000494e+02
3.920105450999999448e+02
4.161850368000000344e+02
4.496537680999999793e+02
4.714040930999999546e+02
5.173591284000003725e+02
5.506203888000000006e+02
5.719950514000001931e+02
5.937377606000000014e+02
6.152874715999996624e+02
6.372835937999998350e+02
6.589922032000004037e+02
6.804354277000002185e+02
7.025553450999996130e+02
7.240998939999999493e+02
7.461115299000002778e+02
7.678007975999998962e+02
7.893261063999998441e+02
8.116031173000001218e+02
8.332924441000004663e+02
8.549322118000000046e+02
8.764425976000002265e+02
8.982700885000003836e+02
9.197948217000002842e+02
9.418393118000003597e+02
