2.594059407711029053e-01
2.305963933467864990e-01
2.151268124580383301e-01
2.028086781501770020e-01
1.962476670742034912e-01
1.890171021223068237e-01
1.794304698705673218e-01
1.735297143459320068e-01
1.676803529262542725e-01
1.591256856918334961e-01
1.561398357152938843e-01
1.490766555070877075e-01
1.441356986761093140e-01
1.368762105703353882e-01
1.308220922946929932e-01
1.265984773635864258e-01
1.206553503870964050e-01
1.153515055775642395e-01
1.089984625577926636e-01
1.056681498885154724e-01
1.031083017587661743e-01
9.799264371395111084e-02
9.102976322174072266e-02
8.624277263879776001e-02
8.329197764396667480e-02
7.792425155639648438e-02
7.474666088819503784e-02
7.005354017019271851e-02
6.669250130653381348e-02
6.273301690816879272e-02
6.050786748528480530e-02
5.648770928382873535e-02
5.343732610344886780e-02
5.210006609559059143e-02
4.884148761630058289e-02
4.756339639425277710e-02
4.483699426054954529e-02
4.302061721682548523e-02
4.084771871566772461e-02
4.038009792566299438e-02
3.838700801134109497e-02
3.682247549295425415e-02
3.504317998886108398e-02
3.420658037066459656e-02
3.160073980689048767e-02
3.200191631913185120e-02
2.963190339505672455e-02
3.048919513821601868e-02
2.986267395317554474e-02
2.821176126599311829e-02
2.706796675920486450e-02
2.645645104348659515e-02
2.619628794491291046e-02
2.528764680027961731e-02
2.595180273056030273e-02
2.443629316985607147e-02
2.402055263519287109e-02
2.316244319081306458e-02
2.192805893719196320e-02
2.137132734060287476e-02
2.152466960251331329e-02
2.171744219958782196e-02
2.056762762367725372e-02
2.112198248505592346e-02
1.985196769237518311e-02
1.936930976808071136e-02
1.854081451892852783e-02
1.884277909994125366e-02
1.846864260733127594e-02
1.727388240396976471e-02
1.765999570488929749e-02
1.622998714447021484e-02
1.778909564018249512e-02
1.743489503860473633e-02
1.681749336421489716e-02
1.702849939465522766e-02
1.675397902727127075e-02
1.735551655292510986e-02
1.644916087388992310e-02
1.550098601728677750e-02
1.573454402387142181e-02
1.645965315401554108e-02
1.589686237275600433e-02
1.518714893609285355e-02
1.461064349859952927e-02
1.486805826425552368e-02
1.525111775845289230e-02
1.513185352087020874e-02
1.523116417229175568e-02
1.454217825084924698e-02
1.451056543737649918e-02
1.426009181886911392e-02
1.447791326791048050e-02
1.352768018841743469e-02
1.419606339186429977e-02
1.310666091740131378e-02
1.326057873666286469e-02
1.434816606342792511e-02
1.253134477883577347e-02
1.285098679363727570e-02
