7.404192686080932617e-01
7.703831791877746582e-01
7.898341417312622070e-01
7.980002760887145996e-01
8.139145374298095703e-01
8.235597014427185059e-01
8.312436342239379883e-01
8.387024402618408203e-01
8.494083881378173828e-01
8.529770970344543457e-01
8.601787090301513672e-01
8.703381419181823730e-01
8.727495670318603516e-01
8.785043358802795410e-01
8.824589252471923828e-01
8.862525820732116699e-01
8.896282911300659180e-01
8.932613134384155273e-01
8.961869478225708008e-01
8.984373807907104492e-01
9.017167091369628906e-01
9.031634926795959473e-01
9.085325598716735840e-01
9.075038433074951172e-01
9.115224480628967285e-01
9.112653136253356934e-01
9.130658507347106934e-01
9.132266640663146973e-01
9.148662686347961426e-01
9.191422462463378906e-01
9.204925894737243652e-01
9.184349179267883301e-01
9.193671941757202148e-01
9.239647388458251953e-01
9.217785000801086426e-01
9.222930073738098145e-01
9.255400896072387695e-01
9.251222014427185059e-01
9.262795448303222656e-01
9.252508878707885742e-01
9.280799627304077148e-01
9.292695522308349609e-01
9.278228282928466797e-01
9.300090074539184570e-01
9.299446940422058105e-01
9.294304251670837402e-01
9.302019476890563965e-01
9.299125671386718750e-01
9.307484626770019531e-01
9.311020374298095703e-01
9.324201941490173340e-01
9.317772388458251953e-01
9.320667386054992676e-01
9.313914179801940918e-01
9.307484626770019531e-01
9.330310821533203125e-01
9.340922832489013672e-01
9.356673955917358398e-01
9.322916865348815918e-01
9.317772984504699707e-01
9.337382912635803223e-01
9.355388283729553223e-01
9.368889927864074707e-01
9.345743656158447266e-01
9.356032013893127441e-01
9.350887537002563477e-01
9.352495670318603516e-01
9.357960820198059082e-01
9.362139105796813965e-01
9.367606639862060547e-01
9.358924031257629395e-01
9.370178580284118652e-01
9.382714033126831055e-01
9.364712238311767578e-01
9.377249479293823242e-01
9.373071193695068359e-01
9.384000301361083984e-01
9.352172613143920898e-01
9.394611120223999023e-01
9.390431642532348633e-01
9.375965595245361328e-01
9.386895298957824707e-01
9.384002685546875000e-01
9.396862983703613281e-01
9.379822015762329102e-01
9.388502836227416992e-01
9.394611120223999023e-01
9.388180375099182129e-01
9.372106194496154785e-01
9.372749924659729004e-01
9.389145374298095703e-01
9.381752610206604004e-01
9.365677237510681152e-01
9.394611120223999023e-01
9.377893805503845215e-01
9.393004775047302246e-01
9.386895298957824707e-01
9.375643730163574219e-01
9.371142387390136719e-01
9.392359852790832520e-01
9.041147232055664062e-01
9.056214094161987305e-01
9.053221940994262695e-01
9.050127863883972168e-01
9.066089987754821777e-01
9.046238660812377930e-01
9.063797593116760254e-01
9.048529267311096191e-01
9.049326777458190918e-01
9.053521156311035156e-01
9.051623940467834473e-01
9.052922129631042480e-01
9.050526022911071777e-01
9.060006737709045410e-01
9.059305191040039062e-01
9.049031734466552734e-01
9.051826596260070801e-01
9.041347503662109375e-01
9.046535491943359375e-01
9.049330353736877441e-01
9.049630165100097656e-01
9.058609008789062500e-01
9.039453268051147461e-01
9.053821563720703125e-01
9.053322076797485352e-01
9.047731161117553711e-01
9.052423238754272461e-01
9.049327373504638672e-01
9.047933220863342285e-01
9.056413173675537109e-01
9.052819609642028809e-01
9.057011008262634277e-01
9.052322506904602051e-01
9.062399268150329590e-01
9.052821397781372070e-01
9.065492153167724609e-01
9.049929976463317871e-01
9.049131274223327637e-01
9.051921367645263672e-01
9.045338034629821777e-01
9.043541550636291504e-01
9.061303138732910156e-01
9.067887067794799805e-01
9.057211875915527344e-01
9.046232700347900391e-01
9.046335220336914062e-01
9.048631191253662109e-01
9.069983959197998047e-01
9.055616855621337891e-01
9.050324559211730957e-01
9.057810306549072266e-01
9.049728512763977051e-01
9.053519964218139648e-01
9.045833945274353027e-01
9.033762812614440918e-01
