1.298056244850158691e-01
1.153668984770774841e-01
1.062490493059158325e-01
9.941907972097396851e-02
9.303163737058639526e-02
8.797686547040939331e-02
8.297313004732131958e-02
7.906714826822280884e-02
7.452797889709472656e-02
7.145046442747116089e-02
6.761633604764938354e-02
6.398560106754302979e-02
6.208549067378044128e-02
5.965136736631393433e-02
5.741042643785476685e-02
5.562186613678932190e-02
5.429032817482948303e-02
5.278634279966354370e-02
5.095325410366058350e-02
4.957856610417366028e-02
4.864929616451263428e-02
4.780435934662818909e-02
4.546459391713142395e-02
4.466497525572776794e-02
4.378369823098182678e-02
4.299079999327659607e-02
4.172332957386970520e-02
4.115603864192962646e-02
4.067386686801910400e-02
3.903062269091606140e-02
3.868689015507698059e-02
3.782574832439422607e-02
3.698119521141052246e-02
3.537086769938468933e-02
3.510440140962600708e-02
3.478097543120384216e-02
3.399895131587982178e-02
3.295782580971717834e-02
3.224336355924606323e-02
3.216629102826118469e-02
3.142137080430984497e-02
3.089919872581958771e-02
3.073085099458694458e-02
2.929888851940631866e-02
2.886921167373657227e-02
2.857541106641292572e-02
2.796725369989871979e-02
2.752709761261940002e-02
2.707469835877418518e-02
2.653048932552337646e-02
2.631056495010852814e-02
2.637385204434394836e-02
2.543709613382816315e-02
2.544024772942066193e-02
2.486840635538101196e-02
2.402416802942752838e-02
2.407943457365036011e-02
2.266286313533782959e-02
2.297986857593059540e-02
2.240201085805892944e-02
2.165557630360126495e-02
2.148157171905040741e-02
2.109715528786182404e-02
2.081438712775707245e-02
2.021511830389499664e-02
2.010273747146129608e-02
2.006732113659381866e-02
1.946128532290458679e-02
1.902857236564159393e-02
1.873923651874065399e-02
1.856571808457374573e-02
1.817603781819343567e-02
1.790615729987621307e-02
1.768375933170318604e-02
1.743838377296924591e-02
1.749757863581180573e-02
1.697786897420883179e-02
1.674205809831619263e-02
1.608966290950775146e-02
1.615290716290473938e-02
1.602134667336940765e-02
1.554424408823251724e-02
1.563473418354988098e-02
1.495358534157276154e-02
1.511855050921440125e-02
1.454275380820035934e-02
1.467223092913627625e-02
1.467933878302574158e-02
1.462519634515047073e-02
1.418513711541891098e-02
1.409685146063566208e-02
1.394409593194723129e-02
1.375949848443269730e-02
1.327893882989883423e-02
1.348011381924152374e-02
1.267549209296703339e-02
1.259318646043539047e-02
1.261778641492128372e-02
1.275360211730003357e-02
1.236145384609699249e-02
2.027888223528862000e-02
1.984501071274280548e-02
1.942359842360019684e-02
1.915336959064006805e-02
1.867038197815418243e-02
1.866833120584487915e-02
1.812969148159027100e-02
1.796268671751022339e-02
1.768674328923225403e-02
1.736907102167606354e-02
1.736976392567157745e-02
1.710877008736133575e-02
1.693895272910594940e-02
1.671401783823966980e-02
1.658367924392223358e-02
1.669883914291858673e-02
1.632824540138244629e-02
1.630763337016105652e-02
1.592965051531791687e-02
1.597519405186176300e-02
1.589422859251499176e-02
1.563708111643791199e-02
1.572392508387565613e-02
1.541691925376653671e-02
1.531212590634822845e-02
1.547001302242279053e-02
1.504276785999536514e-02
1.508458051830530167e-02
1.497262902557849884e-02
1.497749239206314087e-02
1.487650163471698761e-02
1.486288011074066162e-02
1.459037698805332184e-02
1.465878915041685104e-02
1.451632380485534668e-02
1.426634471863508224e-02
1.439727749675512314e-02
1.410297956317663193e-02
1.422291528433561325e-02
1.418137550354003906e-02
1.400635857135057449e-02
1.376273669302463531e-02
1.348105818033218384e-02
1.365486066788434982e-02
1.362745277583599091e-02
1.374600548297166824e-02
1.362547371536493301e-02
1.345127169042825699e-02
1.324140653014183044e-02
1.323155872523784637e-02
1.328712049871683121e-02
1.329333987087011337e-02
1.326147187501192093e-02
1.320066954940557480e-02
1.341895665973424911e-02
