8.930122256278991699e-01
8.970052599906921387e-01
9.141926765441894531e-01
8.950087428092956543e-01
9.036024212837219238e-01
9.129773974418640137e-01
9.181857109069824219e-01
9.141058921813964844e-01
9.203559756278991699e-01
9.195745587348937988e-01
9.190104603767395020e-01
9.194009900093078613e-01
9.251735806465148926e-01
9.275174140930175781e-01
9.273870587348937988e-01
9.342881441116333008e-01
9.365886449813842773e-01
9.430121183395385742e-01
9.398436546325683594e-01
9.401909112930297852e-01
9.421006441116333008e-01
9.410592317581176758e-01
9.416666030883789062e-01
9.409723281860351562e-01
9.424913525581359863e-01
9.411891102790832520e-01
9.414931535720825195e-01
9.405382275581359863e-01
9.434896707534790039e-01
9.409288167953491211e-01
9.090995192527770996e-01
9.201768040657043457e-01
9.222994446754455566e-01
9.238374829292297363e-01
9.247717857360839844e-01
9.250449538230895996e-01
9.246870279312133789e-01
9.237808585166931152e-01
9.255549311637878418e-01
9.258283376693725586e-01
9.248661398887634277e-01
9.243942499160766602e-01
9.246869087219238281e-01
9.242716431617736816e-01
9.251585602760314941e-01
9.247432351112365723e-01
9.265552163124084473e-01
9.262531399726867676e-01
