6.910864799999999697e+00
1.010673789999999883e+01
1.326551530000000056e+01
1.640127120000000005e+01
1.960631820000000047e+01
2.274491829999999837e+01
2.592495689999999797e+01
2.921570099999999925e+01
3.231272669999999891e+01
3.550764290000000045e+01
3.871224749999999659e+01
4.183827749999999668e+01
4.503848570000000251e+01
4.813585669999999794e+01
5.134039789999999925e+01
5.450548009999999977e+01
5.768563040000000086e+01
6.083670599999999951e+01
6.402441609999999628e+01
6.718597180000000435e+01
7.033305310000000077e+01
7.342144129999999791e+01
7.668514290000000244e+01
7.982071290000000374e+01
8.305444230000000516e+01
8.622610969999999497e+01
8.938475689999999929e+01
9.256004860000000178e+01
9.572452619999999968e+01
9.881383769999999345e+01
1.086179113000000029e+02
1.183938117000000005e+02
1.281287297000000081e+02
1.379100125999999875e+02
1.476705982000000006e+02
1.573703092000000083e+02
1.671881354999999871e+02
1.770353465999999969e+02
1.867695951000000036e+02
1.966752868000000092e+02
2.064698464999999885e+02
2.162234966000000043e+02
2.259934121000000005e+02
2.357274015000000134e+02
2.454981105999999897e+02
2.552949845000000266e+02
2.651137803000000304e+02
2.748615939000000026e+02
