1.529521260000001348e+01
2.818487749999985681e+01
4.141758870000012394e+01
5.482202669999969658e+01
6.789338700000007520e+01
8.086339380000026722e+01
9.441093170000021928e+01
1.075016464000000269e+02
1.201909453999996913e+02
1.335330914999995002e+02
1.468602988999991794e+02
1.596234607000005781e+02
1.726414650999995501e+02
1.855025363000004290e+02
1.981205566999997245e+02
2.112565439999998489e+02
2.242372753999989072e+02
2.374922174000002997e+02
2.508097144000003027e+02
2.638298106000002008e+02
2.766493623999995179e+02
2.899367698000005475e+02
3.029334806000006211e+02
3.158763046000003669e+02
3.296187250999992102e+02
3.426576318000006722e+02
3.555807631999996374e+02
3.687274041999990004e+02
3.818529297000004590e+02
3.946685230999992200e+02
4.079360281999997824e+02
4.208565350999997463e+02
4.338469805999993696e+02
4.471617951999996876e+02
4.599092440000003990e+02
4.724011348000003636e+02
4.855629965999996784e+02
4.982430796999997256e+02
5.108356194999996660e+02
5.236924032999995688e+02
5.369264989999992395e+02
5.493810508000005939e+02
5.622952401000002283e+02
5.749957617999989452e+02
5.872000785999989603e+02
6.001258574999992561e+02
6.127396468000006280e+02
6.249805044999993697e+02
6.380444570999989082e+02
6.505676973999998154e+02
6.627863299000000552e+02
6.755056703999998717e+02
6.878746049000001221e+02
7.000494457000004331e+02
7.127934120999998413e+02
7.249894223999999667e+02
7.372815112999996927e+02
7.498467722000004869e+02
7.619403705999993690e+02
7.736213489999990998e+02
7.861598039999989851e+02
7.979980061999995087e+02
8.098868714999989606e+02
8.222222588000004180e+02
8.345625161999996635e+02
8.463012412999996741e+02
8.585893009999999776e+02
8.703922860999991826e+02
8.820360368999990897e+02
8.942704431999991357e+02
9.060540498999998817e+02
9.176799774999999499e+02
9.297922261000003346e+02
9.421370098999996117e+02
9.535608769999998913e+02
9.657323913999989600e+02
9.774853595000004134e+02
9.887976770999994187e+02
1.000882957599998917e+03
1.012266848900000696e+03
1.023615437599999495e+03
1.035890566800000670e+03
1.047354631000000154e+03
1.058600428199999442e+03
1.070330184899999949e+03
1.081615313899999819e+03
1.092809409199999209e+03
1.104648017600000458e+03
1.116101972299999034e+03
1.127375190000000657e+03
1.139535232300000644e+03
1.150859901100000570e+03
1.161813183799999024e+03
1.173498405199999979e+03
1.185334553599999708e+03
1.197234024800000043e+03
1.209501871200000096e+03
1.221488913799999864e+03
1.233203997799999343e+03
1.245650380200000654e+03
1.276898977299999387e+03
1.307243496699999014e+03
1.338081113000000187e+03
1.367873637400000007e+03
1.397295114000000467e+03
1.428081068399998912e+03
1.457914300000000367e+03
1.487178751800000100e+03
1.517608750600000349e+03
1.547751468299999033e+03
1.576656768200000442e+03
1.607433631500000047e+03
1.637040262799999255e+03
1.665846872000000076e+03
1.696163902300000700e+03
1.725542140300000028e+03
1.754605365800000072e+03
1.784990889099999549e+03
1.814728326599999491e+03
1.843762950199999977e+03
1.874248945299999832e+03
1.903983194500000536e+03
1.933249822699999640e+03
1.963829667699999845e+03
1.993552042699999220e+03
2.022683431499999642e+03
2.053328048999999737e+03
2.083008397699999477e+03
2.112109349799999109e+03
2.142130529599999136e+03
2.172128610300000219e+03
2.201414570700000695e+03
2.231480109300000549e+03
2.261651196599999821e+03
2.290841112399999474e+03
2.321054010199999539e+03
2.351098994899999525e+03
2.380010001099999499e+03
2.410191715299999487e+03
2.440361526299999241e+03
2.469572835999999370e+03
2.499795128399999157e+03
2.529893389900000329e+03
2.559130180500000279e+03
2.589232701400000224e+03
2.618944722300000649e+03
2.648614480300000650e+03
2.678944450200000574e+03
2.708773727499999950e+03
2.738543254799998977e+03
2.768583044299999528e+03
2.798321822399999292e+03
2.828101396300000488e+03
2.858327084299999115e+03
2.888081113399999595e+03
2.917719604500000059e+03
2.948044393599999239e+03
2.977736695499999769e+03
3.006828773499999443e+03
3.037549847000000227e+03
3.067198850000000675e+03
3.096643338500000027e+03
3.127298954300000332e+03
3.157111631399999169e+03
3.186335687999999209e+03
3.217025989600000685e+03
3.246884381899999426e+03
3.276302831599999990e+03
3.306451347099999111e+03
3.336542599000000337e+03
3.365831508299999768e+03
3.396294593999999051e+03
3.426708389699999316e+03
3.456165845199999239e+03
3.486418399500000305e+03
3.516123031900000569e+03
3.545980936599999040e+03
3.576229986799999097e+03
3.606046634099999210e+03
3.635835915600000590e+03
3.666381681799999569e+03
3.696025634800000262e+03
3.725478192299999137e+03
3.756203947500000140e+03
3.786192003500000283e+03
3.815789599600000656e+03
3.846683087100000193e+03
3.876780031500000405e+03
3.906210517999999865e+03
3.936495960899999773e+03
3.966563798099999985e+03
3.995759917199999109e+03
4.025874642700000550e+03
4.055816879899999549e+03
4.085072064199999659e+03
4.115100029999999606e+03
4.144808472000000620e+03
4.174384088900000279e+03
4.204452210800000103e+03
4.234022460799998953e+03
