1.205689087510108948e-01
9.996922314167022705e-02
8.877824991941452026e-02
7.903364300727844238e-02
7.120068371295928955e-02
6.482071429491043091e-02
5.948625877499580383e-02
5.419298633933067322e-02
5.130724981427192688e-02
4.866917803883552551e-02
4.574047401547431946e-02
4.352718591690063477e-02
4.145098477602005005e-02
3.981227800250053406e-02
3.861784562468528748e-02
3.712828084826469421e-02
3.527134284377098083e-02
3.417382761836051941e-02
3.275416046380996704e-02
3.136098757386207581e-02
3.083014115691184998e-02
2.893846854567527771e-02
2.826780639588832855e-02
2.707917988300323486e-02
2.665626630187034607e-02
2.563882246613502502e-02
2.432582899928092957e-02
2.349203638732433319e-02
2.216831967234611511e-02
2.094715647399425507e-02
2.019613049924373627e-02
1.906522549688816071e-02
1.821665093302726746e-02
1.744505949318408966e-02
1.730617322027683258e-02
1.657884381711483002e-02
1.580883003771305084e-02
1.545805204659700394e-02
1.477041654288768768e-02
1.433126721531152725e-02
1.386716589331626892e-02
1.304303202778100967e-02
1.261548232287168503e-02
1.265440322458744049e-02
1.228589564561843872e-02
1.135757938027381897e-02
1.142532564699649811e-02
1.096974965184926987e-02
1.066443417221307755e-02
1.031012646853923798e-02
1.001714356243610382e-02
9.839694015681743622e-03
9.597008116543292999e-03
9.191894903779029846e-03
9.254375472664833069e-03
8.835938759148120880e-03
8.882759138941764832e-03
8.523620665073394775e-03
8.378353901207447052e-03
8.040575310587882996e-03
8.078993298113346100e-03
7.897093892097473145e-03
7.616542745381593704e-03
7.717579137533903122e-03
7.398105692118406296e-03
7.374127861112356186e-03
7.395771797746419907e-03
6.861828267574310303e-03
6.995326839387416840e-03
6.820325274020433426e-03
6.691473070532083511e-03
6.615676451474428177e-03
6.414883304387331009e-03
6.408069748431444168e-03
6.554317660629749298e-03
6.038880906999111176e-03
6.115018855780363083e-03
6.008836906403303146e-03
6.078953854739665985e-03
6.043341010808944702e-03
5.810482893139123917e-03
5.790777970105409622e-03
5.806597881019115448e-03
5.734453443437814713e-03
5.716872867196798325e-03
5.575756542384624481e-03
5.494601093232631683e-03
5.549645051360130310e-03
5.405757576227188110e-03
5.445050075650215149e-03
5.446671042591333389e-03
5.245294421911239624e-03
5.279175471514463425e-03
5.078342743217945099e-03
5.175501573830842972e-03
5.074784625321626663e-03
5.171927623450756073e-03
5.022252909839153290e-03
4.975279793143272400e-03
4.816310480237007141e-03
1.165984198451042175e-02
1.143808662891387939e-02
1.118951290845870972e-02
1.098646316677331924e-02
1.073383726179599762e-02
1.057341601699590683e-02
1.045162510126829147e-02
1.032405067235231400e-02
1.009235996752977371e-02
1.008629985153675079e-02
1.006266567856073380e-02
9.883801452815532684e-03
9.891107678413391113e-03
9.679451584815979004e-03
9.643238969147205353e-03
9.565836749970912933e-03
9.491665288805961609e-03
9.255395270884037018e-03
9.213136509060859680e-03
9.176561608910560608e-03
9.085803292691707611e-03
9.029873646795749664e-03
8.897626772522926331e-03
8.910327218472957611e-03
8.820405229926109314e-03
8.782425895333290100e-03
8.827333338558673859e-03
8.537681773304939270e-03
8.450177498161792755e-03
8.331416174769401550e-03
8.488384075462818146e-03
8.402306586503982544e-03
8.350997231900691986e-03
8.201750926673412323e-03
8.191455155611038208e-03
8.126741275191307068e-03
8.016549050807952881e-03
7.915626280009746552e-03
7.867841981351375580e-03
7.865387015044689178e-03
7.770503405481576920e-03
7.774663623422384262e-03
7.727584335952997208e-03
7.733574137091636658e-03
7.571910973638296127e-03
7.466041017323732376e-03
7.564562372863292694e-03
7.518063765019178391e-03
7.524291984736919403e-03
7.453239522874355316e-03
7.368604652583599091e-03
7.341493852436542511e-03
7.273268885910511017e-03
7.247411180287599564e-03
7.344723213464021683e-03
7.240444421768188477e-03
7.115259766578674316e-03
7.117286324501037598e-03
7.075401488691568375e-03
7.018854375928640366e-03
7.006314117461442947e-03
6.894001737236976624e-03
6.964009720832109451e-03
6.879937369376420975e-03
6.856561172753572464e-03
6.808068603277206421e-03
6.739726755768060684e-03
6.785436999052762985e-03
6.664322223514318466e-03
6.610300391912460327e-03
6.625958252698183060e-03
6.581890862435102463e-03
6.588174495846033096e-03
6.560459267348051071e-03
6.621578242629766464e-03
