7.149936556816101074e-01
7.398358583450317383e-01
7.576072812080383301e-01
7.706598043441772461e-01
7.839174270629882812e-01
7.968749403953552246e-01
8.069602251052856445e-01
8.184342384338378906e-01
8.255840539932250977e-01
8.336964845657348633e-01
8.436712622642517090e-01
8.499053120613098145e-01
8.569285273551940918e-01
8.649464845657348633e-01
8.749051690101623535e-01
8.803503513336181641e-01
8.856217861175537109e-01
8.921085000038146973e-01
8.947443962097167969e-01
8.996840715408325195e-01
9.040247201919555664e-01
9.082543849945068359e-01
9.132102131843566895e-01
9.140624403953552246e-01
9.184657931327819824e-01
9.218751192092895508e-01
9.229955077171325684e-01
9.227588772773742676e-01
9.256471991539001465e-01
9.280461668968200684e-01
9.304766058921813965e-01
9.306343793869018555e-01
9.308869838714599609e-01
9.306344985961914062e-01
9.327965974807739258e-01
9.329386353492736816e-01
9.350221157073974609e-01
9.346116781234741211e-01
9.356850981712341309e-01
9.348798990249633789e-01
9.375157952308654785e-01
9.374842047691345215e-01
9.381628036499023438e-01
9.391571879386901855e-01
9.382891654968261719e-01
9.389677047729492188e-01
9.386835098266601562e-01
9.404041767120361328e-01
9.390782713890075684e-01
9.400092959403991699e-01
9.396778941154479980e-01
9.395201802253723145e-01
9.407669305801391602e-01
9.403881430625915527e-01
9.425348639488220215e-01
9.416193366050720215e-01
9.403252601623535156e-01
9.413828253746032715e-01
9.418719410896301270e-01
9.413667917251586914e-01
9.419035315513610840e-01
9.413825273513793945e-01
9.423769116401672363e-01
9.432134628295898438e-01
9.430397152900695801e-01
9.431817531585693359e-01
9.418088197708129883e-01
9.434186816215515137e-01
9.437972903251647949e-01
9.427556991577148438e-01
9.450598359107971191e-01
9.437972903251647949e-01
9.430240988731384277e-01
9.438763856887817383e-01
9.442235827445983887e-01
9.435447454452514648e-01
9.434343576431274414e-01
9.454860091209411621e-01
9.457703232765197754e-01
9.444287419319152832e-01
9.458174705505371094e-01
9.451545476913452148e-01
9.455177187919616699e-01
9.459279775619506836e-01
9.453124403953552246e-01
9.451074004173278809e-01
9.454543590545654297e-01
9.458017349243164062e-01
9.447285532951354980e-01
9.458807706832885742e-01
9.466381669044494629e-01
9.469696283340454102e-01
9.467171430587768555e-01
9.462753534317016602e-01
9.464644789695739746e-01
9.472852945327758789e-01
9.460542798042297363e-01
9.462910294532775879e-01
9.460384845733642578e-01
9.463699460029602051e-01
9.096084237098693848e-01
9.089035391807556152e-01
9.087797403335571289e-01
9.096527695655822754e-01
9.100943207740783691e-01
9.099055528640747070e-01
9.107784628868103027e-01
9.114679694175720215e-01
9.117609262466430664e-01
9.108631014823913574e-01
9.124456048011779785e-01
9.115526676177978516e-01
9.119195342063903809e-01
9.121972918510437012e-01
9.121577739715576172e-01
9.121477603912353516e-01
9.129266142845153809e-01
9.133235216140747070e-01
9.129071235656738281e-01
9.141465425491333008e-01
9.140576124191284180e-01
9.133828878402709961e-01
9.133681654930114746e-01
9.133432507514953613e-01
9.139187932014465332e-01
9.146623611450195312e-01
9.143554568290710449e-01
9.143850207328796387e-01
9.142955541610717773e-01
9.150394797325134277e-01
9.159075021743774414e-01
9.144392609596252441e-01
9.149898886680603027e-01
9.149702787399291992e-01
9.155800938606262207e-01
9.142856001853942871e-01
9.154813289642333984e-01
9.165028333663940430e-01
9.153476357460021973e-01
9.161358475685119629e-01
9.151391386985778809e-01
9.161804914474487305e-01
9.172865748405456543e-01
9.165327548980712891e-01
9.170633554458618164e-01
9.164037108421325684e-01
9.172568917274475098e-01
9.174504876136779785e-01
9.174254536628723145e-01
9.169936776161193848e-01
9.177430868148803711e-01
9.178968071937561035e-01
9.171831607818603516e-01
9.171227812767028809e-01
9.175246953964233398e-01
9.178568720817565918e-01
9.177873730659484863e-01
9.170885086059570312e-01
9.172472357749938965e-01
9.186310768127441406e-01
9.194544553756713867e-01
9.173412919044494629e-01
9.172815680503845215e-01
9.178425073623657227e-01
9.191020727157592773e-01
9.186608791351318359e-01
9.179267287254333496e-01
9.185415506362915039e-01
9.194196462631225586e-01
9.185118675231933594e-01
9.186161756515502930e-01
9.186509251594543457e-01
9.185270667076110840e-01
9.184969663619995117e-01
9.186608791351318359e-01
9.182343482971191406e-01
9.179167747497558594e-01
9.183975458145141602e-01
9.179762601852416992e-01
9.189288616180419922e-01
9.180552363395690918e-01
9.179660677909851074e-01
9.190921187400817871e-01
9.187695384025573730e-01
9.195587038993835449e-01
9.191517829895019531e-01
9.196627140045166016e-01
