1.100778139999965788e+01
2.159665399999994406e+01
3.224521749999985332e+01
4.247649849999925209e+01
5.275382689999969443e+01
6.366579749999982596e+01
7.446310189999985596e+01
8.482390499999928579e+01
9.518448399999942922e+01
1.056090634999991380e+02
1.162670981999999640e+02
1.287670047999999952e+02
1.411787061999993966e+02
1.531114843999994264e+02
1.652158009999993737e+02
1.776241350000000239e+02
1.898664660999993430e+02
2.022964442999991661e+02
2.142333283999996638e+02
2.261024967999992441e+02
2.382732101999999941e+02
2.505624275999998645e+02
2.629538171999993210e+02
2.749512945999995281e+02
2.868003698999991684e+02
2.989257659999993848e+02
3.118068059999995967e+02
3.238239371999998184e+02
3.355595816999993986e+02
3.477588737999994919e+02
3.597906926999994539e+02
3.727985448999997971e+02
3.848133176999999705e+02
3.965781411999996635e+02
4.083154904999992141e+02
4.207620959999994739e+02
4.324589257999996335e+02
4.434307922999996663e+02
4.548540074999991702e+02
4.668265583999991577e+02
4.782000987999999779e+02
4.901890167999999903e+02
5.015643276999999216e+02
5.127064388999997391e+02
5.228296580999995058e+02
5.329606440999996266e+02
5.433584232999992309e+02
5.652869083999994473e+02
5.870688643999992564e+02
6.091605966999995871e+02
6.316278077999995730e+02
6.537167333999996117e+02
6.745687412999996013e+02
6.955017032999994626e+02
7.159942578000000140e+02
7.368611170999993192e+02
7.582739273999995930e+02
7.789573215999998865e+02
7.994097524999997404e+02
