6.377524733543395996e-01
7.093907594680786133e-01
7.484771013259887695e-01
7.834910750389099121e-01
8.102192878723144531e-01
8.346040844917297363e-01
8.568813204765319824e-01
8.791507482528686523e-01
8.971511125564575195e-01
9.124684929847717285e-01
9.266886711120605469e-01
9.364975690841674805e-01
9.452888369560241699e-01
9.522884488105773926e-01
9.563682675361633301e-01
9.608270525932312012e-01
9.641099572181701660e-01
9.667376875877380371e-01
9.679924249649047852e-01
9.698073863983154297e-01
9.704861044883728027e-01
9.726011157035827637e-01
9.742894768714904785e-01
9.766494631767272949e-01
9.782432317733764648e-01
9.800583124160766602e-01
9.803977012634277344e-01
9.812266230583190918e-01
9.814710617065429688e-01
9.821653962135314941e-01
9.819759130477905273e-01
9.826468229293823242e-01
9.827097654342651367e-01
9.825677871704101562e-01
9.826785922050476074e-01
9.845170974731445312e-01
9.906960129737854004e-01
9.902618527412414551e-01
9.901276230812072754e-01
9.905382394790649414e-01
9.903488755226135254e-01
9.899147748947143555e-01
9.898121356964111328e-01
9.901355504989624023e-01
9.894649386405944824e-01
9.898989796638488770e-01
9.899619817733764648e-01
9.899856448173522949e-01
9.895121455192565918e-01
9.893544316291809082e-01
9.895912408828735352e-01
9.894571900367736816e-01
9.895595908164978027e-01
9.892203807830810547e-01
9.888652563095092773e-01
9.893543720245361328e-01
9.892757534980773926e-01
9.893148541450500488e-01
9.897567629814147949e-01
9.892599582672119141e-01
9.894964694976806641e-01
9.894888997077941895e-01
9.896383881568908691e-01
9.898360371589660645e-01
9.893702268600463867e-01
9.897644519805908203e-01
9.629590511322021484e-01
9.656447172164916992e-01
9.656123518943786621e-01
9.661712050437927246e-01
9.662697315216064453e-01
9.666072130203247070e-01
9.670113921165466309e-01
9.674235582351684570e-01
9.671253561973571777e-01
9.678844213485717773e-01
9.682786464691162109e-01
9.678992629051208496e-01
9.683135747909545898e-01
9.687023758888244629e-01
9.688490629196166992e-01
9.692637324333190918e-01
9.694795608520507812e-01
9.695906043052673340e-01
9.700396656990051270e-01
9.701834321022033691e-01
