1.978089130000080331e+01
3.803154709999944316e+01
5.644044860000030894e+01
7.476348610000059125e+01
9.300365469999997003e+01
1.114935162000001583e+02
1.290524258000004920e+02
1.464419572000006156e+02
1.647084630999997898e+02
1.822272936000008485e+02
1.995876179000006232e+02
2.172894685999999638e+02
2.347900752000005014e+02
2.522079042999994272e+02
2.698619715000004362e+02
2.873518058999998175e+02
3.048466176000001724e+02
3.225660824999995384e+02
3.400738347000005888e+02
3.575124429999996210e+02
3.751828225000008388e+02
3.933601216000006389e+02
4.108509807000009459e+02
4.284626385000010487e+02
4.459596469000007346e+02
4.633671537000009266e+02
4.810107078000000911e+02
4.985423790000004374e+02
5.159070917999997619e+02
5.334571077000000514e+02
5.509034993000004761e+02
5.683426911999995355e+02
5.861109240999994654e+02
6.034900287000000390e+02
6.209957088999999542e+02
6.385968842000002041e+02
6.560582644999994955e+02
6.740431869000003644e+02
6.916346100000009756e+02
7.090614674000007653e+02
7.264982596000008925e+02
7.441120463000006566e+02
7.615343931999996130e+02
7.790228549000003113e+02
7.966948553000001993e+02
8.141133317999992869e+02
8.315066236000002391e+02
8.492204495000005409e+02
8.665835330999998405e+02
8.839341588000006595e+02
9.015381292000001849e+02
9.189195012000000133e+02
9.364302193000003172e+02
9.547555790999995224e+02
9.722546555000008084e+02
9.895987879000003886e+02
1.007150504999999612e+03
1.024672659800000474e+03
1.041967661200000293e+03
1.059508035700000619e+03
1.076830351700000392e+03
1.094149883199999749e+03
1.111792916399999740e+03
1.129213255799999388e+03
1.146607680400000390e+03
1.164139290400000391e+03
1.229509107600000789e+03
1.293888974200001030e+03
1.358765153100001044e+03
1.423327241700000741e+03
1.487681591900000058e+03
1.553335317099999884e+03
1.617605460799999491e+03
1.681716838199999984e+03
1.746466860300000917e+03
1.811311795600000551e+03
1.875331493499999851e+03
1.939663660100000925e+03
2.003833116199999495e+03
2.067820137799999429e+03
2.132859197400000994e+03
2.197045404399999825e+03
2.260889783000000534e+03
2.325216350400000010e+03
2.389117081500000495e+03
2.453468846499999927e+03
