5.298264026641845703e-01
5.301389098167419434e-01
5.308680534362792969e-01
5.390277504920959473e-01
5.399304032325744629e-01
5.375693440437316895e-01
5.406249165534973145e-01
5.379860997200012207e-01
5.370486974716186523e-01
5.427082180976867676e-01
5.417361259460449219e-01
5.372221469879150391e-01
5.384374856948852539e-01
5.387498736381530762e-01
5.426388382911682129e-01
5.447222590446472168e-01
5.441319942474365234e-01
5.453819632530212402e-01
5.439234972000122070e-01
5.501735806465148926e-01
5.458680987358093262e-01
5.456596612930297852e-01
5.439929962158203125e-01
5.469443798065185547e-01
5.467014312744140625e-01
5.456249117851257324e-01
5.441318750381469727e-01
5.299305319786071777e-01
5.501042008399963379e-01
5.601041316986083984e-01
5.635416507720947266e-01
5.678125619888305664e-01
5.673958659172058105e-01
5.696180462837219238e-01
5.689235925674438477e-01
5.722568631172180176e-01
5.718402266502380371e-01
5.771179795265197754e-01
5.790277123451232910e-01
5.801388025283813477e-01
5.756945013999938965e-01
5.807291269302368164e-01
5.822221636772155762e-01
5.827082991600036621e-01
5.844792127609252930e-01
5.801388621330261230e-01
5.848264098167419434e-01
5.829166769981384277e-01
5.824999809265136719e-01
5.857638716697692871e-01
5.862500667572021484e-01
5.885417461395263672e-01
5.851736664772033691e-01
5.874652266502380371e-01
5.875346064567565918e-01
5.888541340827941895e-01
5.888540744781494141e-01
5.868402719497680664e-01
5.891666412353515625e-01
5.910417437553405762e-01
5.908680558204650879e-01
5.877084136009216309e-01
5.901736617088317871e-01
5.925347208976745605e-01
5.909721851348876953e-01
5.926735401153564453e-01
5.964235663414001465e-01
5.887500643730163574e-01
5.868055224418640137e-01
5.727430582046508789e-01
5.811111330986022949e-01
5.925000309944152832e-01
5.920833349227905273e-01
5.950347781181335449e-01
6.005209088325500488e-01
6.038194894790649414e-01
6.081944108009338379e-01
6.023610830307006836e-01
6.083333492279052734e-01
6.088888645172119141e-01
6.151041388511657715e-01
6.187153458595275879e-01
6.172221899032592773e-01
6.234026551246643066e-01
6.203472018241882324e-01
6.207638978958129883e-01
6.173958182334899902e-01
6.237153410911560059e-01
6.302430629730224609e-01
6.273958683013916016e-01
6.277084350585937500e-01
6.284373998641967773e-01
6.271528005599975586e-01
6.305555701255798340e-01
6.321874260902404785e-01
6.324999332427978516e-01
6.280208826065063477e-01
6.347916722297668457e-01
6.306597590446472168e-01
6.371527314186096191e-01
6.371181011199951172e-01
6.377429366111755371e-01
6.369791626930236816e-01
6.392709612846374512e-01
6.414930820465087891e-01
6.371180415153503418e-01
6.412500739097595215e-01
6.391319036483764648e-01
6.390972733497619629e-01
6.401736736297607422e-01
6.421527862548828125e-01
6.427778601646423340e-01
6.488888263702392578e-01
6.300693750381469727e-01
6.359722018241882324e-01
6.439236402511596680e-01
6.509375572204589844e-01
6.511458754539489746e-01
6.551042199134826660e-01
6.626735925674438477e-01
6.697916984558105469e-01
6.670834422111511230e-01
6.709723472595214844e-01
6.695485711097717285e-01
6.748264431953430176e-01
6.661804914474487305e-01
6.773958802223205566e-01
6.795485019683837891e-01
6.839929819107055664e-01
6.807985901832580566e-01
6.877082586288452148e-01
6.881596446037292480e-01
6.863195896148681641e-01
6.911458373069763184e-01
6.934373974800109863e-01
6.933333873748779297e-01
6.987847685813903809e-01
6.904166340827941895e-01
6.946180462837219238e-01
6.915624737739562988e-01
6.955902576446533203e-01
7.003819346427917480e-01
7.020834088325500488e-01
7.020832896232604980e-01
7.018054723739624023e-01
7.000694274902343750e-01
6.971528530120849609e-01
7.043056488037109375e-01
7.043749094009399414e-01
7.006598114967346191e-01
7.082291245460510254e-01
7.059721350669860840e-01
7.069096565246582031e-01
7.007638812065124512e-01
7.059721946716308594e-01
7.049305438995361328e-01
7.145139575004577637e-01
7.070834636688232422e-01
7.026388645172119141e-01
7.062847614288330078e-01
7.119444012641906738e-01
7.109375596046447754e-01
7.102083563804626465e-01
7.099652290344238281e-01
7.078472375869750977e-01
7.111458778381347656e-01
7.085763812065124512e-01
7.139582633972167969e-01
7.097222208976745605e-01
7.134374380111694336e-01
7.053472399711608887e-01
