4.418740421533584595e-02
2.474384568631649017e-02
2.542482316493988037e-02
2.385040372610092163e-02
2.379221841692924500e-02
2.257323451340198517e-02
2.108934149146080017e-02
2.090867795050144196e-02
2.045365422964096069e-02
1.908664219081401825e-02
1.682730205357074738e-02
1.273752283304929733e-02
5.918606184422969818e-03
3.916603047400712967e-03
3.854138776659965515e-03
2.708894200623035431e-03
1.876548281870782375e-03
1.518724719062447548e-03
1.310081221163272858e-03
1.233934541232883930e-03
1.054721535183489323e-03
9.815922239795327187e-04
8.009829325601458549e-04
7.691749488003551960e-04
8.271069382317364216e-04
6.109670503064990044e-04
8.120589773170650005e-04
2.117481548339128494e-03
1.069389469921588898e-02
7.817521691322326660e-03
5.664129741489887238e-03
4.748464096337556839e-03
3.673582570627331734e-03
3.429817501455545425e-03
3.139471635222434998e-03
3.178888000547885895e-03
2.636453369632363319e-03
2.594032557681202888e-03
2.505045384168624878e-03
2.383307553827762604e-03
2.055391203612089157e-03
2.121862489730119705e-03
2.083706902340054512e-03
2.154042478650808334e-03
2.038938924670219421e-03
1.832622569054365158e-03
1.913806772790849209e-03
1.970069482922554016e-03
1.683704438619315624e-03
1.855859416536986828e-03
1.653002924285829067e-03
1.648843754082918167e-03
1.743313274346292019e-03
1.685634721070528030e-03
1.595554291270673275e-03
1.633292995393276215e-03
1.461977488361299038e-03
1.313787070102989674e-03
1.477846293710172176e-03
1.523740706034004688e-03
1.448722905479371548e-03
1.524291466921567917e-03
1.450899988412857056e-03
1.338612986728549004e-03
1.353030791506171227e-03
1.409598509781062603e-03
1.247151405550539494e-03
1.215128926560282707e-03
1.401631277985870838e-03
1.283067860640585423e-03
1.323781325481832027e-03
1.467918278649449348e-03
