6.486149700000169105e+00
1.104613810000046215e+01
1.554456860000027518e+01
2.009847590000026685e+01
2.465357040000071720e+01
2.911969130000034056e+01
3.361346090000006370e+01
3.825899269999990793e+01
4.275844260000030772e+01
4.735157740000067861e+01
5.190851250000014261e+01
5.638700460000018211e+01
6.095426990000032674e+01
6.550038769999991928e+01
6.997122260000014649e+01
7.457957340000029944e+01
7.914443710000068677e+01
8.363213510000059614e+01
8.825519220000023779e+01
9.284280360000047949e+01
9.734945980000065902e+01
1.019036590000005162e+02
1.064968535000007250e+02
1.109898527000004833e+02
1.155820289000002958e+02
1.201748710000001665e+02
1.246655908000002455e+02
1.292581035000002885e+02
1.338350683000007848e+02
1.382929663000004439e+02
1.524948251000005257e+02
1.667298460000001796e+02
1.808743123000003834e+02
1.951281440000002476e+02
2.093574662999999418e+02
2.235046503000003213e+02
2.377454924000003302e+02
2.519608361000000514e+02
2.660846369999999297e+02
2.802837490000001708e+02
2.945807567000001654e+02
3.086892328000003545e+02
3.229996071000005031e+02
3.371890077000007295e+02
3.513347835000004125e+02
3.655837191000009625e+02
3.798962814000005892e+02
3.940790916999994806e+02
4.083154824000012013e+02
4.227051370000008319e+02
4.369129671999999118e+02
4.512300820000000385e+02
4.655286417999996047e+02
4.795808176999998977e+02
4.940693886000008206e+02
5.082984121000008599e+02
5.225178821000008611e+02
5.368781947000006767e+02
5.517411652999999205e+02
5.660332834000000730e+02
5.806768799000001309e+02
5.949935930000010558e+02
6.091882082000010996e+02
6.234885474000002432e+02
6.382344976000003953e+02
6.524516366000007110e+02
