2.551058828830718994e-01
2.246109992265701294e-01
2.017926424741744995e-01
1.779394894838333130e-01
1.540588438510894775e-01
1.297823190689086914e-01
1.043338477611541748e-01
8.291413635015487671e-02
6.461368501186370850e-02
4.905600100755691528e-02
3.857874125242233276e-02
3.036385774612426758e-02
2.518626116216182709e-02
2.083673886954784393e-02
1.784290373325347900e-02
1.584561727941036224e-02
1.424721442162990570e-02
1.317648123949766159e-02
1.210692618042230606e-02
1.160124689340591431e-02
1.109315454959869385e-02
1.020029932260513306e-02
1.011665537953376770e-02
9.452532045543193817e-03
8.906211704015731812e-03
8.911361917853355408e-03
8.657428435981273651e-03
8.371532894670963287e-03
8.213784545660018921e-03
7.870273664593696594e-03
7.564128842204809189e-03
7.422154769301414490e-03
7.431287318468093872e-03
7.028416264802217484e-03
7.112566847354173660e-03
6.804812233895063400e-03
6.792176980525255203e-03
6.836880929768085480e-03
6.559047847986221313e-03
6.452235858887434006e-03
6.248492281883955002e-03
6.413449998944997787e-03
6.397657562047243118e-03
6.078759208321571350e-03
6.020136643201112747e-03
6.038498133420944214e-03
5.814519710838794708e-03
6.020297762006521225e-03
5.993860308080911636e-03
5.756839178502559662e-03
5.632858723402023315e-03
5.783949978649616241e-03
5.692350212484598160e-03
5.451412405818700790e-03
5.482560489326715469e-03
5.368606187403202057e-03
5.306565202772617340e-03
5.403437651693820953e-03
5.331443157047033310e-03
5.196156911551952362e-03
5.252769216895103455e-03
5.168815609067678452e-03
5.171769298613071442e-03
5.013573449105024338e-03
5.189131945371627808e-03
5.049018189311027527e-03
4.967867396771907806e-03
5.102166905999183655e-03
4.990790970623493195e-03
4.931188654154539108e-03
4.908078350126743317e-03
4.812781699001789093e-03
4.860234446823596954e-03
4.933150019496679306e-03
4.875835496932268143e-03
1.072841137647628784e-02
9.644098579883575439e-03
9.068229235708713531e-03
8.771415799856185913e-03
8.500880561769008636e-03
8.247351273894309998e-03
7.958708330988883972e-03
7.852853275835514069e-03
7.530833594501018524e-03
7.486867718398571014e-03
7.279518060386180878e-03
7.181984838098287582e-03
7.021980360150337219e-03
6.826666183769702911e-03
6.691022776067256927e-03
6.596332881599664688e-03
6.449840962886810303e-03
6.379385478794574738e-03
6.309837102890014648e-03
6.135376635938882828e-03
6.081810221076011658e-03
6.034540943801403046e-03
5.903485231101512909e-03
5.844397936016321182e-03
5.777593702077865601e-03
5.697940476238727570e-03
5.617680959403514862e-03
5.608425009995698929e-03
5.516970995813608170e-03
5.435822531580924988e-03
5.350481718778610229e-03
5.310420412570238113e-03
5.274222232401371002e-03
5.183760076761245728e-03
5.122314672917127609e-03
5.011275410652160645e-03
4.993159323930740356e-03
4.875441081821918488e-03
4.887312185019254684e-03
4.863112233579158783e-03
4.812300205230712891e-03
4.748045466840267181e-03
4.766930826008319855e-03
4.655868746340274811e-03
4.652855917811393738e-03
4.611940588802099228e-03
4.567248281091451645e-03
4.490413703024387360e-03
4.486177116632461548e-03
4.452691879123449326e-03
4.468825180083513260e-03
4.399402998387813568e-03
4.362262319773435593e-03
4.345575813204050064e-03
4.281256347894668579e-03
4.244993440806865692e-03
4.268585704267024994e-03
4.194151144474744797e-03
4.168452695012092590e-03
4.176436923444271088e-03
4.093161784112453461e-03
4.140348639339208603e-03
4.088812973350286484e-03
4.035551100969314575e-03
4.034516401588916779e-03
4.044715780764818192e-03
3.940408583730459213e-03
3.942240495234727859e-03
3.872749628499150276e-03
3.856722265481948853e-03
3.875124733895063400e-03
3.831256181001663208e-03
3.803140949457883835e-03
3.828529501333832741e-03
3.785884706303477287e-03
3.768718568608164787e-03
3.722911933436989784e-03
3.688910743221640587e-03
3.691115183755755424e-03
3.722630674019455910e-03
3.685473930090665817e-03
3.629597136750817299e-03
3.628553589805960655e-03
3.630409715697169304e-03
3.578839590772986412e-03
3.512358060106635094e-03
3.532202215865254402e-03
3.500820603221654892e-03
3.509653266519308090e-03
3.478845581412315369e-03
3.470688359811902046e-03
