2.063310960000001160e+01
2.110393350000001078e+01
2.157602700000001050e+01
2.204555919999999958e+01
2.251658120000000451e+01
2.299127020000000243e+01
2.346194570000000112e+01
2.393733950000000732e+01
2.440970270000001108e+01
2.487846850000001098e+01
2.535240920000001097e+01
2.582344650000000286e+01
2.629236090000000559e+01
2.676561370000000295e+01
2.723584830000000068e+01
2.770764040000000250e+01
2.818066880000000651e+01
2.865118490000000406e+01
2.912814680000001033e+01
2.959897160000001293e+01
3.007812450000000126e+01
3.054606970000000388e+01
3.101460820000001206e+01
3.149218220000000201e+01
3.196216520000000116e+01
3.243728660000000730e+01
3.290999320000000239e+01
3.338328090000000259e+01
3.385704850000000476e+01
3.433245430000000908e+01
3.480658700000000749e+01
3.528435320000001241e+01
3.575358510000000933e+01
3.622829250000000911e+01
3.670211000000000467e+01
3.717351560000000177e+01
3.764857299999999896e+01
3.811767539999999599e+01
3.859348380000000134e+01
3.924348320000001422e+01
3.971228419999999915e+01
4.018485710000001632e+01
4.065475599999999190e+01
4.112421630000000050e+01
4.159569319999999948e+01
4.206516010000001415e+01
4.253825460000001613e+01
4.300780310000001805e+01
4.348740430000000856e+01
4.395774280000000545e+01
4.442679010000000517e+01
4.490234879999999862e+01
4.537841710000000717e+01
4.585136380000000145e+01
4.632456030000000169e+01
4.679590830000000778e+01
4.727435020000001487e+01
4.774381769999999392e+01
4.821348710000000892e+01
4.868905169999999316e+01
4.915938310000001366e+01
4.964102260000001365e+01
5.011192930000001411e+01
5.058530780000000959e+01
5.105885460000001785e+01
5.152907670000001872e+01
5.200282070000000090e+01
5.247471459999999865e+01
5.294268490000001748e+01
5.341635800000000245e+01
5.388932270000000813e+01
5.435651860000001534e+01
5.483024629999999888e+01
5.530094800000000532e+01
5.577867910000000506e+01
5.625035550000001194e+01
5.672027919999999312e+01
5.719412339999999517e+01
5.766371030000001952e+01
5.813713430000001381e+01
5.861064120000000344e+01
5.908116680000000542e+01
5.955283439999999473e+01
6.002167000000000030e+01
6.050021399999999971e+01
6.097046710000000758e+01
