1.947429999999999950e+01
3.670827049999999758e+01
5.317895810000000267e+01
6.930535860000000525e+01
8.631854930000000081e+01
1.031788697000000070e+02
1.193182416000000075e+02
1.366124566999999956e+02
1.534159894000000008e+02
1.694913166000000047e+02
1.869718022999999789e+02
2.037342811999999981e+02
2.199020502999999849e+02
2.372400290999999868e+02
2.541233836000000110e+02
2.704049362000000087e+02
2.874698826000000054e+02
3.039969694999999774e+02
3.203900623000000110e+02
3.375015807999999993e+02
3.542380861999999979e+02
3.703102000000000089e+02
3.877126534999999876e+02
4.043548246999999947e+02
4.204454223999999840e+02
4.375745999999999754e+02
4.543559788999999682e+02
4.707573012999999946e+02
4.880666183999999816e+02
5.048331238000000099e+02
5.207134399999999914e+02
5.377347966999999471e+02
5.544716660000000275e+02
5.703608703999999534e+02
5.876752685999999812e+02
6.044360335000000077e+02
6.205502000999999836e+02
6.380683317000000443e+02
6.546962859999999864e+02
6.709962660999999571e+02
6.882595159999999623e+02
7.049659996999999976e+02
7.212132153999999673e+02
7.384961985999999570e+02
7.553473089000000300e+02
7.715814854000000196e+02
7.888486261000000468e+02
8.056679791999999907e+02
8.220619471999999632e+02
8.393527828000000000e+02
8.560039748000000372e+02
8.722575149000000465e+02
8.894896214000000327e+02
9.064179950999999846e+02
9.228050638999999364e+02
9.401668541000000232e+02
9.571954613000000336e+02
9.737103476999999430e+02
9.913063340999999582e+02
1.008186435100000040e+03
1.024866833000000042e+03
1.042587444400000095e+03
1.059746207200000072e+03
1.076575750600000219e+03
1.094236281400000053e+03
