5.308159589767456055e-01
5.844907164573669434e-01
5.995370745658874512e-01
6.069154739379882812e-01
6.306423544883728027e-01
6.342592835426330566e-01
6.477140784263610840e-01
6.571180820465087891e-01
6.582754850387573242e-01
6.718750000000000000e-01
6.776620745658874512e-01
6.866319179534912109e-01
6.915509104728698730e-01
6.958912014961242676e-01
7.010995745658874512e-01
7.071759104728698730e-01
7.092013955116271973e-01
7.090566754341125488e-01
7.144097685813903809e-01
7.219328880310058594e-01
7.293114066123962402e-01
7.233796119689941406e-01
7.317709326744079590e-01
7.362558245658874512e-01
7.440683245658874512e-01
7.458044886589050293e-01
7.450810074806213379e-01
7.434895634651184082e-01
7.443575859069824219e-01
7.537615299224853516e-01
7.511573433876037598e-01
7.578125000000000000e-01
7.547742724418640137e-01
7.692418694496154785e-01
7.572337985038757324e-01
7.591145038604736328e-01
7.677951455116271973e-01
7.666377425193786621e-01
7.703993320465087891e-01
7.753183245658874512e-01
7.793691754341125488e-01
7.799479365348815918e-01
7.745949625968933105e-01
7.786458134651184082e-01
7.861689925193786621e-01
7.793691754341125488e-01
7.845775485038757324e-01
7.790798544883728027e-01
7.890625000000000000e-01
7.984664440155029297e-01
7.909433245658874512e-01
7.999132275581359863e-01
7.944155335426330566e-01
7.945601940155029297e-01
7.941260933876037598e-01
8.057002425193786621e-01
7.975983619689941406e-01
7.996237874031066895e-01
8.003471493721008301e-01
8.028066754341125488e-01
8.055555820465087891e-01
8.130787014961242676e-01
8.046875000000000000e-01
8.139467239379882812e-01
8.054108619689941406e-01
8.149594664573669434e-01
8.111979365348815918e-01
8.155382275581359863e-01
8.129341006278991699e-01
8.143808245658874512e-01
8.130787014961242676e-01
8.230614066123962402e-01
8.194444179534912109e-01
8.195891380310058594e-01
8.133680224418640137e-01
7.984870672225952148e-01
8.017526268959045410e-01
8.047289252281188965e-01
8.082010149955749512e-01
8.059687614440917969e-01
8.127479553222656250e-01
8.150628209114074707e-01
8.155176043510437012e-01
8.180804252624511719e-01
8.177911043167114258e-01
8.287863731384277344e-01
8.269261717796325684e-01
8.282902240753173828e-01
8.308531641960144043e-01
8.334985375404357910e-01
8.325065374374389648e-01
8.364335298538208008e-01
8.362681865692138672e-01
8.398643732070922852e-01
8.448661565780639648e-01
8.446594476699829102e-01
8.464781641960144043e-01
8.459821343421936035e-01
8.520171642303466797e-01
8.486690521240234375e-01
8.522652387619018555e-01
8.528851866722106934e-01
8.517279028892517090e-01
8.570601344108581543e-01
8.577629327774047852e-01
8.613177537918090820e-01
8.620617985725402832e-01
8.595404028892517090e-01
8.608632087707519531e-01
8.675595521926879883e-01
8.690890073776245117e-01
8.658235669136047363e-01
8.698742985725402832e-01
8.698329925537109375e-01
8.713210821151733398e-01
8.727265596389770508e-01
8.721891045570373535e-01
8.773562312126159668e-01
8.772735595703125000e-01
8.772322535514831543e-01
8.801257014274597168e-01
8.806630373001098633e-01
8.791335821151733398e-01
8.807043433189392090e-01
8.809937238693237305e-01
8.803738355636596680e-01
8.850860595703125000e-01
8.841765522956848145e-01
8.870287537574768066e-01
8.893849253654479980e-01
8.903356194496154785e-01
8.925676941871643066e-01
8.897982835769653320e-01
8.939319849014282227e-01
8.890541791915893555e-01
8.920717835426330566e-01
8.914931416511535645e-01
8.934358954429626465e-01
8.932704925537109375e-01
8.926917314529418945e-01
8.938078880310058594e-01
8.930224180221557617e-01
8.958333134651184082e-01
8.959986567497253418e-01
8.983549475669860840e-01
9.007523059844970703e-01
8.995534777641296387e-01
9.006282091140747070e-01
9.006283283233642578e-01
9.035630822181701660e-01
9.005869626998901367e-01
9.047619104385375977e-01
9.009588956832885742e-01
9.031084179878234863e-01
9.077380895614624023e-01
9.045552611351013184e-01
9.086474180221557617e-01
9.091848731040954590e-01
9.051339030265808105e-01
9.103837013244628906e-01
9.093915820121765137e-01
9.103009104728698730e-01
9.096396565437316895e-01
9.083580970764160156e-01
9.095981121063232422e-01
9.095981121063232422e-01
9.113757014274597168e-01
9.127810597419738770e-01
9.107556939125061035e-01
9.096808433532714844e-01
9.114168882369995117e-01
9.140625000000000000e-01
9.122437238693237305e-01
9.140626192092895508e-01
9.173693060874938965e-01
