8.572597801685333252e-02
4.624053090810775757e-02
4.610623791813850403e-02
4.620023816823959351e-02
4.609911143779754639e-02
4.614066332578659058e-02
4.619089886546134949e-02
4.605999588966369629e-02
4.605231434106826782e-02
4.600989446043968201e-02
4.563032835721969604e-02
3.659200668334960938e-02
2.081844024360179901e-02
1.686251536011695862e-02
1.655616797506809235e-02
1.639117300510406494e-02
1.496895030140876770e-02
1.468161214143037796e-02
1.432910189032554626e-02
1.423979643732309341e-02
1.369126234203577042e-02
1.335477363318204880e-02
1.275930088013410568e-02
1.252264715731143951e-02
1.234328839927911758e-02
1.170084252953529358e-02
1.138789393007755280e-02
1.106144953519105911e-02
1.070817466825246811e-02
1.016874425113201141e-02
9.622685611248016357e-03
9.378803893923759460e-03
8.977461606264114380e-03
8.512494154274463654e-03
7.608003914356231689e-03
6.980917882174253464e-03
6.166516337543725967e-03
5.816677585244178772e-03
4.843639209866523743e-03
4.447527695447206497e-03
4.076496232300996780e-03
3.524938132613897324e-03
3.223771695047616959e-03
2.818541834130883217e-03
2.523701405152678490e-03
2.312127733603119850e-03
2.081064740195870399e-03
1.944065210409462452e-03
1.907319761812686920e-03
1.828358508646488190e-03
1.786021748557686806e-03
1.629945123568177223e-03
1.583930337801575661e-03
1.603591255843639374e-03
1.321436837315559387e-03
1.344262505881488323e-03
1.277678296901285648e-03
1.273394445888698101e-03
1.227451022714376450e-03
1.179458224214613438e-03
1.060795504599809647e-03
1.081764465197920799e-03
1.092286314815282822e-03
1.105103641748428345e-03
1.111238845624029636e-03
1.091341488063335419e-03
9.382247226312756538e-04
9.920863667502999306e-04
9.684766991995275021e-04
9.679404320195317268e-04
9.715544292703270912e-04
9.379214607179164886e-04
9.129602694883942604e-04
8.744311635382473469e-04
9.013036033138632774e-04
8.162542362697422504e-04
8.018427761271595955e-04
7.554351468570530415e-04
8.244409691542387009e-04
7.625150610692799091e-04
9.073583642020821571e-04
8.827197365462779999e-03
7.498246151953935623e-03
6.876535248011350632e-03
6.377408280968666077e-03
5.979823414236307144e-03
5.702437832951545715e-03
5.448936950415372849e-03
5.218017380684614182e-03
5.017336457967758179e-03
4.846309311687946320e-03
4.713510163128376007e-03
4.561444278806447983e-03
4.431382287293672562e-03
4.264933522790670395e-03
4.047099500894546509e-03
3.953060600906610489e-03
3.816235810518264771e-03
3.764884779229760170e-03
3.690555691719055176e-03
3.608968341723084450e-03
3.458513645455241203e-03
3.511543385684490204e-03
3.356575965881347656e-03
3.275191178545355797e-03
3.300565062090754509e-03
3.219787031412124634e-03
3.148224437609314919e-03
3.074228065088391304e-03
2.996321767568588257e-03
2.977237338200211525e-03
2.939774421975016594e-03
2.952240640297532082e-03
2.922875108197331429e-03
2.831359626725316048e-03
2.778359921649098396e-03
2.720630960538983345e-03
2.715956885367631912e-03
2.695078961551189423e-03
2.648800378665328026e-03
2.586967311799526215e-03
2.570624230429530144e-03
2.498108893632888794e-03
2.515937667340040207e-03
2.385105006396770477e-03
2.467533107846975327e-03
2.397206611931324005e-03
2.382187405601143837e-03
2.358392579481005669e-03
2.296738093718886375e-03
2.262711757794022560e-03
2.272484358400106430e-03
2.246513729915022850e-03
2.234979299828410149e-03
2.185372170060873032e-03
2.158246701583266258e-03
2.144702011719346046e-03
2.144965110346674919e-03
2.119132550433278084e-03
2.088048728182911873e-03
2.054115757346153259e-03
2.121938392519950867e-03
2.079292666167020798e-03
2.056535333395004272e-03
2.019632374867796898e-03
2.047993941232562065e-03
1.914296299219131470e-03
1.959752058610320091e-03
1.988569041714072227e-03
1.955089159309864044e-03
1.899579772725701332e-03
1.889067352749407291e-03
1.908794278278946877e-03
1.851377775892615318e-03
1.879881485365331173e-03
1.810318208299577236e-03
1.894648419693112373e-03
1.830390654504299164e-03
1.804767525754868984e-03
1.797954901121556759e-03
1.779476879164576530e-03
1.777084777131676674e-03
1.786855515092611313e-03
1.765638124197721481e-03
1.742675784043967724e-03
1.702714827843010426e-03
1.780452672392129898e-03
