8.764356374740600586e-01
9.291716814041137695e-01
9.339492321014404297e-01
9.365047812461853027e-01
9.387272000312805176e-01
9.357561469078063965e-01
9.387975931167602539e-01
9.386976957321166992e-01
9.382420778274536133e-01
9.403134584426879883e-01
9.417873620986938477e-01
9.423525333404541016e-01
9.428687095642089844e-01
9.434443116188049316e-01
9.428981542587280273e-01
9.441106319427490234e-01
9.441008567810058594e-01
9.446063637733459473e-01
9.453527331352233887e-01
9.444231390953063965e-01
9.455552101135253906e-01
9.451715350151062012e-01
9.455443620681762695e-01
9.164985418319702148e-01
9.158440828323364258e-01
9.165791273117065430e-01
9.169685840606689453e-01
9.169018268585205078e-01
9.173335433006286621e-01
9.182113409042358398e-01
