8.098448812961578369e-02
4.633573442697525024e-02
4.319774731993675232e-02
4.081733152270317078e-02
3.965890035033226013e-02
4.104962572455406189e-02
3.862610459327697754e-02
3.874962031841278076e-02
3.920173272490501404e-02
3.752061352133750916e-02
3.669091686606407166e-02
3.607499971985816956e-02
3.565883263945579529e-02
3.581320866942405701e-02
3.590879589319229126e-02
3.504756465554237366e-02
3.528971225023269653e-02
3.479959070682525635e-02
3.440431505441665649e-02
3.494550287723541260e-02
3.408737480640411377e-02
3.415944799780845642e-02
3.423760831356048584e-02
5.017358809709548950e-02
5.016618594527244568e-02
4.927458986639976501e-02
4.901640862226486206e-02
4.909875243902206421e-02
4.866855219006538391e-02
4.853938892483711243e-02
