1.890341820000003281e+01
3.700618869999993876e+01
5.460031509999998889e+01
7.306641560000002755e+01
9.100580070000000887e+01
1.087046989999998914e+02
1.272259744999998929e+02
1.451259061999999176e+02
1.627242994000000635e+02
1.813219103999999788e+02
1.992421953999999005e+02
2.166250138999998853e+02
2.350230466999998953e+02
2.530044565000000603e+02
2.705640326999998706e+02
2.893478992000000289e+02
3.066864954999998645e+02
3.253482538999999178e+02
3.432568670999999085e+02
3.605837599999999838e+02
3.792585286999999425e+02
3.973341657999999370e+02
4.148181961000000229e+02
4.337018926999999167e+02
4.516900051000000076e+02
4.690223191999998562e+02
4.875977330000000620e+02
5.057324390999997377e+02
5.231287769999999000e+02
5.418302109999999630e+02
5.597170536999997239e+02
5.770119424999998046e+02
5.954977052999997795e+02
6.129658915999998499e+02
6.316041252999998505e+02
6.496227958999998009e+02
6.671180125999999291e+02
6.858039760999999999e+02
7.037209564999998292e+02
7.211588667999999416e+02
7.397226350000000821e+02
7.577511286999997537e+02
7.753398367999998300e+02
7.937625484000000142e+02
8.118231577999999899e+02
8.294351935999998204e+02
8.481967074999997749e+02
8.662660495000000083e+02
8.837485593000001245e+02
9.024770165999998426e+02
9.205734816999997747e+02
9.381769407000001593e+02
9.569470384000001104e+02
9.749603756000001340e+02
9.926138510999999198e+02
1.011246135899999899e+03
1.029222232999999960e+03
1.046786774600000172e+03
1.065418965899999876e+03
1.083509678800000074e+03
1.101588556799999878e+03
1.120128912900000159e+03
1.138999813899999936e+03
1.156625935199999731e+03
1.175321827199999916e+03
1.193305668699999842e+03
1.211086264300000039e+03
1.229907637199999954e+03
1.248145979200000056e+03
1.266009169899999961e+03
1.284880424500000117e+03
1.303126566299999922e+03
1.320859775999999783e+03
1.339676609799999824e+03
1.357867883599999914e+03
1.375683712399999877e+03
1.394454461700000138e+03
