7.033316493034362793e-01
8.427371978759765625e-01
8.898810148239135742e-01
9.116030931472778320e-01
9.212445616722106934e-01
9.276827573776245117e-01
9.344824552536010742e-01
9.353402256965637207e-01
9.400525093078613281e-01
9.418403506278991699e-01
9.475859999656677246e-01
9.504690766334533691e-01
9.516162872314453125e-01
9.525669217109680176e-01
9.536312818527221680e-01
9.531766772270202637e-01
9.550470709800720215e-01
9.540343284606933594e-01
9.558325409889221191e-01
9.566178917884826660e-01
9.561425447463989258e-01
9.580749869346618652e-01
9.595009684562683105e-01
9.562252163887023926e-01
9.577856659889221191e-01
9.586019515991210938e-01
9.587053060531616211e-01
9.277936816215515137e-01
9.306837320327758789e-01
9.319857954978942871e-01
9.325939416885375977e-01
9.345703125000000000e-01
9.349614977836608887e-01
9.360401034355163574e-01
9.367668628692626953e-01
9.373257160186767578e-01
9.384700655937194824e-01
9.379339814186096191e-01
9.396372437477111816e-01
9.376709461212158203e-01
9.394530653953552246e-01
9.413173794746398926e-01
9.421064853668212891e-01
9.417743682861328125e-01
9.412912726402282715e-01
9.414192438125610352e-01
9.421756267547607422e-01
9.409523010253906250e-01
9.422152042388916016e-01
9.454637169837951660e-01
9.468545913696289062e-01
9.475681781768798828e-01
9.466014504432678223e-01
9.469662308692932129e-01
9.456512331962585449e-01
