7.583490610122680664e-01
8.027934432029724121e-01
8.252843022346496582e-01
8.457229733467102051e-01
8.626894354820251465e-01
8.772884607315063477e-01
8.893941044807434082e-01
8.967010974884033203e-01
9.048609733581542969e-01
9.094854593276977539e-01
9.147569537162780762e-01
9.188920259475708008e-01
9.224749207496643066e-01
9.273675680160522461e-01
9.288509488105773926e-01
9.317551255226135254e-01
9.330965280532836914e-01
9.354325532913208008e-01
9.362213611602783203e-01
9.379889965057373047e-01
9.389520287513732910e-01
9.407038092613220215e-01
9.411932229995727539e-01
9.421713352203369141e-01
9.426451921463012695e-01
9.444127082824707031e-01
9.440971612930297852e-01
9.456596970558166504e-01
9.452968239784240723e-01
9.471591114997863770e-01
9.449493885040283203e-01
9.454386830329895020e-01
9.483741521835327148e-01
9.476640224456787109e-01
9.470171928405761719e-01
9.483268857002258301e-01
9.485005736351013184e-01
9.480745196342468262e-01
9.476327300071716309e-01
9.479640126228332520e-01
9.481691122055053711e-01
9.493688941001892090e-01
9.482324123382568359e-01
9.489110112190246582e-01
9.482007622718811035e-01
9.488638639450073242e-01
9.501104950904846191e-01
9.479640722274780273e-01
9.496052861213684082e-01
9.492584466934204102e-01
9.504736065864562988e-01
9.491633176803588867e-01
9.496526718139648438e-01
9.508049488067626953e-01
9.507575035095214844e-01
9.515152573585510254e-01
9.510415792465209961e-01
9.514361023902893066e-01
9.507101774215698242e-01
9.501736760139465332e-01
9.504578113555908203e-01
9.500474929809570312e-01
9.504418969154357910e-01
9.506313800811767578e-01
9.511678814888000488e-01
9.505526423454284668e-01
9.505682587623596191e-01
9.526357650756835938e-01
9.521462917327880859e-01
9.522569179534912109e-01
9.518466591835021973e-01
9.519571065902709961e-01
9.501262903213500977e-01
9.142016768455505371e-01
9.144988059997558594e-01
9.147419333457946777e-01
9.151390790939331055e-01
9.161064624786376953e-01
9.155657291412353516e-01
9.164091944694519043e-01
9.172567129135131836e-01
9.178671836853027344e-01
9.184920787811279297e-01
9.175590276718139648e-01
9.186905622482299805e-01
9.178321957588195801e-01
9.178619980812072754e-01
9.183332920074462891e-01
9.179860949516296387e-01
9.185468554496765137e-01
9.180901050567626953e-01
9.193553924560546875e-01
9.199205040931701660e-01
9.189928174018859863e-01
9.193401932716369629e-01
9.190922975540161133e-01
9.197618961334228516e-01
9.205308556556701660e-01
9.204117059707641602e-01
9.202818870544433594e-01
9.204318523406982422e-01
9.206103682518005371e-01
9.204609990119934082e-01
9.210414290428161621e-01
9.211460947990417480e-01
9.210720658302307129e-01
9.210222363471984863e-01
9.214238524436950684e-01
9.223762750625610352e-01
9.225993156433105469e-01
9.216817021369934082e-01
9.215374588966369629e-01
9.224949479103088379e-01
9.218301177024841309e-01
9.222517013549804688e-01
9.221132993698120117e-01
9.230261445045471191e-01
9.226884841918945312e-01
9.236610531806945801e-01
9.230254888534545898e-01
9.230998754501342773e-01
9.228964447975158691e-01
9.230655431747436523e-01
9.229316711425781250e-01
9.239186048507690430e-01
9.233680963516235352e-01
9.232688546180725098e-01
9.247370362281799316e-01
9.232940673828125000e-01
9.237446188926696777e-01
9.241117835044860840e-01
9.246037006378173828e-01
9.245733022689819336e-01
9.254910945892333984e-01
9.247916340827941895e-01
9.253920316696166992e-01
9.254509806632995605e-01
9.246131181716918945e-01
9.242810010910034180e-01
9.246379137039184570e-01
9.251786470413208008e-01
9.240423440933227539e-01
9.246675372123718262e-01
9.251192808151245117e-01
9.246577620506286621e-01
9.245236515998840332e-01
