8.361726999282836914e-01
9.430052042007446289e-01
9.493141174316406250e-01
9.511336684226989746e-01
9.525825977325439453e-01
9.544531106948852539e-01
9.543849229812622070e-01
9.544817805290222168e-01
9.553351998329162598e-01
9.559943675994873047e-01
9.563550949096679688e-01
9.568034410476684570e-01
9.566304683685302734e-01
9.566314816474914551e-01
9.582353830337524414e-01
9.586575627326965332e-01
9.586114883422851562e-01
9.580534100532531738e-01
9.578025937080383301e-01
9.593670964241027832e-01
9.591580629348754883e-01
9.592922329902648926e-01
9.592937827110290527e-01
9.592168927192687988e-01
9.597776532173156738e-01
9.603378176689147949e-01
9.334464073181152344e-01
9.359695911407470703e-01
9.373798370361328125e-01
9.374755620956420898e-01
9.379216432571411133e-01
9.385418295860290527e-01
9.389449954032897949e-01
9.387093186378479004e-01
9.391780495643615723e-01
9.390863776206970215e-01
9.395570158958435059e-01
9.400899410247802734e-01
9.402151107788085938e-01
9.403225779533386230e-01
9.412973523139953613e-01
9.411170482635498047e-01
9.409899115562438965e-01
9.415819048881530762e-01
9.417426586151123047e-01
9.425734877586364746e-01
9.424093961715698242e-01
9.427024722099304199e-01
9.435977339744567871e-01
9.447854757308959961e-01
9.453695416450500488e-01
9.455574154853820801e-01
9.460733532905578613e-01
9.464309811592102051e-01
9.474760890007019043e-01
9.482473134994506836e-01
9.484181404113769531e-01
9.492886066436767578e-01
9.494704604148864746e-01
9.500928521156311035e-01
9.507725238800048828e-01
9.508212804794311523e-01
9.512674808502197266e-01
9.520992040634155273e-01
9.521644115447998047e-01
9.523650407791137695e-01
9.531220793724060059e-01
9.536635875701904297e-01
9.536051154136657715e-01
9.534837603569030762e-01
