8.003208041191101074e-01
9.243841171264648438e-01
9.452451467514038086e-01
9.551029801368713379e-01
9.593742489814758301e-01
9.604938626289367676e-01
9.585642218589782715e-01
9.605575203895568848e-01
9.611510634422302246e-01
9.620119929313659668e-01
9.619764089584350586e-01
9.623972177505493164e-01
9.630953073501586914e-01
9.628188610076904297e-01
9.630115628242492676e-01
9.624865055084228516e-01
9.630094766616821289e-01
9.638851881027221680e-01
9.638867974281311035e-01
9.645919203758239746e-01
9.647600650787353516e-01
9.649915695190429688e-01
9.652230143547058105e-01
9.654341340065002441e-01
9.656878709793090820e-01
9.659094810485839844e-01
9.663627743721008301e-01
9.412065744400024414e-01
9.436104297637939453e-01
9.443095326423645020e-01
9.446492195129394531e-01
9.457180500030517578e-01
9.460441470146179199e-01
9.454332590103149414e-01
9.458587169647216797e-01
9.460226297378540039e-01
9.463170170783996582e-01
9.469558000564575195e-01
