1.426540762186050415e-01
6.193834170699119568e-02
3.279882669448852539e-02
2.190641686320304871e-02
1.835124567151069641e-02
1.679304800927639008e-02
1.742297224700450897e-02
1.657950133085250854e-02
1.553872507065534592e-02
1.476845517754554749e-02
1.439561881124973297e-02
1.413244102150201797e-02
1.366935484111309052e-02
1.358358189463615417e-02
1.311335060745477676e-02
1.379432994872331619e-02
1.313168182969093323e-02
1.266444567590951920e-02
1.227589696645736694e-02
1.195749454200267792e-02
1.182605791836977005e-02
1.158301904797554016e-02
1.130219921469688416e-02
1.114458683878183365e-02
1.125927641987800598e-02
1.109084580093622208e-02
1.074456982314586639e-02
2.067132107913494110e-02
1.876778900623321533e-02
1.777000725269317627e-02
1.787373796105384827e-02
1.703880354762077332e-02
1.652787998318672180e-02
1.632101461291313171e-02
1.608366891741752625e-02
1.625600829720497131e-02
1.582514680922031403e-02
1.581593975424766541e-02
