9.500290100000029270e+00
1.602153090000001612e+01
2.263581309999995028e+01
2.913733840000008968e+01
3.578288180000004104e+01
4.235971219999987625e+01
4.876112560000001395e+01
5.499610329999995884e+01
6.121841259999996510e+01
6.718005259999995360e+01
7.298745989999997619e+01
7.895015730000000076e+01
8.489715139999998428e+01
9.094050960000004125e+01
9.696961229999988063e+01
1.028967199999999593e+02
1.090610735000000204e+02
1.148874487000000499e+02
1.208266330999999809e+02
1.269829474000000573e+02
1.330487964999999804e+02
1.390262591000000612e+02
1.449688487999999325e+02
1.508360218999998779e+02
1.566746700999999575e+02
1.695922462000000905e+02
1.769993577999998706e+02
1.845091440999999577e+02
1.920198943999998846e+02
1.997776357000000189e+02
2.075020709000000352e+02
2.149169650999999703e+02
2.224217630999999074e+02
2.299863440999999966e+02
2.375160673000000315e+02
2.449263063000000784e+02
2.525007345999999870e+02
2.598963879999998881e+02
2.675097046999999293e+02
2.749788630000000467e+02
2.824546152000000347e+02
2.897830171000000519e+02
2.973022100999999111e+02
3.049049628000000212e+02
3.126075997000000370e+02
3.204036906999999701e+02
3.280366968000000725e+02
3.356551205999999183e+02
3.431877254999999423e+02
3.506058606999999938e+02
3.580968771000000288e+02
3.654288831999999729e+02
3.730401623999998719e+02
3.805822454999999991e+02
3.879055304999999407e+02
3.952278436999999940e+02
4.024243535999999040e+02
4.096611342999999579e+02
4.167481456000000435e+02
4.238472328000000289e+02
4.310044336000000840e+02
4.380757049999999708e+02
4.452637116999999307e+02
4.525773959999999079e+02
4.600175245999998879e+02
4.676700630000000274e+02
4.747914820000000873e+02
4.818672050000000127e+02
4.892630160999999589e+02
4.965354081000000406e+02
5.035077186999999412e+02
5.111993967000000794e+02
5.181989022000000205e+02
5.251870882999999139e+02
5.324142472000000907e+02
5.396640548000000308e+02
5.468556731999999556e+02
5.537926167000000532e+02
5.611761277000000518e+02
5.682814115999999558e+02
5.756419906999999512e+02
5.829540173999998842e+02
5.903436163999999735e+02
5.987264185999999881e+02
6.062663491999999223e+02
6.137358667000000878e+02
6.211872266999998828e+02
6.283501925999999003e+02
6.353445540999998684e+02
6.422155659000000014e+02
6.490069151000000147e+02
6.556783302999999705e+02
6.624470745999999508e+02
6.691433858999998847e+02
6.757358417000000372e+02
6.824057099999999991e+02
6.890386791000000812e+02
6.956026157999999668e+02
7.022144051000000218e+02
7.087882279000000381e+02
7.286419825000000401e+02
7.491516854999999850e+02
7.692357216000000335e+02
7.887491440999999668e+02
8.087562497999999778e+02
8.282870912999999291e+02
8.483309120999999777e+02
8.680788857000000007e+02
8.878821866000000682e+02
9.075082543000000896e+02
9.270773669000000154e+02
9.466155782999999246e+02
9.657241896000000452e+02
9.845209477999999308e+02
1.003038941900000054e+03
1.021504717699999901e+03
1.039948775999999953e+03
1.058184712600000012e+03
1.076553351299999804e+03
1.094931408799999872e+03
1.113345790600000100e+03
1.131714809100000139e+03
