1.289823353290557861e-01
1.140596568584442139e-01
1.055938825011253357e-01
9.843559563159942627e-02
9.341201931238174438e-02
8.740640431642532349e-02
8.309741318225860596e-02
7.836277037858963013e-02
7.423613965511322021e-02
6.932134181261062622e-02
6.686710566282272339e-02
6.341456621885299683e-02
6.059253960847854614e-02
5.776885524392127991e-02
5.470387265086174011e-02
5.341070145368576050e-02
5.189971625804901123e-02
5.045254155993461609e-02
4.907250404357910156e-02
4.769138991832733154e-02
4.561111703515052795e-02
4.560249671339988708e-02
4.370100423693656921e-02
4.243566095829010010e-02
4.145317524671554565e-02
4.017208144068717957e-02
4.001758247613906860e-02
3.840159997344017029e-02
3.703303262591362000e-02
3.713728487491607666e-02
3.624946624040603638e-02
3.566067665815353394e-02
3.452123701572418213e-02
3.373379260301589966e-02
3.345300257205963135e-02
3.247065469622612000e-02
3.251925855875015259e-02
3.081305883824825287e-02
3.076178766787052155e-02
2.990014664828777313e-02
2.924542687833309174e-02
2.827703766524791718e-02
2.798470109701156616e-02
2.757830172777175903e-02
2.738947048783302307e-02
2.658560499548912048e-02
2.593522332608699799e-02
2.564396150410175323e-02
2.522862888872623444e-02
2.425269037485122681e-02
2.357478067278862000e-02
2.416440099477767944e-02
2.319378033280372620e-02
2.275216393172740936e-02
2.280618436634540558e-02
2.189449034631252289e-02
2.145688794553279877e-02
2.125075832009315491e-02
2.111825905740261078e-02
2.032861858606338501e-02
1.966261863708496094e-02
1.997966878116130829e-02
1.888594590127468109e-02
1.927158795297145844e-02
1.837936416268348694e-02
1.796773634850978851e-02
1.781083643436431885e-02
1.753560267388820648e-02
1.745526865124702454e-02
1.686216518282890320e-02
1.695645600557327271e-02
1.669088937342166901e-02
1.599534228444099426e-02
1.602927036583423615e-02
1.534113846719264984e-02
1.583272218704223633e-02
1.537054590880870819e-02
1.456917542964220047e-02
1.493478845804929733e-02
1.455733086913824081e-02
1.411660108715295792e-02
1.390930637717247009e-02
1.371180452406406403e-02
1.347368769347667694e-02
1.317412685602903366e-02
1.290913764387369156e-02
1.272846292704343796e-02
1.268113218247890472e-02
1.231417618691921234e-02
1.244167704135179520e-02
1.194064412266016006e-02
1.212732959538698196e-02
1.166820153594017029e-02
1.128462143242359161e-02
1.110911462455987930e-02
1.124763395637273788e-02
1.113810483366250992e-02
1.123785972595214844e-02
1.073341444134712219e-02
1.062749233096837997e-02
1.799229346215724945e-02
1.735796406865119934e-02
1.709352806210517883e-02
1.663821376860141754e-02
1.637176238000392914e-02
1.602104119956493378e-02
1.589109934866428375e-02
1.547314226627349854e-02
1.518974360078573227e-02
1.503430120646953583e-02
1.465202867984771729e-02
1.455090194940567017e-02
1.446889899671077728e-02
1.416262704879045486e-02
1.400531176477670670e-02
1.390111166983842850e-02
1.350857876241207123e-02
1.343438588082790375e-02
1.353174913674592972e-02
1.321113947778940201e-02
1.319043524563312531e-02
1.293374039232730865e-02
1.279046572744846344e-02
1.277606375515460968e-02
1.255012210458517075e-02
1.247824449092149734e-02
1.257304754108190536e-02
1.226094830781221390e-02
1.227497775107622147e-02
1.212430093437433243e-02
1.195146422833204269e-02
1.217133179306983948e-02
1.175882667303085327e-02
1.187414582818746567e-02
1.204033941030502319e-02
1.170701719820499420e-02
1.174904406070709229e-02
1.138886809349060059e-02
1.151702180504798889e-02
1.143140997737646103e-02
1.126788835972547531e-02
1.123263221234083176e-02
1.102462131530046463e-02
1.110293716192245483e-02
1.105344109237194061e-02
1.089626364409923553e-02
1.098747085779905319e-02
1.079577859491109848e-02
1.070395298302173615e-02
1.058289036154747009e-02
1.060360856354236603e-02
1.065359637141227722e-02
1.064450945705175400e-02
1.052632648497819901e-02
1.043100096285343170e-02
1.035410631448030472e-02
1.020563021302223206e-02
1.023790054023265839e-02
1.032264251261949539e-02
1.033061556518077850e-02
1.007677242159843445e-02
1.005894318222999573e-02
9.931068867444992065e-03
9.791203774511814117e-03
1.007351092994213104e-02
9.932050481438636780e-03
9.912831708788871765e-03
9.855248034000396729e-03
9.617470204830169678e-03
9.484369307756423950e-03
9.621061384677886963e-03
9.641130454838275909e-03
9.620307944715023041e-03
9.458334185183048248e-03
9.404416196048259735e-03
9.409956634044647217e-03
9.286963380873203278e-03
9.168239310383796692e-03
9.337422437965869904e-03
9.146621450781822205e-03
9.161676280200481415e-03
9.181273169815540314e-03
8.993940427899360657e-03
9.001995436847209930e-03
9.101172909140586853e-03
9.240311570465564728e-03
