8.831346799999664654e+00
1.609635109999999258e+01
2.354325390000030893e+01
3.091401299999961338e+01
3.822130579999975453e+01
4.568008879999979399e+01
5.300793229999999312e+01
6.027339850000043953e+01
6.775398750000022119e+01
7.506967880000047444e+01
8.237363269999968907e+01
8.981378670000049169e+01
9.715362290000030043e+01
1.043457833000002211e+02
1.116351696000001539e+02
1.192577793999998903e+02
1.262634321000005002e+02
1.334961153000003833e+02
1.405340331999996124e+02
1.475660950999999841e+02
1.548310995000001640e+02
1.618303220999996483e+02
1.687708169999996244e+02
1.760376450000003388e+02
1.831379235000003973e+02
1.900962492999997266e+02
1.974062536999999793e+02
2.045460109000005104e+02
2.115581744999999501e+02
2.188099195000004329e+02
2.258654945999996926e+02
2.328393379999997705e+02
2.400638832000004186e+02
2.471630967000000965e+02
2.541327737999999954e+02
2.614221224000002621e+02
2.685112244000001738e+02
2.755148134000000937e+02
2.826782264000003124e+02
2.903790998000004038e+02
2.974081323000000339e+02
3.047017906000000949e+02
3.117935158999998748e+02
3.188242251000001488e+02
3.260765743000001748e+02
3.331742925999997169e+02
3.401869020000003729e+02
3.474075334999997722e+02
3.544947503000003053e+02
3.615025352000002385e+02
3.688069463000001633e+02
3.759475707999999941e+02
3.829806711999999607e+02
3.901734764000002542e+02
3.973172199000000546e+02
4.043552533000001858e+02
4.116479307999998127e+02
4.187759711999997307e+02
4.258409394999998767e+02
4.331144045000000915e+02
4.402702222999996593e+02
4.473269239999999627e+02
4.546112506999998004e+02
4.617506481000000349e+02
4.688623725999996168e+02
4.766853277999998681e+02
4.838244625999996060e+02
4.908176034999996773e+02
4.981225202000005083e+02
5.052529502999996112e+02
5.122862494999999399e+02
5.195692756999997073e+02
5.266684031000004325e+02
5.337334478000002491e+02
5.410411298999997598e+02
5.482242021000001841e+02
5.553023863999997047e+02
5.626182600000001912e+02
5.697011616999998296e+02
5.767748430000001463e+02
5.840573342999996385e+02
5.911962843999999677e+02
5.982504974000003131e+02
6.054554178999997021e+02
6.126211848000002647e+02
6.196744423999998617e+02
6.269265648999999030e+02
6.340286027000001923e+02
6.410229533000001538e+02
6.482922199000004184e+02
6.560117271999997683e+02
6.630248719999999594e+02
6.702967365000004065e+02
6.773778087000000596e+02
6.843785745000004681e+02
6.916153970000004847e+02
6.987557763000004343e+02
7.057553095000002941e+02
7.130255794000004244e+02
7.201267639999996391e+02
7.396902546000001166e+02
7.598208808999997927e+02
7.795724589000001288e+02
7.991626685000001089e+02
8.192297435999998925e+02
8.388475033000004260e+02
8.582727825000001758e+02
8.788612775000001420e+02
8.983831251999999949e+02
9.179604563000002599e+02
9.378009672999996837e+02
9.573981222000002163e+02
9.767971344999996290e+02
9.966153551999996125e+02
1.015936294799999814e+03
1.035161796700000195e+03
1.054779062599999634e+03
1.074223349900000358e+03
1.093464911799999754e+03
1.113124883800000134e+03
1.133126613000000361e+03
1.152300199100000100e+03
1.171892307299999629e+03
1.191300013099999887e+03
1.210791508299999805e+03
1.230433895299999676e+03
1.249838707500000055e+03
1.269161255300000448e+03
1.288875822699999844e+03
1.308167165300000306e+03
1.327433192800000143e+03
1.347141836099999637e+03
1.366582963200000449e+03
1.386594903299999714e+03
1.406104240300000129e+03
1.425409816299999875e+03
1.444644877300000189e+03
1.464354054499999620e+03
1.483786821800000325e+03
1.503232755799999723e+03
1.522923072000000502e+03
1.542446177400000124e+03
1.561704158399999869e+03
1.581376148899999862e+03
1.600763074999999844e+03
1.619991265900000144e+03
1.640279293100000359e+03
1.659741912399999819e+03
1.679240817500000048e+03
1.699558306300000368e+03
1.719055346799999825e+03
1.738408459799999946e+03
1.758081156100000044e+03
1.777551416600000266e+03
1.797063507800000480e+03
1.816730732600000010e+03
1.836382479599999897e+03
1.855810887700000421e+03
1.875691846100000475e+03
1.895917076599999746e+03
1.915309555599999840e+03
1.934918091700000332e+03
1.954535429700000350e+03
1.974154369300000326e+03
1.994121923200000310e+03
2.013787726399999883e+03
2.033317453200000273e+03
2.053311987099999897e+03
2.073024593799999820e+03
2.092411785700000110e+03
2.112343062699999791e+03
2.132229256700000406e+03
2.152648960399999851e+03
2.173197750999999698e+03
2.193016303700000208e+03
2.212718982200000028e+03
2.232691514500000267e+03
2.252513688499999262e+03
2.272195849199999429e+03
2.292113697900000261e+03
2.311815871700000571e+03
2.331675623200000700e+03
2.351719560499999716e+03
2.371512854700000389e+03
2.391222244500000670e+03
2.411275474199999735e+03
2.431932651700000861e+03
2.451642159099999844e+03
2.471643084100000124e+03
2.491409432700000252e+03
2.511359211000000869e+03
2.531472144299999854e+03
2.551583201299999928e+03
2.571358386600000813e+03
2.591605164700000387e+03
2.611625425300000643e+03
2.631548277100000632e+03
2.651760691100000258e+03
2.671660021400000915e+03
2.691566938800000571e+03
