2.815449209999999880e+01
2.828978349999999864e+01
2.842627089999999868e+01
2.856254960000000054e+01
2.869868139999999812e+01
2.883605939999999990e+01
2.897058660000000074e+01
2.910710740000000030e+01
2.924248000000000047e+01
2.937831320000000090e+01
2.951540590000000108e+01
2.964996400000000065e+01
2.978544489999999811e+01
2.992069379999999867e+01
3.005539339999999626e+01
3.019392490000000251e+01
3.032898849999999769e+01
3.046436699999999931e+01
3.060290350000000004e+01
3.074296440000000175e+01
3.088080679999999845e+01
3.101975150000000170e+01
3.115986340000000254e+01
3.130071839999999739e+01
3.144076929999999592e+01
3.158351740000000163e+01
3.172303400000000195e+01
3.185963769999999684e+01
3.200029400000000379e+01
3.214830420000000544e+01
3.229797630000000197e+01
3.243917140000000643e+01
3.258104589999999945e+01
3.271961630000000554e+01
3.286064700000000016e+01
3.300292310000000384e+01
3.314202800000000337e+01
3.341987450000000592e+01
3.355981300000000545e+01
3.370091690000000284e+01
3.384019460000000379e+01
3.397663220000000450e+01
3.411951619999999963e+01
3.425504430000000156e+01
3.439192919999999987e+01
3.453531300000000215e+01
3.467192460000000409e+01
3.481341090000000094e+01
3.495364820000000350e+01
3.509329600000000227e+01
3.523639250000000089e+01
3.537845210000000407e+01
3.551930410000000649e+01
3.565741090000000213e+01
3.579358090000000203e+01
3.593401790000000062e+01
3.607578860000000276e+01
3.621173080000000510e+01
3.634848610000000235e+01
3.648442490000000049e+01
3.662147450000000504e+01
3.675792310000000640e+01
3.689451560000000541e+01
3.703552210000000144e+01
3.717192780000000596e+01
3.730860140000000058e+01
3.744375660000000039e+01
6.748133249999999350e+01
6.784998170000000073e+01
6.821040630000000249e+01
6.858567599999999231e+01
6.895061809999999980e+01
6.931502220000000136e+01
6.968372869999998898e+01
7.004842870000000232e+01
7.041325329999999383e+01
7.077365170000000205e+01
7.113556479999999738e+01
7.150084189999999751e+01
7.186472489999999880e+01
7.222759239999999181e+01
7.258762869999999623e+01
7.294815690000000075e+01
7.331357079999999371e+01
7.367963109999999460e+01
7.421539409999999748e+01
7.457875169999999798e+01
7.493801139999999350e+01
7.530206629999999279e+01
7.566345689999999991e+01
7.602651139999998975e+01
7.638907419999999604e+01
7.675736889999998880e+01
7.712795500000000004e+01
7.749696819999999775e+01
