6.069315671920776367e-01
6.696245670318603516e-01
6.996527910232543945e-01
7.224793434143066406e-01
7.408051490783691406e-01
7.568159699440002441e-01
7.734375000000000000e-01
7.883229851722717285e-01
8.071951866149902344e-01
8.223700523376464844e-01
8.384130001068115234e-01
8.545845746994018555e-01
8.713990449905395508e-01
8.850630521774291992e-01
9.014916419982910156e-01
9.132908582687377930e-01
9.252185821533203125e-01
9.385609626770019531e-01
9.469521641731262207e-01
9.548290371894836426e-01
9.613554477691650391e-01
9.661137461662292480e-01
9.711613059043884277e-01
9.756621122360229492e-01
9.783306717872619629e-01
9.803883433341979980e-01
9.825423955917358398e-01
9.841822385787963867e-01
9.845357537269592285e-01
9.849216341972351074e-01
9.866256117820739746e-01
9.864647388458251953e-01
9.861433506011962891e-01
9.871078133583068848e-01
9.875899553298950195e-01
9.880080819129943848e-01
9.875577092170715332e-01
9.870113134384155273e-01
9.890689849853515625e-01
9.888759851455688477e-01
9.887794852256774902e-01
9.880080223083496094e-01
9.891009926795959473e-01
9.887152910232543945e-01
9.887152910232543945e-01
9.882009029388427734e-01
9.892939925193786621e-01
9.884260892868041992e-01
9.883615970611572266e-01
9.884258508682250977e-01
9.885867238044738770e-01
9.880722761154174805e-01
9.885865449905395508e-01
9.888439178466796875e-01
9.887474179267883301e-01
9.882973432540893555e-01
9.891654253005981445e-01
9.881365299224853516e-01
9.881687164306640625e-01
9.878792762756347656e-01
9.882330298423767090e-01
9.888117313385009766e-01
9.883937239646911621e-01
9.890368580818176270e-01
9.880078434944152832e-01
9.885866641998291016e-01
9.892939329147338867e-01
9.883294701576232910e-01
9.887796044349670410e-01
9.892938137054443359e-01
9.875578880310058594e-01
9.886831641197204590e-01
9.602292180061340332e-01
9.646091461181640625e-01
9.633122682571411133e-01
9.643999934196472168e-01
9.630829095840454102e-01
9.637512564659118652e-01
9.641104340553283691e-01
9.633719921112060547e-01
9.645097851753234863e-01
9.634318947792053223e-01
9.646890759468078613e-01
9.643697738647460938e-01
9.643999338150024414e-01
9.649285674095153809e-01
9.646292328834533691e-01
9.654874205589294434e-01
9.648387432098388672e-01
9.648789167404174805e-01
9.652177691459655762e-01
9.660162925720214844e-01
9.660063385963439941e-01
9.664252996444702148e-01
9.664651155471801758e-01
9.669039249420166016e-01
9.668243527412414551e-01
9.676225781440734863e-01
9.666247367858886719e-01
9.671437144279479980e-01
9.668540358543395996e-01
9.685105085372924805e-01
9.674727320671081543e-01
9.676521420478820801e-01
9.680216908454895020e-01
9.682211875915527344e-01
9.688597321510314941e-01
9.682911634445190430e-01
9.681813120841979980e-01
9.677621126174926758e-01
9.686701297760009766e-01
9.695481657981872559e-01
9.704361557960510254e-01
9.699571728706359863e-01
9.696680903434753418e-01
9.699571132659912109e-01
9.708654284477233887e-01
9.694681167602539062e-01
9.705163240432739258e-01
9.698871374130249023e-01
9.713343381881713867e-01
9.709850549697875977e-01
9.710450172424316406e-01
9.710650444030761719e-01
9.709050655364990234e-01
9.715536832809448242e-01
9.713440537452697754e-01
9.717831015586853027e-01
9.714338779449462891e-01
9.720127582550048828e-01
9.722620844841003418e-01
9.726012945175170898e-01
9.728409051895141602e-01
9.723020792007446289e-01
9.736787676811218262e-01
9.729006290435791016e-01
