4.300916492938995361e-01
3.935210108757019043e-01
3.874034881591796875e-01
3.703786134719848633e-01
3.706186413764953613e-01
3.382644057273864746e-01
3.531256914138793945e-01
3.594706654548645020e-01
3.394854664802551270e-01
3.465163707733154297e-01
3.460856676101684570e-01
3.354853093624114990e-01
3.327684402465820312e-01
3.269207477569580078e-01
3.145697116851806641e-01
3.329820036888122559e-01
3.301278352737426758e-01
3.191829621791839600e-01
3.181892037391662598e-01
3.166610002517700195e-01
3.113318085670471191e-01
3.126504421234130859e-01
3.099038004875183105e-01
3.044939637184143066e-01
2.885169982910156250e-01
2.926732897758483887e-01
2.969401478767395020e-01
3.011779487133026123e-01
2.905195653438568115e-01
3.019017577171325684e-01
