3.741540850000001228e+01
7.361083039999994071e+01
1.077654935000000478e+02
1.427658726999998180e+02
1.769780190999999832e+02
2.113141298999998980e+02
2.461315432000001238e+02
2.801506140999999843e+02
3.154806011000000581e+02
3.499359012000004441e+02
3.842264460000005784e+02
4.186865306999998211e+02
4.531153350000004139e+02
4.880471984000005250e+02
5.220112408000004507e+02
5.564143334999998842e+02
5.919909390000002531e+02
6.283550162999999884e+02
6.633640829000005397e+02
6.980599999000005482e+02
7.323115779999998267e+02
7.666200838000004296e+02
8.010834617999998954e+02
8.350483767000005173e+02
8.693793003999999200e+02
9.038023711000005278e+02
9.385704339000003529e+02
9.727629953000005116e+02
1.007068772499999795e+03
1.041449354700000185e+03
