1.515866369009017944e-01
1.513990014791488647e-01
1.471733450889587402e-01
1.458000540733337402e-01
1.366871893405914307e-01
1.396975964307785034e-01
1.348618417978286743e-01
1.345478594303131104e-01
1.356765329837799072e-01
1.359880268573760986e-01
1.252134591341018677e-01
1.347434520721435547e-01
1.312178820371627808e-01
1.317524015903472900e-01
1.273240745067596436e-01
1.263761371374130249e-01
1.271999776363372803e-01
1.274098455905914307e-01
1.231563091278076172e-01
1.262626051902770996e-01
1.205821633338928223e-01
1.179761365056037903e-01
1.207138299942016602e-01
1.213517040014266968e-01
1.225804537534713745e-01
1.217311471700668335e-01
1.157577931880950928e-01
1.150445342063903809e-01
1.228858232498168945e-01
1.158214360475540161e-01
1.134944409132003784e-01
1.100747585296630859e-01
1.120913997292518616e-01
1.102484315633773804e-01
1.082857847213745117e-01
1.056494861841201782e-01
1.039029732346534729e-01
1.033006161451339722e-01
1.035092622041702271e-01
1.039711609482765198e-01
1.023220419883728027e-01
1.006047353148460388e-01
9.923534095287322998e-02
9.881949424743652344e-02
1.012138128280639648e-01
9.812488406896591187e-02
9.612499177455902100e-02
9.696079045534133911e-02
9.571338444948196411e-02
9.522379934787750244e-02
9.436681121587753296e-02
9.568868577480316162e-02
9.204980731010437012e-02
9.257053583860397339e-02
9.124928712844848633e-02
9.140618145465850830e-02
9.173419326543807983e-02
8.772730827331542969e-02
8.943494409322738647e-02
8.962933719158172607e-02
8.907667547464370728e-02
8.614215254783630371e-02
8.777300268411636353e-02
8.524431288242340088e-02
8.596907556056976318e-02
8.469773083925247192e-02
8.487837016582489014e-02
8.210279047489166260e-02
8.368439972400665283e-02
8.428886532783508301e-02
8.174432814121246338e-02
8.069302886724472046e-02
7.970322668552398682e-02
7.986915111541748047e-02
7.968494296073913574e-02
8.118049800395965576e-02
8.041695505380630493e-02
7.686789333820343018e-02
7.740600407123565674e-02
7.750740647315979004e-02
7.632273435592651367e-02
7.551716268062591553e-02
7.729776948690414429e-02
7.612822949886322021e-02
7.492285966873168945e-02
7.304736226797103882e-02
7.372402399778366089e-02
7.293517142534255981e-02
7.304589450359344482e-02
7.130434364080429077e-02
7.188031822443008423e-02
7.136894762516021729e-02
7.114539295434951782e-02
7.266109436750411987e-02
7.156057655811309814e-02
7.001328468322753906e-02
7.040964066982269287e-02
6.833032518625259399e-02
6.935450434684753418e-02
6.796864420175552368e-02
6.686703860759735107e-02
6.663058698177337646e-02
6.628634780645370483e-02
6.669555604457855225e-02
6.688077747821807861e-02
6.680162996053695679e-02
6.478895992040634155e-02
6.493780761957168579e-02
6.486116349697113037e-02
6.508024036884307861e-02
6.624662876129150391e-02
6.130727007985115051e-02
6.226138025522232056e-02
6.451733410358428955e-02
6.083944439888000488e-02
6.198959425091743469e-02
6.230162829160690308e-02
6.355593353509902954e-02
6.064371019601821899e-02
5.963888019323348999e-02
6.071450561285018921e-02
5.787512660026550293e-02
6.061314791440963745e-02
6.097714230418205261e-02
