6.341943144798278809e-01
7.531533241271972656e-01
8.148827552795410156e-01
8.453621268272399902e-01
8.721655607223510742e-01
8.879057168960571289e-01
9.029194712638854980e-01
9.075166583061218262e-01
9.152848124504089355e-01
9.235756993293762207e-01
9.280753731727600098e-01
9.331685900688171387e-01
9.376948475837707520e-01
9.415568113327026367e-01
9.442052841186523438e-01
9.443115592002868652e-01
9.462957382202148438e-01
9.440369606018066406e-01
9.477129578590393066e-01
9.489707946777343750e-01
9.511408805847167969e-01
9.538690447807312012e-01
9.496173262596130371e-01
9.478899836540222168e-01
9.530807137489318848e-01
9.554721713066101074e-01
9.537981748580932617e-01
9.554722905158996582e-01
9.578993916511535645e-01
9.546219110488891602e-01
9.603351354598999023e-01
9.592456817626953125e-01
9.630545377731323242e-01
9.628242254257202148e-01
9.640908837318420410e-01
9.661369323730468750e-01
9.673238992691040039e-01
9.679970145225524902e-01
9.686880111694335938e-01
9.704152345657348633e-01
9.706808924674987793e-01
9.704772233963012695e-01
9.708493351936340332e-01
9.716641306877136230e-01
9.707872271537780762e-01
9.728422164916992188e-01
9.714959263801574707e-01
9.694940447807312012e-01
9.676604866981506348e-01
9.269115328788757324e-01
9.313558936119079590e-01
9.332696795463562012e-01
9.347913861274719238e-01
9.355778098106384277e-01
9.377340674400329590e-01
9.384356141090393066e-01
9.398786425590515137e-01
9.394220709800720215e-01
9.402169585227966309e-01
9.418798089027404785e-01
9.428915381431579590e-01
9.418430328369140625e-01
9.444866180419921875e-01
9.464595317840576172e-01
9.491568207740783691e-01
9.495400786399841309e-01
9.507377743721008301e-01
9.472656250000000000e-01
9.511182904243469238e-01
9.521074891090393066e-01
9.534744620323181152e-01
9.541873931884765625e-01
9.541170597076416016e-01
9.554107189178466797e-01
9.576147198677062988e-01
9.568283557891845703e-01
9.582092761993408203e-01
9.584262967109680176e-01
9.588376879692077637e-01
9.589841961860656738e-01
9.595959186553955078e-01
9.608839154243469238e-01
9.616477489471435547e-01
9.602441787719726562e-01
9.623607993125915527e-01
9.623636603355407715e-01
9.629330039024353027e-01
9.621831774711608887e-01
9.639391303062438965e-01
