1.989586651325225830e-01
1.107230484485626221e-01
4.588513076305389404e-02
2.153445407748222351e-02
1.298613660037517548e-02
1.007741037756204605e-02
8.234304375946521759e-03
7.498222868889570236e-03
6.742763333022594452e-03
6.393770221620798111e-03
5.831994581967592239e-03
6.048293784260749817e-03
5.647559184581041336e-03
5.437778774648904800e-03
5.125961266458034515e-03
5.221564322710037231e-03
5.089408252388238907e-03
5.062752868980169296e-03
4.943396896123886108e-03
4.790214356034994125e-03
4.465865436941385269e-03
4.654436372220516205e-03
4.257916938513517380e-03
4.287911579012870789e-03
4.534972831606864929e-03
4.333574324846267700e-03
4.159184638410806656e-03
4.051177762448787689e-03
3.666560631245374680e-03
3.807652974501252174e-03
3.953258041292428970e-03
3.597761737182736397e-03
3.527102293446660042e-03
3.589652245864272118e-03
3.537165001034736633e-03
3.545362269505858421e-03
3.571265842765569687e-03
7.898767478764057159e-03
6.063761189579963684e-03
5.397997796535491943e-03
4.895941819995641708e-03
4.692875314503908157e-03
4.411160480231046677e-03
4.229611251503229141e-03
3.955105785280466080e-03
3.877853974699974060e-03
3.740636864677071571e-03
3.584579564630985260e-03
3.561131656169891357e-03
3.461147192865610123e-03
3.298917319625616074e-03
3.223000559955835342e-03
3.039434086531400681e-03
3.064345335587859154e-03
2.990091685205698013e-03
2.902067499235272408e-03
2.944699954241514206e-03
2.872460987418889999e-03
2.846580464392900467e-03
2.801227150484919548e-03
2.770621329545974731e-03
2.777841873466968536e-03
2.615662291646003723e-03
2.691618399694561958e-03
2.653508214280009270e-03
2.612512093037366867e-03
2.534027677029371262e-03
2.614842262119054794e-03
2.582082059234380722e-03
2.566726645454764366e-03
2.489975187927484512e-03
2.530177356675267220e-03
2.453797962516546249e-03
2.437384100630879402e-03
2.440985525026917458e-03
2.450106432661414146e-03
