8.661908507347106934e-01
8.762217164039611816e-01
8.736817836761474609e-01
8.740354180335998535e-01
8.750964403152465820e-01
8.771540522575378418e-01
8.752250671386718750e-01
8.754179477691650391e-01
8.742604851722717285e-01
8.756751418113708496e-01
8.711098432540893555e-01
8.735211491584777832e-01
8.749679327011108398e-01
8.755786418914794922e-01
8.525701165199279785e-01
8.520414233207702637e-01
8.531687855720520020e-01
8.508044481277465820e-01
8.528794646263122559e-01
8.556831479072570801e-01
8.541668653488159180e-01
8.529197573661804199e-01
8.599238991737365723e-01
8.870727419853210449e-01
9.024683833122253418e-01
9.165867567062377930e-01
9.286498427391052246e-01
9.332595467567443848e-01
9.349258542060852051e-01
9.357340335845947266e-01
9.376496672630310059e-01
9.398048520088195801e-01
9.399944543838500977e-01
9.404732584953308105e-01
9.412717223167419434e-01
9.425087571144104004e-01
9.422992467880249023e-01
9.424090385437011719e-01
9.443645477294921875e-01
9.431573152542114258e-01
9.448136091232299805e-01
9.452725052833557129e-01
9.462605714797973633e-01
9.447236061096191406e-01
9.462004899978637695e-01
9.469291567802429199e-01
9.469390511512756348e-01
9.479563236236572266e-01
9.476773738861083984e-01
9.480460882186889648e-01
9.480763673782348633e-01
9.484852552413940430e-01
9.472581744194030762e-01
9.485552310943603516e-01
9.489445090293884277e-01
9.491640925407409668e-01
9.481858611106872559e-01
9.489843249320983887e-01
9.489843249320983887e-01
9.493833780288696289e-01
9.503709673881530762e-01
9.499820470809936523e-01
9.500317573547363281e-01
9.497227072715759277e-01
9.491637945175170898e-01
9.509299397468566895e-01
9.508903622627258301e-01
9.506504535675048828e-01
9.503607749938964844e-01
9.509596824645996094e-01
9.512890577316284180e-01
9.507702589035034180e-01
9.516981244087219238e-01
9.515184164047241211e-01
9.513990879058837891e-01
9.504310488700866699e-01
