6.294850260019302368e-02
4.749467968940734863e-02
4.696568474173545837e-02
4.670194908976554871e-02
4.686019569635391235e-02
4.633800312876701355e-02
4.644814133644104004e-02
4.637761786580085754e-02
4.644241556525230408e-02
4.631706699728965759e-02
4.614883288741111755e-02
4.599715769290924072e-02
4.641730710864067078e-02
4.656793922185897827e-02
4.448097571730613708e-02
4.427272826433181763e-02
4.410667344927787781e-02
4.408863931894302368e-02
4.407864436507225037e-02
4.402690753340721130e-02
4.398676007986068726e-02
4.386958479881286621e-02
4.191564023494720459e-02
2.509003132581710815e-02
1.778391934931278229e-02
1.254247222095727921e-02
7.940526120364665985e-03
6.411851849406957626e-03
5.643475335091352463e-03
4.882734268903732300e-03
4.355164710432291031e-03
3.865021513774991035e-03
3.717991756275296211e-03
3.499657148495316505e-03
3.365908283740282059e-03
3.132567973807454109e-03
3.013994079083204269e-03
2.845582319423556328e-03
2.643609419465065002e-03
2.652199938893318176e-03
2.497132401913404465e-03
2.387974411249160767e-03
2.435731934383511543e-03
2.408081665635108948e-03
2.192470477893948555e-03
2.116574905812740326e-03
2.086248015984892845e-03
2.000394510105252266e-03
2.048157388344407082e-03
2.076886361464858055e-03
2.025168854743242264e-03
1.929495716467499733e-03
1.915306551381945610e-03
1.818442600779235363e-03
1.760458457283675671e-03
1.703695161268115044e-03
1.853571389801800251e-03
1.644700882025063038e-03
1.682059373706579208e-03
1.718855230137705803e-03
1.712058088742196560e-03
1.634684740565717220e-03
1.628785626962780952e-03
1.656185952015221119e-03
1.714591286145150661e-03
1.522045000456273556e-03
1.515974756330251694e-03
1.602830016054213047e-03
1.535940566100180149e-03
1.490620314143598080e-03
1.523129874840378761e-03
1.508567132987082005e-03
1.522503560408949852e-03
1.463667722418904305e-03
1.433909405022859573e-03
1.623341231606900692e-03
