8.371714099999962855e+00
1.470190359999992324e+01
2.080920639999999366e+01
2.706848869999998897e+01
3.348453319999998712e+01
3.974409850000006372e+01
4.596726689999991322e+01
5.207751589999998032e+01
5.805584790000011708e+01
6.430607979999990675e+01
7.066119699999990189e+01
7.656058050000001458e+01
8.240241609999998218e+01
8.863790530000005674e+01
1.020983051000000614e+02
1.158168874000000415e+02
1.295892736000000696e+02
1.426507480000000214e+02
1.560788371000001007e+02
1.701317632000000231e+02
1.834118135000001075e+02
1.966966789000000517e+02
2.095627827999999226e+02
2.223806280000001152e+02
2.358973376000001281e+02
2.492464227000000392e+02
2.628233646000001045e+02
2.767792474000000311e+02
2.901018481999999494e+02
3.030880234999999630e+02
3.173940672000001086e+02
3.318275068000000374e+02
3.451102978999999777e+02
3.584939554000000044e+02
3.718922657999999046e+02
3.854760630999999194e+02
3.986773418000000220e+02
4.117959771000000728e+02
4.252506617999999889e+02
4.382644663000000946e+02
4.521356986999999208e+02
4.653015255000000252e+02
4.787015524999999343e+02
4.921672914999999193e+02
5.059951376999999866e+02
5.194078469000000950e+02
5.321894973000000846e+02
5.454718239000001176e+02
5.587565320000001066e+02
5.727553184999999303e+02
5.866782608999999411e+02
5.996000232999999753e+02
6.121990845000000263e+02
6.260512320000000273e+02
6.390359473000000889e+02
6.519591265999999905e+02
6.654068472000001293e+02
6.785582299000000148e+02
6.922841141000001244e+02
7.057523254999998699e+02
7.196039204000001064e+02
7.330760225999999875e+02
7.463730945999998312e+02
7.599130754000000252e+02
7.730995420000001559e+02
7.862403772999998637e+02
7.988277183000002424e+02
8.121617001000001892e+02
8.260291070999999192e+02
8.393487766999999167e+02
8.526765670000002046e+02
8.658664056999998593e+02
8.791740615000001071e+02
8.928218318000001545e+02
9.059676818999998886e+02
9.194654570999998668e+02
