2.635920047760009766e-01
2.313586920499801636e-01
2.162004411220550537e-01
2.055929899215698242e-01
1.957966834306716919e-01
1.894118189811706543e-01
1.851230263710021973e-01
1.787114292383193970e-01
1.754770576953887939e-01
1.722028404474258423e-01
1.701913923025131226e-01
1.672750562429428101e-01
1.637571603059768677e-01
1.604438126087188721e-01
1.569391489028930664e-01
1.562666147947311401e-01
1.519369184970855713e-01
1.506983935832977295e-01
1.498814821243286133e-01
1.460471153259277344e-01
1.449907124042510986e-01
1.425177752971649170e-01
1.386394947767257690e-01
1.384180188179016113e-01
1.359602808952331543e-01
1.344234794378280640e-01
1.325098127126693726e-01
1.306399106979370117e-01
1.279224008321762085e-01
1.269150078296661377e-01
1.250422149896621704e-01
1.237090304493904114e-01
1.208448782563209534e-01
1.187170818448066711e-01
1.193223670125007629e-01
1.173831075429916382e-01
1.146598532795906067e-01
1.124783009290695190e-01
1.112878322601318359e-01
1.092852726578712463e-01
1.081369295716285706e-01
1.054141446948051453e-01
1.043847724795341492e-01
1.019579768180847168e-01
1.015339270234107971e-01
9.989522397518157959e-02
9.822077304124832153e-02
9.622784703969955444e-02
9.488514065742492676e-02
9.355292469263076782e-02
9.209024161100387573e-02
9.035420417785644531e-02
8.925309777259826660e-02
8.728081732988357544e-02
8.539124578237533569e-02
8.529821038246154785e-02
8.297510445117950439e-02
8.300682902336120605e-02
7.924342900514602661e-02
7.855264097452163696e-02
7.672277092933654785e-02
7.517377287149429321e-02
7.531969994306564331e-02
7.400964945554733276e-02
7.255959510803222656e-02
7.097456604242324829e-02
6.984571367502212524e-02
6.772650033235549927e-02
6.664372980594635010e-02
6.741982698440551758e-02
6.590234488248825073e-02
6.412148475646972656e-02
6.366619467735290527e-02
6.204601749777793884e-02
6.149013713002204895e-02
5.921350419521331787e-02
5.823669210076332092e-02
5.900038778781890869e-02
5.680482462048530579e-02
5.518226698040962219e-02
5.457979068160057068e-02
5.389188230037689209e-02
5.259477347135543823e-02
5.201892182230949402e-02
5.049181357026100159e-02
5.074238404631614685e-02
4.965291917324066162e-02
4.903687909245491028e-02
4.852032288908958435e-02
4.615899547934532166e-02
4.572380334138870239e-02
4.644566029310226440e-02
4.492833465337753296e-02
4.418580606579780579e-02
4.339802265167236328e-02
4.253463447093963623e-02
4.165746271610260010e-02
4.199000820517539978e-02
4.171975329518318176e-02
4.075735434889793396e-02
6.034086644649505615e-02
5.680890381336212158e-02
5.577545985579490662e-02
5.418644100427627563e-02
5.395172908902168274e-02
5.222710222005844116e-02
5.131177231669425964e-02
5.036674812436103821e-02
4.966517165303230286e-02
4.999354854226112366e-02
4.813605919480323792e-02
4.731135442852973938e-02
4.818177968263626099e-02
4.639973118901252747e-02
4.575414955615997314e-02
4.496359452605247498e-02
4.453311115503311157e-02
4.432293027639389038e-02
4.300452023744583130e-02
4.279852285981178284e-02
4.296208545565605164e-02
4.157589748501777649e-02
4.121984541416168213e-02
3.958874568343162537e-02
4.127647355198860168e-02
4.056893661618232727e-02
3.969997912645339966e-02
4.077040031552314758e-02
3.956606239080429077e-02
3.982587531208992004e-02
3.784161433577537537e-02
3.862791135907173157e-02
3.757150843739509583e-02
3.781725466251373291e-02
3.792433813214302063e-02
3.723042085766792297e-02
3.631947189569473267e-02
3.726340085268020630e-02
3.781360760331153870e-02
3.645557910203933716e-02
3.686955943703651428e-02
3.511584177613258362e-02
3.621286526322364807e-02
3.563985228538513184e-02
3.460958600044250488e-02
3.684971854090690613e-02
3.496122360229492188e-02
3.524097800254821777e-02
3.623887151479721069e-02
3.441201895475387573e-02
3.458609059453010559e-02
3.493752330541610718e-02
3.448130190372467041e-02
3.456231951713562012e-02
3.389003872871398926e-02
3.420319035649299622e-02
3.486088290810585022e-02
