5.736252665519714355e-01
6.556499004364013672e-01
6.575450301170349121e-01
6.583794951438903809e-01
6.602953672409057617e-01
6.633165478706359863e-01
6.653543710708618164e-01
6.666259765625000000e-01
6.681313514709472656e-01
6.680841445922851562e-01
6.697115898132324219e-01
6.694166064262390137e-01
6.681244969367980957e-01
6.707255840301513672e-01
6.697524189949035645e-01
6.688469052314758301e-01
6.696642637252807617e-01
6.703084111213684082e-01
6.696675419807434082e-01
6.711356639862060547e-01
6.687420010566711426e-01
6.703661084175109863e-01
