2.965115329000000202e+02
5.879469429999990098e+02
8.835006447999985539e+02
1.178065162499999133e+03
1.471089756699999270e+03
1.761930487800000265e+03
2.057459949000000051e+03
2.353090589899999031e+03
2.644439316299998609e+03
2.938646803199999340e+03
3.233282042799999545e+03
3.528675658299998759e+03
3.819040388100000200e+03
4.112482318799999121e+03
4.402754575599999953e+03
4.697964814400000250e+03
4.990786373899998580e+03
5.284346759199999724e+03
5.578620804999998654e+03
5.869937473299998601e+03
6.167737927299998773e+03
6.460960173100000247e+03
