8.065521717071533203e-01
8.573495149612426758e-01
8.802725672721862793e-01
8.928433656692504883e-01
9.012345075607299805e-01
9.047070145606994629e-01
9.082754850387573242e-01
9.141911268234252930e-01
9.166987538337707520e-01
9.189493656158447266e-01
9.195280671119689941e-01
9.195280671119689941e-01
9.230967164039611816e-01
9.267940521240234375e-01
9.245114326477050781e-01
9.264402985572814941e-01
9.270190000534057617e-01
9.294303655624389648e-01
9.272763133049011230e-01
9.300732016563415527e-01
9.309735298156738281e-01
9.307163357734680176e-01
9.314879179000854492e-01
9.325811862945556641e-01
9.311020374298095703e-01
9.311341643333435059e-01
9.332561492919921875e-01
9.342207908630371094e-01
9.357638359069824219e-01
9.371784925460815430e-01
9.356995820999145508e-01
9.368248581886291504e-01
9.353781938552856445e-01
9.364390969276428223e-01
9.356674551963806152e-01
9.357960224151611328e-01
9.363746643066406250e-01
9.363102912902832031e-01
9.388824701309204102e-01
9.382072687149047852e-01
9.378214478492736816e-01
9.380786418914794922e-01
9.393004179000854492e-01
9.387859106063842773e-01
9.389789104461669922e-01
9.387537837028503418e-01
9.404898881912231445e-01
9.391074776649475098e-01
9.393647313117980957e-01
9.398791193962097168e-01
9.400720000267028809e-01
9.397183656692504883e-01
9.394290447235107422e-01
9.400719404220581055e-01
9.390754699707031250e-01
9.383680820465087891e-01
9.398148655891418457e-01
9.417116641998291016e-01
9.392683506011962891e-01
9.397827386856079102e-01
9.406829476356506348e-01
9.416473507881164551e-01
9.397182464599609375e-01
9.386574029922485352e-01
9.390753507614135742e-01
9.410042762756347656e-01
9.388501644134521484e-01
9.395897388458251953e-01
9.405221343040466309e-01
9.383358955383300781e-01
9.391074776649475098e-01
9.381107687950134277e-01
9.398470520973205566e-01
9.378536343574523926e-01
9.379501938819885254e-01
9.404577612876892090e-01
9.401041865348815918e-01
9.386894702911376953e-01
9.394289851188659668e-01
9.376607537269592285e-01
9.397504329681396484e-01
9.381751418113708496e-01
9.400398135185241699e-01
9.412293434143066406e-01
9.383680820465087891e-01
9.371142387390136719e-01
9.042841792106628418e-01
9.053517580032348633e-01
9.049329161643981934e-01
9.057909846305847168e-01
9.057513475418090820e-01
9.039252996444702148e-01
9.050428271293640137e-01
9.051323533058166504e-01
9.061999917030334473e-01
9.068387746810913086e-01
9.049230217933654785e-01
9.054716229438781738e-01
9.053320288658142090e-01
9.051325917243957520e-01
9.058409929275512695e-01
9.053919315338134766e-01
9.072677493095397949e-01
9.045936465263366699e-01
9.065093994140625000e-01
9.047034978866577148e-01
9.050627350807189941e-01
9.056212306022644043e-01
9.044640064239501953e-01
9.051223993301391602e-01
9.059506058692932129e-01
9.057512879371643066e-01
9.066690206527709961e-01
9.057911038398742676e-01
9.062299132347106934e-01
9.057310223579406738e-01
9.055615067481994629e-01
