8.809500932693481445e-01
8.833807110786437988e-01
8.837279677391052246e-01
8.837907910346984863e-01
8.843117952346801758e-01
8.837280273437500000e-01
8.834279179573059082e-01
8.839961886405944824e-01
8.845643997192382812e-01
8.835855722427368164e-01
8.844065070152282715e-01
8.657042384147644043e-01
8.660119771957397461e-01
8.661954402923583984e-01
8.656004071235656738e-01
8.661853075027465820e-01
8.661507964134216309e-01
8.658036589622497559e-01
8.657491803169250488e-01
8.660911321640014648e-01
