1.035455860000000072e+01
1.699144869999999941e+01
2.338200870000000009e+01
2.997062370000000087e+01
3.650725959999999759e+01
4.287361459999999624e+01
4.934035679999999502e+01
5.582020779999999860e+01
6.215303439999999568e+01
6.866799770000000080e+01
7.528689469999999062e+01
9.206628779999999779e+01
1.097636407999999903e+02
1.272609346999999929e+02
1.443017347000000257e+02
1.614148878000000025e+02
1.786926301000000024e+02
1.955176508000000126e+02
2.126822415000000035e+02
2.297708824999999990e+02
