2.506848275661468506e-01
1.809736490249633789e-01
1.149479672312736511e-01
7.378133386373519897e-02
5.574877932667732239e-02
4.725773632526397705e-02
4.406794160604476929e-02
4.210927337408065796e-02
4.087608307600021362e-02
3.954090550541877747e-02
3.824213519692420959e-02
3.742285817861557007e-02
3.643991425633430481e-02
3.579279035329818726e-02
3.578465431928634644e-02
3.553783521056175232e-02
3.464176133275032043e-02
3.403579443693161011e-02
3.357199206948280334e-02
3.343012928962707520e-02
3.289003297686576843e-02
3.261867538094520569e-02
3.235778957605361938e-02
3.163690492510795593e-02
3.124129399657249451e-02
3.111512027680873871e-02
3.068012930452823639e-02
3.007249534130096436e-02
3.011421300470829010e-02
2.995839528739452362e-02
2.988853305578231812e-02
2.954529970884323120e-02
2.985975146293640137e-02
2.905509620904922485e-02
2.883083559572696686e-02
2.861545048654079437e-02
2.850694395601749420e-02
2.839840948581695557e-02
2.838649600744247437e-02
2.837040834128856659e-02
2.773489989340305328e-02
2.796418592333793640e-02
2.758213691413402557e-02
2.772324904799461365e-02
2.767230197787284851e-02
2.745968848466873169e-02
2.664765715599060059e-02
2.669028006494045258e-02
2.678217366337776184e-02
2.668375708162784576e-02
2.619562298059463501e-02
2.627484500408172607e-02
2.590123750269412994e-02
2.545413561165332794e-02
2.522133477032184601e-02
2.549141831696033478e-02
2.538261748850345612e-02
2.504656463861465454e-02
2.476872690021991730e-02
2.482070401310920715e-02
2.454196102917194366e-02
2.423392795026302338e-02
2.412514761090278625e-02
2.414347417652606964e-02
2.342395298182964325e-02
2.380639128386974335e-02
2.379267103970050812e-02
2.336356975138187408e-02
2.315941639244556427e-02
2.305542491376399994e-02
2.295461110770702362e-02
2.285154350101947784e-02
2.246699109673500061e-02
2.256185933947563171e-02
2.236841619014739990e-02
2.245960943400859833e-02
2.219815365970134735e-02
2.191375382244586945e-02
2.187079936265945435e-02
2.166922390460968018e-02
2.159167453646659851e-02
2.145124599337577820e-02
2.113166451454162598e-02
2.107704244554042816e-02
2.092013694345951080e-02
2.105827629566192627e-02
2.077409997582435608e-02
2.050191536545753479e-02
2.047517523169517517e-02
2.018125541508197784e-02
2.058191969990730286e-02
2.003943733870983124e-02
2.011196874082088470e-02
1.989617384970188141e-02
1.982979848980903625e-02
2.007800713181495667e-02
2.012881636619567871e-02
2.546078525483608246e-02
2.514274604618549347e-02
2.487964741885662079e-02
2.447396330535411835e-02
2.450009435415267944e-02
2.430453710258007050e-02
2.415473014116287231e-02
2.407999522984027863e-02
2.378546632826328278e-02
2.325666137039661407e-02
2.316914498805999756e-02
2.298210188746452332e-02
2.262500859797000885e-02
2.252716384828090668e-02
2.226671017706394196e-02
2.225566841661930084e-02
2.220440283417701721e-02
2.212038263678550720e-02
2.192017436027526855e-02
2.179002575576305389e-02
2.168068848550319672e-02
2.161731384694576263e-02
2.139136195182800293e-02
2.155396901071071625e-02
2.132702432572841644e-02
2.117911912500858307e-02
2.094479836523532867e-02
2.100127935409545898e-02
2.091297321021556854e-02
2.061971835792064667e-02
2.041648142039775848e-02
2.028863131999969482e-02
2.015756629407405853e-02
2.002841420471668243e-02
2.017818763852119446e-02
2.005973830819129944e-02
2.007731236517429352e-02
1.992527768015861511e-02
1.978456042706966400e-02
1.969961076974868774e-02
1.973230950534343719e-02
1.958029344677925110e-02
1.948185451328754425e-02
1.916048116981983185e-02
1.923211291432380676e-02
1.880216225981712341e-02
1.888994872570037842e-02
1.882812194526195526e-02
1.872339285910129547e-02
1.868047192692756653e-02
1.848449185490608215e-02
1.837929897010326385e-02
1.839515008032321930e-02
1.837053894996643066e-02
1.823965087532997131e-02
1.821014843881130219e-02
1.809855177998542786e-02
1.810434274375438690e-02
1.803850010037422180e-02
1.798397675156593323e-02
1.801918260753154755e-02
1.782910898327827454e-02
1.776979677379131317e-02
1.752198114991188049e-02
1.727517135441303253e-02
1.740561611950397491e-02
1.721403375267982483e-02
1.714523509144783020e-02
1.714532263576984406e-02
1.702851802110671997e-02
1.690297015011310577e-02
1.683796010911464691e-02
1.674946025013923645e-02
1.689648069441318512e-02
1.699590682983398438e-02
