4.903391376137733459e-02
4.630945995450019836e-02
4.622891545295715332e-02
4.433402419090270996e-02
4.322724789381027222e-02
4.321797192096710205e-02
4.391365498304367065e-02
4.265011474490165710e-02
4.250066354870796204e-02
4.147958755493164062e-02
4.185797274112701416e-02
4.217326641082763672e-02
4.085610434412956238e-02
4.167802631855010986e-02
4.109024628996849060e-02
4.071600735187530518e-02
4.056255519390106201e-02
3.916947543621063232e-02
4.052303358912467957e-02
4.036645591259002686e-02
3.927053883671760559e-02
3.988405317068099976e-02
4.002718627452850342e-02
4.016057401895523071e-02
3.914485871791839600e-02
3.917162120342254639e-02
3.848341107368469238e-02
3.860096633434295654e-02
3.781972080469131470e-02
3.818396478891372681e-02
3.844391927123069763e-02
3.795019164681434631e-02
3.854555636644363403e-02
3.812129423022270203e-02
3.749974444508552551e-02
3.827559947967529297e-02
3.823548927903175354e-02
3.761882707476615906e-02
3.682585433125495911e-02
3.771715611219406128e-02
3.732625395059585571e-02
3.713001683354377747e-02
3.782468289136886597e-02
5.705089494585990906e-02
5.054712668061256409e-02
4.714184254407882690e-02
4.595354571938514709e-02
4.472468420863151550e-02
4.358586668968200684e-02
4.248929023742675781e-02
4.242420569062232971e-02
4.210026562213897705e-02
4.169588163495063782e-02
4.182177037000656128e-02
4.038055986166000366e-02
4.073426127433776855e-02
4.068428650498390198e-02
4.002099111676216125e-02
3.968808054924011230e-02
3.956634178757667542e-02
4.015496373176574707e-02
3.931860625743865967e-02
3.840655460953712463e-02
3.876233473420143127e-02
3.826178982853889465e-02
3.808317333459854126e-02
3.781732171773910522e-02
3.780479356646537781e-02
3.827967867255210876e-02
3.783534467220306396e-02
3.707690164446830750e-02
3.776547685265541077e-02
3.758749365806579590e-02
3.712216019630432129e-02
3.779858350753784180e-02
5.670184642076492310e-02
5.274417251348495483e-02
5.115769430994987488e-02
4.982015118002891541e-02
4.832325130701065063e-02
4.815118014812469482e-02
4.756177589297294617e-02
4.674702510237693787e-02
4.663680493831634521e-02
4.657169803977012634e-02
4.511189088225364685e-02
4.527137801051139832e-02
4.516223073005676270e-02
4.385110735893249512e-02
4.496796056628227234e-02
4.362533241510391235e-02
4.363847896456718445e-02
4.314504936337471008e-02
4.248225688934326172e-02
4.236662015318870544e-02
4.184024408459663391e-02
4.194885864853858948e-02
4.164369404315948486e-02
4.112953320145606995e-02
4.147253558039665222e-02
4.145642742514610291e-02
4.055549204349517822e-02
4.069608077406883240e-02
4.062103852629661560e-02
4.039591923356056213e-02
4.038797318935394287e-02
4.065628349781036377e-02
5.863001197576522827e-02
5.531683564186096191e-02
5.395670980215072632e-02
5.303455889225006104e-02
5.226292088627815247e-02
5.077862367033958435e-02
5.035127326846122742e-02
4.946143180131912231e-02
4.923194274306297302e-02
4.786850512027740479e-02
4.781020060181617737e-02
4.737707599997520447e-02
4.682816937565803528e-02
4.650518298149108887e-02
4.578746482729911804e-02
4.546705633401870728e-02
4.493025317788124084e-02
4.412305727601051331e-02
4.418886825442314148e-02
4.421543702483177185e-02
4.329846799373626709e-02
4.327024891972541809e-02
4.211435467004776001e-02
4.229459166526794434e-02
4.198466613888740540e-02
4.202049598097801208e-02
4.169188439846038818e-02
4.163875430822372437e-02
4.073936119675636292e-02
4.016491770744323730e-02
4.111041128635406494e-02
4.030518233776092529e-02
4.044180363416671753e-02
4.003455117344856262e-02
4.039352759718894958e-02
3.940924257040023804e-02
3.990761190652847290e-02
3.880399838089942932e-02
3.935810923576354980e-02
3.856138139963150024e-02
3.934530168771743774e-02
3.920810297131538391e-02
3.917297720909118652e-02
3.866779804229736328e-02
3.861346840858459473e-02
3.878947347402572632e-02
3.893541917204856873e-02
3.858158364892005920e-02
3.929570317268371582e-02
