2.116223839999999967e+01
3.773499799999999738e+01
5.571549639999999926e+01
7.297519210000000101e+01
8.998431549999999390e+01
1.082870319000000023e+02
1.256606507999999991e+02
1.431060909000000265e+02
1.614430307999999741e+02
1.790887010999999802e+02
1.961736109999999940e+02
2.146407092000000034e+02
2.321423442999999907e+02
2.495148960000000216e+02
2.675584536000000071e+02
2.852618750999999975e+02
3.024648946000000365e+02
3.207628477000000089e+02
3.384516732000000161e+02
3.555821616000000063e+02
3.738366440000000352e+02
3.914353064000000018e+02
4.084747690000000375e+02
4.263480570000000398e+02
4.439645241000000055e+02
4.607474032000000079e+02
4.786344963000000234e+02
4.960885390000000257e+02
5.128415211999999883e+02
5.309586712999999918e+02
5.484989094000000023e+02
5.659592579000000114e+02
5.827340477999999848e+02
6.005653600999999071e+02
6.180524649999999838e+02
6.348346171999999115e+02
6.525647591999999122e+02
6.698356708999999682e+02
6.867697760999999446e+02
7.046946811999999909e+02
7.220763807999999244e+02
7.388473756999999296e+02
7.565284262000000126e+02
7.740336820999999645e+02
7.905971171999999569e+02
8.086223165999999765e+02
8.260468333999999686e+02
8.430231046999999762e+02
8.612195934000000079e+02
8.785686551999999665e+02
8.955662662999999384e+02
9.133658208999999033e+02
9.307877404999999271e+02
9.480252952999999252e+02
9.662248832999999877e+02
9.837958393000000115e+02
1.000616222999999991e+03
1.018620300100000009e+03
1.036073803600000019e+03
1.053257436500000040e+03
1.071155856999999969e+03
1.088705321900000172e+03
1.105301886599999989e+03
1.123780927700000120e+03
1.141466987600000039e+03
1.158656888800000161e+03
1.176540197100000114e+03
1.193906669899999997e+03
1.211265033000000130e+03
1.229360088600000154e+03
1.247031092599999965e+03
1.263894269699999995e+03
1.281845386200000121e+03
1.299399677200000042e+03
1.316242559100000108e+03
1.334160494900000003e+03
1.351523656200000005e+03
1.368648912500000051e+03
1.386982294700000011e+03
1.404549087900000131e+03
1.421787147200000163e+03
1.439745403800000076e+03
1.457275052899999991e+03
1.474210079000000178e+03
1.492387389900000016e+03
1.509914955299999974e+03
1.526754800500000101e+03
1.544717469300000175e+03
1.562172942400000011e+03
1.579069498199999998e+03
1.597124255700000049e+03
1.614392463600000156e+03
1.631377765299999965e+03
1.649414104700000053e+03
1.667028092500000184e+03
1.684042468000000099e+03
1.702272817799999984e+03
1.719923964000000069e+03
1.737347233400000050e+03
1.755755405800000062e+03
1.773359761899999967e+03
1.790384427299999970e+03
1.808392712600000095e+03
1.825758589100000108e+03
1.843052794200000108e+03
1.861352301900000157e+03
1.879047857300000032e+03
1.896396039800000153e+03
1.914750310700000000e+03
1.932508829300000116e+03
1.949556431100000054e+03
1.968017501799999991e+03
1.985751970100000108e+03
2.003285230700000056e+03
2.021718907400000035e+03
2.039521199600000045e+03
2.056901392100000066e+03
2.075354645899999923e+03
2.093091751699999804e+03
2.110489416899999924e+03
2.128917169099999683e+03
2.146739583300000049e+03
2.164129677200000060e+03
2.182639583799999855e+03
2.200382848700000068e+03
2.217837258999999904e+03
2.236277730899999824e+03
2.254056092199999966e+03
2.271355584599999929e+03
2.289709089699999822e+03
2.307730790399999933e+03
2.325166514399999869e+03
2.343272294299999885e+03
2.361203966399999899e+03
2.378707513999999719e+03
2.397487795300000016e+03
2.415226309399999991e+03
2.432690959399999883e+03
2.450908904099999745e+03
2.468764911999999640e+03
2.486193958299999849e+03
2.504914765600000010e+03
2.522742890900000020e+03
2.540198214399999870e+03
2.558772172699999828e+03
2.576706604499999685e+03
2.594233379799999966e+03
2.613059553300000061e+03
2.631086893599999712e+03
2.648689244899999721e+03
2.667161698200000046e+03
2.685101466899999650e+03
2.702707287199999882e+03
2.721440109099999972e+03
2.739550656599999911e+03
2.757224867699999777e+03
