7.774623632431030273e-01
8.299242258071899414e-01
8.626895546913146973e-01
8.843907713890075684e-01
8.996683955192565918e-01
9.084596037864685059e-01
9.157751798629760742e-01
9.216303825378417969e-01
9.261206984519958496e-01
9.298610091209411621e-01
9.332936406135559082e-01
9.356532692909240723e-01
9.384786486625671387e-01
9.394410848617553711e-01
9.413748383522033691e-01
9.426845312118530273e-01
9.447997212409973145e-01
9.447996616363525391e-01
9.453837871551513672e-01
9.475299715995788574e-01
9.474194645881652832e-01
9.482561349868774414e-01
9.485163688659667969e-01
9.488638043403625488e-01
9.499684572219848633e-01
9.498265385627746582e-01
9.505684375762939453e-01
9.509547352790832520e-01
9.503945708274841309e-01
9.514914751052856445e-01
9.517992138862609863e-01
9.515153169631958008e-01
9.516178369522094727e-01
9.516649842262268066e-01
9.521703720092773438e-01
9.520360827445983887e-01
9.519096612930297852e-01
9.518073201179504395e-01
9.523358345031738281e-01
9.531249403953552246e-01
9.533225297927856445e-01
9.531961083412170410e-01
9.528251886367797852e-01
9.528486728668212891e-01
9.524778723716735840e-01
9.532119035720825195e-01
9.533618688583374023e-01
9.538114666938781738e-01
9.537405967712402344e-01
9.536298513412475586e-01
9.534564614295959473e-01
9.535747170448303223e-01
9.540245532989501953e-01
9.539061188697814941e-01
9.551609158515930176e-01
9.541350007057189941e-01
9.543244838714599609e-01
9.545218944549560547e-01
9.545614123344421387e-01
9.542775154113769531e-01
9.536853432655334473e-01
9.546244740486145020e-01
9.548296332359313965e-01
9.551768302917480469e-01
9.548610448837280273e-01
9.545768499374389648e-01
9.543720483779907227e-01
9.548139572143554688e-01
9.556109309196472168e-01
9.545219540596008301e-01
9.549636840820312500e-01
9.551216363906860352e-01
9.558157920837402344e-01
9.552637934684753418e-01
9.552872180938720703e-01
9.555475115776062012e-01
9.549321532249450684e-01
9.557923674583435059e-01
9.552952647209167480e-01
9.567155838012695312e-01
9.562339782714843750e-01
9.551293849945068359e-01
9.555239081382751465e-01
9.553977847099304199e-01
9.548293948173522949e-01
9.191367030143737793e-01
9.205185174942016602e-01
9.207268357276916504e-01
9.212799668312072754e-01
9.213370084762573242e-01
9.225740432739257812e-01
9.230607151985168457e-01
9.221999049186706543e-01
9.229488968849182129e-01
9.236160516738891602e-01
9.241168498992919922e-01
9.244346618652343750e-01
9.245189428329467773e-01
9.250349402427673340e-01
9.243173599243164062e-01
9.243302941322326660e-01
9.253897666931152344e-01
9.259293675422668457e-01
9.256305694580078125e-01
9.251961112022399902e-01
9.252425432205200195e-01
9.258901476860046387e-01
9.260343909263610840e-01
9.259890913963317871e-01
9.264408946037292480e-01
9.258183836936950684e-01
9.266623258590698242e-01
9.267262220382690430e-01
9.270833134651184082e-01
9.266197085380554199e-01
9.271031022071838379e-01
9.271279573440551758e-01
9.270189404487609863e-01
9.272197484970092773e-01
9.279811382293701172e-01
9.282563924789428711e-01
9.276214838027954102e-01
9.277777075767517090e-01
9.280380606651306152e-01
9.282817840576171875e-01
9.286237359046936035e-01
9.287600517272949219e-01
9.284347295761108398e-01
9.285789132118225098e-01
9.294520020484924316e-01
9.295562505722045898e-01
9.293154478073120117e-01
9.297595024108886719e-01
9.299354553222656250e-01
9.302726387977600098e-01
9.299257993698120117e-01
9.299622178077697754e-01
9.304913282394409180e-01
9.302656650543212891e-01
9.306373000144958496e-01
9.300149083137512207e-01
9.308230876922607422e-01
9.308128952980041504e-01
9.309405684471130371e-01
9.309077858924865723e-01
9.295266866683959961e-01
9.304397106170654297e-01
9.299454092979431152e-01
9.302653074264526367e-01
9.303624033927917480e-01
9.304088354110717773e-01
9.310047030448913574e-01
9.309869408607482910e-01
9.302677512168884277e-01
9.308982491493225098e-01
9.311039447784423828e-01
9.312572479248046875e-01
9.319443106651306152e-01
9.310963749885559082e-01
9.314303398132324219e-01
9.311979413032531738e-01
9.317037463188171387e-01
9.314786195755004883e-01
9.314976930618286133e-01
9.320682883262634277e-01
9.317408204078674316e-01
9.315828084945678711e-01
9.318947196006774902e-01
9.318802356719970703e-01
9.321897625923156738e-01
9.328298568725585938e-01
9.319467544555664062e-01
9.323638081550598145e-01
9.322842955589294434e-01
