1.506923430000006192e+01
2.933218050000004951e+01
4.336940790000016932e+01
5.714277249999986452e+01
7.095591700000022684e+01
8.469805140000016763e+01
9.851888319999989108e+01
1.118321446999998443e+02
1.259249677000002521e+02
1.390197754000000714e+02
1.530333077000000230e+02
1.666491258000000926e+02
1.797089737999999670e+02
1.940113473999999769e+02
2.076254033000000163e+02
2.212407662999999047e+02
2.349798224999999547e+02
2.484892829999998867e+02
2.622477523000002293e+02
2.761012353999999505e+02
2.897228328999999576e+02
3.032635841000001165e+02
3.170777305999999953e+02
3.307179532000000108e+02
3.443897775000000365e+02
3.583874635000001945e+02
3.718621108000002096e+02
3.855988956000001053e+02
3.994422620999998799e+02
4.132390261000000464e+02
4.270932741999999962e+02
4.408815104000000247e+02
4.547974853999999141e+02
4.686334903000001759e+02
4.820729584999999133e+02
4.964319668000002821e+02
5.102738978000002135e+02
5.242344711000000643e+02
5.379185591999998906e+02
5.525420564000000923e+02
5.665996069000002535e+02
5.802698447000002488e+02
5.941090884000000187e+02
6.077348623000002590e+02
6.213083919000000606e+02
6.356120375999998942e+02
6.495927768000001379e+02
6.633619234000002507e+02
6.773785863000002792e+02
6.911098359000002347e+02
7.050757088000000294e+02
7.190928948999999193e+02
7.330817262000000483e+02
7.467854485999996541e+02
7.607355944000000818e+02
7.749086705999998230e+02
7.883345121000002109e+02
8.024836384999998700e+02
8.165030046000001676e+02
8.307846700000000055e+02
8.445211783000004289e+02
8.583990122000004703e+02
8.729261244999997871e+02
8.870336459000000104e+02
9.013767332999996142e+02
9.154004759999997987e+02
9.294309462999999596e+02
9.435365111999999499e+02
9.570743565000002491e+02
9.712676210999998148e+02
9.851665602000002764e+02
9.991982575000001816e+02
1.013225835500000358e+03
1.027333060300000398e+03
1.041229964600000130e+03
1.055275485799999842e+03
1.069082611099999667e+03
1.083345451400000456e+03
1.097219050599999719e+03
1.112148552100000416e+03
1.126078316199999790e+03
1.140169023299999935e+03
1.154312754499999755e+03
1.168227758300000460e+03
1.182165733800000453e+03
1.230432662500000333e+03
1.278910039999999753e+03
1.327151104000000487e+03
1.375469951899999614e+03
1.424363668300000427e+03
1.472853346699999747e+03
1.521678332299999965e+03
1.570867386200000510e+03
1.619397139200000311e+03
1.669626704500000415e+03
1.719709612900000138e+03
1.769515707999999904e+03
1.817219633800000338e+03
1.866093950700000278e+03
1.913543399700000009e+03
1.962171364900000299e+03
2.009688206400000126e+03
2.057578990300000441e+03
2.105547866800000520e+03
2.153351231200000257e+03
2.202106829399999697e+03
2.251085368500000186e+03
2.298714841600000000e+03
2.347233869200000299e+03
2.395315026700000089e+03
2.443359735900000487e+03
2.490936727100000098e+03
2.539301425300000119e+03
2.587394639299999653e+03
2.635986875499999769e+03
2.684441754999999830e+03
2.732081397099999776e+03
2.780482357400000183e+03
2.830328329900000426e+03
2.878549706900000274e+03
2.927161793399999624e+03
2.975644337599999744e+03
3.024506316799999695e+03
3.073469636300000275e+03
3.122173523100000239e+03
3.170995863799999825e+03
3.219519043100000090e+03
3.268465266000000156e+03
3.317184449999999742e+03
3.366153548000000228e+03
3.415404836700000487e+03
3.464997828300000037e+03
3.514123944900000424e+03
3.563606935200000407e+03
3.612732623200000489e+03
3.662958448100000169e+03
3.712702636900000471e+03
3.761363571400000183e+03
3.811742277600000307e+03
3.861737791499999730e+03
3.911573398800000177e+03
3.960506188500000462e+03
4.011240690599999652e+03
4.060676070999999865e+03
4.110060961600000155e+03
4.159046814000000268e+03
4.208543029999999817e+03
4.258205949700000019e+03
4.307504284900000130e+03
4.357412244899999678e+03
4.407666925399999855e+03
4.458827203699999700e+03
4.508313697399999910e+03
4.559068259300000136e+03
4.610250236599999880e+03
4.659299812100000054e+03
4.709747423599999820e+03
4.759431811000000380e+03
4.809022256600000219e+03
4.859641911400000936e+03
4.910468260299999201e+03
4.959951544799999283e+03
5.010640658100000110e+03
5.060931477600000107e+03
5.111184400099999948e+03
5.161497177800000827e+03
5.211875356800000191e+03
5.262351449799999500e+03
5.312268768599999930e+03
5.362310439899999437e+03
5.411966919100000268e+03
5.461806142799999179e+03
5.511689508300000853e+03
5.561872942099999818e+03
