9.137318134307861328e-01
9.599454998970031738e-01
9.701760411262512207e-01
9.764798283576965332e-01
9.741028547286987305e-01
9.753016233444213867e-01
9.750950336456298828e-01
9.774512052536010742e-01
9.782574176788330078e-01
9.807994365692138672e-01
9.834862947463989258e-01
9.852430224418640137e-01
9.869996905326843262e-01
9.886327385902404785e-01
9.903893470764160156e-01
9.587610960006713867e-01
9.661459922790527344e-01
9.678823947906494141e-01
9.687819480895996094e-01
9.699885249137878418e-01
9.699307680130004883e-01
9.707863926887512207e-01
