1.032655729999987670e+01
1.836260149999998248e+01
2.618571669999982987e+01
3.419756469999992987e+01
4.226405660000000353e+01
5.010012129999995523e+01
5.810243509999963862e+01
6.602591149999989284e+01
7.384063239999977668e+01
8.178423919999931968e+01
8.981752429999960441e+01
9.761419029999979102e+01
1.055276828999994905e+02
1.133996151999999711e+02
1.210225916999997935e+02
1.290393023999995421e+02
1.369486061999996309e+02
1.446881592999998247e+02
1.526560292999993180e+02
1.606275903999994625e+02
1.684529890999992858e+02
1.763425048999997671e+02
1.843532786999994642e+02
1.921570118999998158e+02
2.001015276999996786e+02
2.080377658999996129e+02
2.158298206999998001e+02
2.361833984999993845e+02
2.567111978999992061e+02
2.767007243999996717e+02
2.967166796999999860e+02
3.167326573999998800e+02
3.366264639999999417e+02
3.566435367999993105e+02
3.765962669000000460e+02
3.967739219999994020e+02
4.168817524999994930e+02
4.375677570999996533e+02
4.578351522999992085e+02
4.779690324999992299e+02
4.984037220000000161e+02
5.185712567000000490e+02
5.388563695999991978e+02
5.592983592000000499e+02
5.796865020999994158e+02
5.999211406999993415e+02
6.201621338999993895e+02
6.403495444000000134e+02
6.613188387000000148e+02
6.812307430000000750e+02
7.019465520999992805e+02
7.219274470999998812e+02
7.428327732999996442e+02
7.631104582999996637e+02
7.837089829999995345e+02
8.044791682999994009e+02
8.249502159999992728e+02
8.454703503000000637e+02
8.665079263999996328e+02
