7.381858825683593750e-01
8.891093730926513672e-01
9.242892861366271973e-01
9.368083477020263672e-01
9.447249770164489746e-01
9.482169747352600098e-01
9.515891075134277344e-01
9.542871117591857910e-01
9.602196216583251953e-01
9.667930006980895996e-01
9.661895632743835449e-01
9.654087424278259277e-01
9.657304883003234863e-01
9.656345248222351074e-01
9.661560654640197754e-01
9.661121964454650879e-01
9.667055010795593262e-01
9.670813679695129395e-01
9.673244953155517578e-01
9.682303667068481445e-01
9.684926867485046387e-01
9.685747027397155762e-01
9.696481823921203613e-01
9.695857763290405273e-01
9.702828526496887207e-01
