1.782499700784683228e-01
1.089144200086593628e-01
7.650499045848846436e-02
5.913101136684417725e-02
4.776071384549140930e-02
4.019808024168014526e-02
3.366549313068389893e-02
2.808398380875587463e-02
2.190750837326049805e-02
1.203709840774536133e-02
8.682529442012310028e-03
7.159496191889047623e-03
6.245350930839776993e-03
5.716117098927497864e-03
5.292008630931377411e-03
4.879449959844350815e-03
4.545710515230894089e-03
4.248231649398803711e-03
4.034008365124464035e-03
3.762178588658571243e-03
3.593644127249717712e-03
3.420487977564334869e-03
3.245986066758632660e-03
3.118306398391723633e-03
2.973289228975772858e-03
