8.495370149612426758e-01
8.582656979560852051e-01
8.603233695030212402e-01
8.552758693695068359e-01
8.626382350921630859e-01
8.481706976890563965e-01
8.631847500801086426e-01
8.539095520973205566e-01
8.543273806571960449e-01
8.572208881378173828e-01
8.584748506546020508e-01
8.529772162437438965e-01
8.562886118888854980e-01
8.274465203285217285e-01
8.269027471542358398e-01
8.282995820045471191e-01
8.246426582336425781e-01
8.302702903747558594e-01
8.316721320152282715e-01
8.267429471015930176e-01
8.290629982948303223e-01
8.306693434715270996e-01
