8.195061870000000681e+01
1.606608325999999920e+02
2.420708563000000026e+02
3.213129619000000048e+02
4.021325605999999766e+02
4.841958869000000050e+02
5.659551304999999957e+02
6.474202430000000277e+02
7.303479998999999907e+02
8.130753719000000501e+02
8.956988737000000356e+02
9.783832719000000679e+02
1.061231331899999986e+03
1.239588851399999839e+03
1.419476850399999876e+03
1.598324759299999869e+03
1.776543342599999960e+03
1.955224204799999825e+03
2.134203901399999722e+03
2.312332590299999993e+03
2.490399342799999886e+03
2.670732540099999824e+03
