7.382477521896362305e-01
7.382478713989257812e-01
7.601495981216430664e-01
7.596153020858764648e-01
7.644230127334594727e-01
7.767094373703002930e-01
7.809829115867614746e-01
7.900640964508056641e-01
7.932692170143127441e-01
7.857905626296997070e-01
8.023504018783569336e-01
8.125000596046447754e-01
8.108974695205688477e-01
7.932692766189575195e-01
8.162392973899841309e-01
8.210469484329223633e-01
8.263888955116271973e-01
8.333333134651184082e-01
8.327990770339965820e-01
8.392094373703002930e-01
8.514957427978515625e-01
8.498931527137756348e-01
8.434829711914062500e-01
8.547009229660034180e-01
8.589743375778198242e-01
8.573717474937438965e-01
8.632478713989257812e-01
8.803418874740600586e-01
8.766025900840759277e-01
8.733974695205688477e-01
8.723290562629699707e-01
8.707264661788940430e-01
8.707263469696044922e-01
8.878204822540283203e-01
8.888889551162719727e-01
8.942307829856872559e-01
8.920940160751342773e-01
9.022435545921325684e-01
9.006410837173461914e-01
9.001067280769348145e-01
9.059829115867614746e-01
9.022435545921325684e-01
9.059828519821166992e-01
8.936965465545654297e-01
9.075854420661926270e-01
8.915598392486572266e-01
8.624031543731689453e-01
8.666020035743713379e-01
8.708009719848632812e-01
8.722544908523559570e-01
8.688630461692810059e-01
8.738695383071899414e-01
8.699936270713806152e-01
8.788759708404541016e-01
8.693475127220153809e-01
8.783915042877197266e-01
8.772608637809753418e-01
8.800063729286193848e-01
8.793604373931884766e-01
8.796834945678710938e-01
8.812986016273498535e-01
8.782299160957336426e-01
8.800063729286193848e-01
8.821060061454772949e-01
8.829135298728942871e-01
8.843669295310974121e-01
8.885657787322998047e-01
8.817827701568603516e-01
8.859817981719970703e-01
8.830749392509460449e-01
8.835595846176147461e-01
8.824290037155151367e-01
8.879197835922241211e-01
8.900194168090820312e-01
8.950257301330566406e-01
8.898578882217407227e-01
8.906651735305786133e-01
8.856588006019592285e-01
8.861434459686279297e-01
8.927650451660156250e-01
8.908270001411437988e-01
8.917957544326782227e-01
8.838822841644287109e-01
8.908268213272094727e-01
8.926033377647399902e-01
8.898578286170959473e-01
8.919572830200195312e-01
8.919572234153747559e-01
8.911499381065368652e-01
8.938953280448913574e-01
8.906653523445129395e-01
8.976097106933593750e-01
8.884044885635375977e-01
