1.368285715579986572e-01
1.253456920385360718e-01
1.181856468319892883e-01
1.175318136811256409e-01
1.102805510163307190e-01
1.097180396318435669e-01
1.080975532531738281e-01
1.015311479568481445e-01
9.889957308769226074e-02
1.020641326904296875e-01
9.473650902509689331e-02
9.098997712135314941e-02
8.877127617597579956e-02
9.200484305620193481e-02
8.901347219944000244e-02
8.409551531076431274e-02
7.884158194065093994e-02
7.669174671173095703e-02
7.584475725889205933e-02
7.394308596849441528e-02
7.095256447792053223e-02
6.965840607881546021e-02
7.074256241321563721e-02
6.730420887470245361e-02
6.206281483173370361e-02
6.233761832118034363e-02
6.234836578369140625e-02
5.798823386430740356e-02
5.624179542064666748e-02
5.614747852087020874e-02
5.218313261866569519e-02
5.246346816420555115e-02
5.237726122140884399e-02
4.613991081714630127e-02
4.585150629281997681e-02
4.322481155395507812e-02
4.480658099055290222e-02
4.213313758373260498e-02
3.776702657341957092e-02
4.085157439112663269e-02
3.724969178438186646e-02
3.827570751309394836e-02
3.317477181553840637e-02
3.783553466200828552e-02
3.494202718138694763e-02
3.871352970600128174e-02
3.961176797747612000e-02
3.900082036852836609e-02
3.596729785203933716e-02
3.420920297503471375e-02
3.492110967636108398e-02
3.235159814357757568e-02
3.315827995538711548e-02
3.063533455133438110e-02
3.258088976144790649e-02
2.995151653885841370e-02
3.022701852023601532e-02
3.070166520774364471e-02
3.014750033617019653e-02
3.027940355241298676e-02
2.766320854425430298e-02
2.976042218506336212e-02
2.896759472787380219e-02
2.966990880668163300e-02
2.756267413496971130e-02
2.752489037811756134e-02
2.676569111645221710e-02
2.686803601682186127e-02
2.759657986462116241e-02
2.747192233800888062e-02
2.749861590564250946e-02
2.701587416231632233e-02
2.644059062004089355e-02
2.553081698715686798e-02
2.504563890397548676e-02
2.458802238106727600e-02
2.621470764279365540e-02
2.510649897158145905e-02
2.493677102029323578e-02
2.566018514335155487e-02
2.376406453549861908e-02
2.484030835330486298e-02
2.409148775041103363e-02
2.456545084714889526e-02
2.348499186336994171e-02
2.403284236788749695e-02
2.374812029302120209e-02
2.355432324111461639e-02
2.262915298342704773e-02
2.351748943328857422e-02
2.360642142593860626e-02
2.239911258220672607e-02
2.368545718491077423e-02
