5.585842132568359375e-01
6.911118030548095703e-01
8.117949962615966797e-01
8.774364590644836426e-01
8.966708183288574219e-01
9.039242863655090332e-01
9.058238863945007324e-01
9.071576595306396484e-01
9.081263542175292969e-01
9.086927175521850586e-01
9.114196300506591797e-01
9.116611480712890625e-01
9.141071438789367676e-01
9.139848351478576660e-01
9.133180975914001465e-01
9.150763750076293945e-01
9.158636331558227539e-01
9.159030318260192871e-01
9.176817536354064941e-01
9.184495806694030762e-01
9.187119007110595703e-01
9.188734292984008789e-01
9.202482104301452637e-01
9.218224287033081055e-01
9.225293993949890137e-01
9.227923750877380371e-01
9.232170581817626953e-01
9.238422513008117676e-01
9.242675900459289551e-01
9.254792928695678711e-01
9.246503710746765137e-01
9.256606101989746094e-01
9.257008433341979980e-01
9.265294671058654785e-01
9.276610612869262695e-01
9.273173213005065918e-01
9.284483194351196289e-01
9.286099076271057129e-01
9.274387359619140625e-01
9.279834032058715820e-01
9.295393228530883789e-01
9.290341138839721680e-01
9.294787049293518066e-01
9.305084347724914551e-01
9.297015070915222168e-01
9.301863312721252441e-01
9.315582513809204102e-01
9.326703548431396484e-01
9.309130907058715820e-01
9.315189719200134277e-01
9.328317046165466309e-01
9.318420886993408203e-01
9.324681162834167480e-01
9.343873262405395508e-01
9.351949691772460938e-01
9.345897436141967773e-01
9.343674778938293457e-01
9.351745247840881348e-01
9.363666772842407227e-01
9.354578256607055664e-01
9.366096258163452148e-01
9.375786781311035156e-01
9.369728565216064453e-01
9.375384449958801270e-01
9.386898875236511230e-01
9.384670853614807129e-01
9.383869171142578125e-01
9.398409128189086914e-01
9.399018883705139160e-01
9.398421645164489746e-01
9.405685663223266602e-01
9.409530162811279297e-01
9.417402148246765137e-01
9.413772821426391602e-01
9.425680041313171387e-01
9.410933256149291992e-01
9.416793584823608398e-01
9.421638846397399902e-01
9.435577988624572754e-01
9.432552456855773926e-01
9.442855715751647949e-01
9.443053007125854492e-01
9.444670677185058594e-01
9.440630078315734863e-01
9.455174803733825684e-01
9.458002448081970215e-01
9.460431337356567383e-01
9.459411501884460449e-01
9.460222125053405762e-01
9.464668631553649902e-01
9.459820389747619629e-01
9.468101859092712402e-01
9.476991891860961914e-01
9.472553133964538574e-01
9.482842087745666504e-01
9.473354220390319824e-01
9.475377202033996582e-01
9.178428649902343750e-01
9.176980257034301758e-01
9.176642298698425293e-01
9.185974597930908203e-01
9.178168177604675293e-01
9.177845716476440430e-01
9.175051450729370117e-01
9.184522628784179688e-01
9.181034564971923828e-01
9.204815030097961426e-01
9.206806421279907227e-01
9.206370115280151367e-01
9.218857884407043457e-01
9.219121336936950684e-01
9.219117164611816406e-01
9.224000573158264160e-01
9.229211211204528809e-01
9.224257469177246094e-01
9.215103983879089355e-01
9.224896430969238281e-01
9.237375259399414062e-01
9.237839579582214355e-01
9.242584705352783203e-01
9.233521223068237305e-01
9.243613481521606445e-01
9.250839352607727051e-01
9.247732162475585938e-01
9.257894158363342285e-01
9.256113171577453613e-01
9.260942339897155762e-01
9.266059994697570801e-01
9.268730282783508301e-01
9.274203181266784668e-01
9.275147914886474609e-01
9.269320964813232422e-01
9.277943968772888184e-01
9.282695055007934570e-01
9.280477762222290039e-01
9.287276864051818848e-01
9.283837080001831055e-01
9.287341237068176270e-01
9.289745688438415527e-01
9.295702576637268066e-01
9.300340414047241211e-01
9.296789765357971191e-01
9.310229420661926270e-01
9.316210150718688965e-01
9.314498901367187500e-01
9.322432875633239746e-01
9.322494864463806152e-01
9.323946833610534668e-01
9.324724078178405762e-01
9.328197836875915527e-01
9.322817921638488770e-01
9.332455992698669434e-01
9.333415627479553223e-01
9.336623549461364746e-01
9.337733387947082520e-01
9.336779713630676270e-01
9.333338141441345215e-01
9.335644245147705078e-01
9.341214299201965332e-01
9.348127245903015137e-01
9.349475502967834473e-01
9.358661174774169922e-01
9.352701902389526367e-01
9.359615445137023926e-01
9.365072250366210938e-01
9.360506534576416016e-01
9.361587762832641602e-01
9.374923110008239746e-01
9.366984367370605469e-01
9.374649524688720703e-01
9.373830556869506836e-01
9.363480806350708008e-01
