7.830183506011962891e-01
8.339443206787109375e-01
8.580567836761474609e-01
8.726208209991455078e-01
8.827483057975769043e-01
8.910750746726989746e-01
8.983730673789978027e-01
8.990162014961242676e-01
9.052211642265319824e-01
9.059929251670837402e-01
9.092720746994018555e-01
9.120048284530639648e-01
9.139017462730407715e-01
9.156378507614135742e-01
9.164093732833862305e-01
9.202353358268737793e-01
9.211356043815612793e-01
9.227108955383300781e-01
9.217143058776855469e-01
9.221321344375610352e-01
9.220036268234252930e-01
9.249615073204040527e-01
9.285622239112854004e-01
9.284656643867492676e-01
9.291730523109436035e-01
9.282729625701904297e-01
9.311020970344543457e-01
9.318094849586486816e-01
9.313914775848388672e-01
9.332239627838134766e-01
9.309734702110290527e-01
9.344457983970642090e-01
9.342850446701049805e-01
9.334489107131958008e-01
9.349922537803649902e-01
9.360530972480773926e-01
9.364068508148193359e-01
9.367604851722717285e-01
9.379822611808776855e-01
9.375643134117126465e-01
9.393969178199768066e-01
9.365032315254211426e-01
9.398148059844970703e-01
9.396541714668273926e-01
9.379500746726989746e-01
9.396218657493591309e-01
9.417437911033630371e-01
9.406185746192932129e-01
9.410686492919921875e-01
9.396862387657165527e-01
9.421296119689941406e-01
9.409080147743225098e-01
9.406508207321166992e-01
9.429976344108581543e-01
9.438334703445434570e-01
9.421939253807067871e-01
9.410043358802795410e-01
9.429333806037902832e-01
9.405543208122253418e-01
9.416795372962951660e-01
9.436085820198059082e-01
9.438015222549438477e-01
9.449589252471923828e-01
9.439942240715026855e-01
9.454411268234252930e-01
9.437371492385864258e-01
9.448302984237670898e-01
9.451195001602172852e-01
9.440264701843261719e-01
9.451518654823303223e-01
9.439300894737243652e-01
9.446051716804504395e-01
9.442836642265319824e-01
9.451515674591064453e-01
9.475308060646057129e-01
9.462447166442871094e-01
9.461805820465087891e-01
9.459233880043029785e-01
9.451517462730407715e-01
9.461162686347961426e-01
9.466305375099182129e-01
9.475309848785400391e-01
9.456661939620971680e-01
9.465664029121398926e-01
9.473701715469360352e-01
9.474987387657165527e-01
9.470164775848388672e-01
9.477236866950988770e-01
9.469521641731262207e-01
9.487203955650329590e-01
9.486240148544311523e-01
9.479165673255920410e-01
9.473059177398681641e-01
9.493955969810485840e-01
9.474022388458251953e-01
9.486881494522094727e-01
9.489776492118835449e-01
9.489132761955261230e-01
9.482380747795104980e-01
9.495241641998291016e-01
9.146512150764465332e-01
9.143820405006408691e-01
9.159783720970153809e-01
9.152599573135375977e-01
9.156188964843750000e-01
9.170358777046203613e-01
9.179337620735168457e-01
9.177643060684204102e-01
9.177543520927429199e-01
9.183226823806762695e-01
9.184025526046752930e-01
9.190013408660888672e-01
9.187718629837036133e-01
9.199994206428527832e-01
9.198395013809204102e-01
9.206874370574951172e-01
9.198796153068542480e-01
9.202984571456909180e-01
9.206677079200744629e-01
9.217452406883239746e-01
9.203382730484008789e-01
9.222540259361267090e-01
9.212962985038757324e-01
9.218451976776123047e-01
9.219349026679992676e-01
9.230523109436035156e-01
9.224237799644470215e-01
9.231321215629577637e-01
9.229425787925720215e-01
9.241898655891418457e-01
9.237408638000488281e-01
9.230124950408935547e-01
9.241098165512084961e-01
9.236610531806945801e-01
9.253272414207458496e-01
9.245391488075256348e-01
9.254469871520996094e-01
9.248485565185546875e-01
9.255667328834533691e-01
9.244793653488159180e-01
9.253870844841003418e-01
9.261254668235778809e-01
9.276919960975646973e-01
9.281208515167236328e-01
9.268440008163452148e-01
9.278117418289184570e-01
9.265545606613159180e-01
9.273228049278259277e-01
9.287898540496826172e-01
9.281209111213684082e-01
9.279314279556274414e-01
9.286897778511047363e-01
9.281411170959472656e-01
9.293384552001953125e-01
9.295578598976135254e-01
9.294577240943908691e-01
9.297874569892883301e-01
9.302362799644470215e-01
9.300366044044494629e-01
9.298473000526428223e-01
9.292187094688415527e-01
9.304357767105102539e-01
9.305257797241210938e-01
9.301166534423828125e-01
9.302861094474792480e-01
9.315036535263061523e-01
9.315533041954040527e-01
9.319724440574645996e-01
9.319026470184326172e-01
9.328702688217163086e-01
9.326209425926208496e-01
9.323414564132690430e-01
9.331097006797790527e-01
9.333695173263549805e-01
9.331198334693908691e-01
9.337182641029357910e-01
9.327907562255859375e-01
9.330698847770690918e-01
9.343371987342834473e-01
9.337883591651916504e-01
9.337882399559020996e-01
9.339582324028015137e-01
9.333993196487426758e-01
9.348161220550537109e-01
9.343870282173156738e-01
9.355744123458862305e-01
9.347960352897644043e-01
9.347164034843444824e-01
9.350356459617614746e-01
9.358137249946594238e-01
9.346564412117004395e-01
9.358636140823364258e-01
9.359732270240783691e-01
9.375100135803222656e-01
9.352848529815673828e-01
9.366917014122009277e-01
9.364423155784606934e-01
9.361432790756225586e-01
9.375299215316772461e-01
9.372005462646484375e-01
