4.393082688795402646e+01
5.930635766685009003e+01
7.075533123384229839e+01
8.197408493794500828e+01
9.758569764485582709e+01
1.087566068558953702e+02
1.242730973018333316e+02
1.351293367499019951e+02
1.463233083789236844e+02
1.577244081329554319e+02
1.735332993830088526e+02
1.846044243760406971e+02
2.003849034898448735e+02
2.160733621239196509e+02
2.273773738299496472e+02
2.386752856769599020e+02
2.499367595028597862e+02
2.658024807989131659e+02
2.814100471818819642e+02
2.930384613689966500e+02
3.044018952548503876e+02
3.197999536029528826e+02
3.308742571529000998e+02
3.423260516868904233e+02
3.577796290309634060e+02
3.735417759239207953e+02
3.894033937270287424e+02
4.005528332260437310e+02
4.118261134990025312e+02
4.275411125640384853e+02
4.434195810728706419e+02
4.547653475839179009e+02
4.705641996189951897e+02
4.820468946208711714e+02
4.935162507218774408e+02
5.092729943208396435e+02
5.250887198969721794e+02
5.365784529789816588e+02
5.524119999469257891e+02
5.679675980359315872e+02
5.834889275168534368e+02
5.946978777798358351e+02
6.059975753098260611e+02
6.171640155960340053e+02
6.325725250649265945e+02
6.436369317239150405e+02
6.548235212939325720e+02
6.664341752510517836e+02
6.820692186348605901e+02
6.935387498668860644e+02
7.091560672889463603e+02
7.202081737839616835e+02
7.316884651728905737e+02
7.429523702948354185e+02
7.544955356610007584e+02
7.701257551019079983e+02
7.816377046809066087e+02
7.978886191500350833e+02
8.136098368549719453e+02
8.251629805199336261e+02
8.409039666289463639e+02
8.525471470060292631e+02
8.640388580739963800e+02
8.794667941478546709e+02
8.909168356568552554e+02
9.025260990569368005e+02
9.182666524909436703e+02
9.295922725468408316e+02
9.411063971819821745e+02
9.568798571380320936e+02
9.681744133809115738e+02
9.837465830428991467e+02
9.992731699559371918e+02
1.014721434511011466e+03
1.025949584723915905e+03
1.037443792931037024e+03
1.053084162995917723e+03
1.069104253270896152e+03
1.080343895297031850e+03
1.091806840044911951e+03
1.103064758275868371e+03
1.114594551202841103e+03
1.130441726756980643e+03
1.142067427109926939e+03
1.157643950985977426e+03
1.173518569268984720e+03
1.184628119779052213e+03
1.195980688601965085e+03
1.207178686592029408e+03
1.222787921895040199e+03
1.238470730063971132e+03
1.249931698509026319e+03
1.261270418322877958e+03
1.276997119420906529e+03
1.292631078586913645e+03
1.308429909569909796e+03
1.324179430371848866e+03
1.335491750476881862e+03
1.351683352811960503e+03
1.363008557891007513e+03
1.382276397985871881e+03
1.406427753685973585e+03
1.430751359626883641e+03
1.454945160599891096e+03
1.479134927771054208e+03
1.503197836486855522e+03
1.522386264815926552e+03
1.546608282260829583e+03
1.566784497671993449e+03
1.590952165551949292e+03
1.615114103990839794e+03
1.639200114934938028e+03
1.658712800589855760e+03
1.678658047909848392e+03
1.702989798243856058e+03
1.722524787206901237e+03
1.742055157496826723e+03
1.766278455399908125e+03
1.785774575007846579e+03
1.805598773343954235e+03
1.829967349956044927e+03
1.849450806959997863e+03
1.868908176302909851e+03
1.888319643822032958e+03
1.912706362556898966e+03
1.932016903959913179e+03
1.951422660534037277e+03
1.975711898960871622e+03
1.995498701429925859e+03
2.015196855216054246e+03
2.035148160962853581e+03
2.059618109416915104e+03
2.079300537907052785e+03
2.103495711138006300e+03
2.122731935529038310e+03
2.142149077431997284e+03
2.162009141902904958e+03
2.181806271904846653e+03
2.206316336055053398e+03
2.225959939925000072e+03
2.250066244545858353e+03
2.269395681263878942e+03
2.293877765482990071e+03
2.313335690463893116e+03
2.337919565940974280e+03
2.357248459388036281e+03
2.376804486733861268e+03
2.401547204138012603e+03
2.421112618230981752e+03
2.440809920727973804e+03
2.460510879887035117e+03
2.480283609295962378e+03
2.504807051553856581e+03
2.524875658493023366e+03
2.549621667488943785e+03
2.569560834979871288e+03
2.589439640638884157e+03
2.614148902171989903e+03
2.638419819485861808e+03
2.658326029264833778e+03
2.677845657348865643e+03
2.697637170815840364e+03
2.721991902547888458e+03
2.746342654689913616e+03
2.766091667818836868e+03
2.790472566003911197e+03
2.814895053592976183e+03
2.834562787767965347e+03
2.854064884950872511e+03
2.873901160205947235e+03
2.898265502866823226e+03
2.918515314580872655e+03
2.938442741513019428e+03
2.962999250094871968e+03
2.982747915909858420e+03
3.002409876620862633e+03
3.026991347518051043e+03
3.046574463977944106e+03
3.066540056396974251e+03
3.091345649190945551e+03
3.115858249039854854e+03
3.140637975300895050e+03
3.160670890546869487e+03
3.180339989174855873e+03
3.204752598502906039e+03
3.229078057039994746e+03
3.249077345103956759e+03
3.268824448942905292e+03
3.288676307800924405e+03
3.308443578877020627e+03
3.328310261826030910e+03
3.352817729675909504e+03
3.377530791093828157e+03
3.397133413638919592e+03
3.421582419377053156e+03
3.446020978391868994e+03
3.465927836881019175e+03
3.490540675442898646e+03
3.515094383275834844e+03
3.534431404495844617e+03
