7.353957599999830563e+00
1.343226430000004257e+01
1.962718929999982720e+01
2.564841969999997673e+01
3.164686990000018341e+01
3.774955270000009477e+01
4.407870240000011108e+01
5.008620550000023286e+01
5.618297859999984212e+01
6.224318149999999150e+01
6.832035790000009001e+01
7.445451670000011291e+01
8.020487890000003972e+01
8.601372339999988981e+01
9.230180400000017471e+01
9.817237100000011196e+01
1.042494458999999551e+02
1.102273654000000533e+02
1.160858468999999786e+02
1.219469245999998748e+02
1.276930692999999337e+02
1.337373771000002307e+02
1.399868673000000854e+02
1.456656447000000298e+02
1.517223678999998810e+02
1.575893922000000202e+02
1.635325475999998162e+02
1.694342353000001822e+02
1.753852513000001636e+02
1.814081108000000313e+02
1.873091878000000179e+02
1.931327691999999843e+02
1.990011371999999028e+02
2.048359988000001977e+02
2.107911318000001302e+02
2.167120724999999766e+02
2.225692786999998134e+02
2.283849006000000372e+02
2.348556785999999192e+02
2.406918193000001338e+02
2.465767053999998097e+02
2.525534501000001910e+02
2.583962203999999474e+02
2.641315936000000875e+02
2.702764996999999312e+02
2.762079674999999952e+02
2.821643619000001308e+02
2.881798020999999608e+02
2.939931357000000389e+02
3.000035293000000820e+02
3.058889626999998654e+02
3.117594967999998516e+02
3.174589712000001782e+02
3.235783369000000675e+02
3.296174869000001308e+02
3.359612419999998565e+02
3.418065053999998781e+02
3.475691234000000804e+02
3.538085439000001315e+02
3.594460866999997961e+02
3.655176388999998380e+02
3.716068564000001970e+02
3.774368331000000580e+02
3.836740186000001813e+02
3.897905556000000615e+02
3.956037101000001712e+02
4.015508199999999306e+02
4.075830495999998675e+02
4.136951998999998068e+02
4.196547878000001219e+02
4.257163137000002280e+02
4.316958935000002384e+02
4.377699548999999024e+02
4.441712649999999485e+02
4.502418109000000186e+02
4.563076689999998052e+02
4.624655627000001914e+02
4.684296982999999273e+02
4.745507403000001432e+02
4.806727185999998255e+02
4.866309129000001121e+02
4.927210528999999042e+02
4.987970116000001326e+02
5.046175511000001279e+02
5.108887138000000050e+02
5.169775654000000031e+02
5.230485096000002159e+02
5.291485877999998593e+02
5.352332802999999330e+02
5.411910296000000926e+02
5.472305829000001722e+02
5.536575810999997884e+02
5.597205334999998740e+02
5.657205631000001631e+02
5.718035294000001159e+02
5.777392777000000024e+02
5.838638835000001563e+02
6.012045942999998260e+02
6.194394412999999986e+02
6.371877293000002282e+02
6.546204999000001408e+02
6.729049195000002328e+02
6.911577649999999267e+02
7.088671909999998206e+02
7.265864409000000705e+02
7.444048041000000921e+02
7.618924827999999252e+02
7.801172501000000921e+02
7.977073295000000144e+02
8.160125621000001956e+02
8.341052505000002384e+02
8.523538896999998542e+02
8.703183594000001904e+02
8.879157362000000830e+02
9.060156234999999469e+02
9.245155856000001222e+02
9.425939991999998711e+02
9.612648958999998285e+02
9.796817191999998613e+02
9.976637488999999732e+02
1.016327280200000132e+03
1.034477242299999943e+03
1.052298757600000044e+03
1.070425506200000200e+03
1.088050124599999890e+03
1.106735017900000003e+03
1.124769248000000061e+03
1.142208702200000062e+03
1.160565672799999902e+03
1.178704793500000051e+03
1.196646015700000135e+03
1.214826950900000156e+03
1.232921697499999937e+03
1.250816852699999799e+03
1.269808619100000215e+03
1.288235566400000152e+03
1.306491100600000209e+03
1.324673260399999890e+03
1.342798066800000015e+03
1.361457170300000143e+03
1.379647838899999897e+03
1.397879960300000221e+03
1.416797731499999827e+03
1.435128318800000216e+03
1.453332233600000109e+03
1.472145774200000233e+03
1.490577157700000043e+03
1.509131445200000144e+03
1.527715441800000008e+03
1.546113077999999859e+03
1.564685472399999981e+03
1.583808897800000068e+03
1.602440116799999942e+03
1.621683329699999831e+03
1.640437957099999949e+03
1.659380008900000121e+03
1.678128420399999868e+03
1.697080774000000019e+03
1.715766921500000080e+03
1.734906735099999878e+03
1.753702009499999804e+03
1.772139297799999895e+03
1.791213249700000233e+03
1.810204368700000032e+03
1.829359088900000188e+03
1.848360844700000143e+03
1.867577432399999907e+03
1.887112638799999786e+03
1.906090052699999887e+03
1.924982800199999929e+03
1.943984519799999816e+03
1.963363068400000429e+03
1.982031136199999764e+03
2.000979577700000391e+03
2.019657606799999940e+03
2.038539009999999962e+03
2.057939803499999925e+03
2.077106315800000175e+03
2.095584129000000303e+03
2.115028242599999885e+03
2.133874849600000289e+03
2.153439383700000235e+03
2.172396731600000294e+03
2.191413108700000066e+03
2.210366694900000311e+03
2.229804645400000027e+03
2.248962993499999811e+03
2.267946203500000138e+03
2.286968733899999734e+03
2.306185205600000245e+03
2.325262712299999748e+03
2.344505983499999729e+03
2.363857533099999728e+03
2.382745510500000364e+03
2.402701818899999580e+03
2.422062975600000300e+03
2.441286620499999572e+03
