1.388805296999999825e+02
1.424114600999999993e+02
1.459531251999999881e+02
1.494729917999999884e+02
1.529984417999999948e+02
1.565471555999999964e+02
1.600781570000000045e+02
1.636121675999999923e+02
1.671422450000000026e+02
1.706850464000000045e+02
1.742573372999999890e+02
1.777875948999999878e+02
1.813213089999999852e+02
1.848751507000000061e+02
1.884099974000000088e+02
1.919419113999999809e+02
1.954748969999999986e+02
5.777265608000000157e+02
5.887691091000000370e+02
5.998547226000000592e+02
6.109144535000000360e+02
6.220420480999999882e+02
6.330832179999999880e+02
6.442378803999999946e+02
6.554090458000000581e+02
6.664501763000000665e+02
6.777032212000000300e+02
6.887309169999999767e+02
6.998558444000000236e+02
7.120176801999999725e+02
