8.753790259361267090e-01
8.744946122169494629e-01
8.754898905754089355e-01
8.851808309555053711e-01
9.300508499145507812e-01
9.417296648025512695e-01
9.509941339492797852e-01
9.576708078384399414e-01
9.604641795158386230e-01
9.613008499145507812e-01
9.617424607276916504e-01
9.613794684410095215e-01
9.617264270782470703e-01
9.618055224418640137e-01
9.610950946807861328e-01
9.627212285995483398e-01
9.618843793869018555e-01
9.625948071479797363e-01
9.626417756080627441e-01
9.618999958038330078e-01
9.625787138938903809e-01
9.633364677429199219e-01
9.640151858329772949e-01
9.612057209014892578e-01
9.312749505043029785e-01
9.369474649429321289e-01
9.395799636840820312e-01
9.399924874305725098e-01
9.402360320091247559e-01
9.411818981170654297e-01
9.424557685852050781e-01
9.433240890502929688e-01
9.441511631011962891e-01
9.449293613433837891e-01
9.450442790985107422e-01
9.457437396049499512e-01
9.453302621841430664e-01
9.454360604286193848e-01
9.458380341529846191e-01
9.463393092155456543e-01
9.465224742889404297e-01
9.480236172676086426e-01
9.463928937911987305e-01
9.485003948211669922e-01
9.480286240577697754e-01
9.479247927665710449e-01
9.481822252273559570e-01
9.479547739028930664e-01
9.483073353767395020e-01
9.481185674667358398e-01
9.493077993392944336e-01
9.495363235473632812e-01
9.487742185592651367e-01
9.500651955604553223e-01
9.494378566741943359e-01
9.496656060218811035e-01
9.495657086372375488e-01
9.491598010063171387e-01
9.499726891517639160e-01
9.507066011428833008e-01
9.491546750068664551e-01
9.497749805450439453e-01
9.502937793731689453e-01
9.508979916572570801e-01
9.509349465370178223e-01
9.497181773185729980e-01
9.497038125991821289e-01
