1.775637716054916382e-01
5.030671879649162292e-02
1.473853737115859985e-02
9.693432599306106567e-03
7.776281330734491348e-03
6.845115683972835541e-03
5.844230297952890396e-03
5.842096637934446335e-03
5.447420757263898849e-03
5.020828917622566223e-03
5.080543924123048782e-03
4.697899799793958664e-03
4.687637090682983398e-03
4.627295304089784622e-03
4.641851875931024551e-03
4.244220908731222153e-03
4.172141198068857193e-03
4.375739954411983490e-03
4.292113706469535828e-03
4.216763656586408615e-03
4.034718032926321030e-03
4.107182379812002182e-03
3.855329239740967751e-03
3.622736549004912376e-03
3.423000453040003777e-03
3.633124986663460732e-03
3.284378210082650185e-03
3.375445026904344559e-03
3.198866965249180794e-03
3.509717993438243866e-03
3.426345996558666229e-03
3.164433874189853668e-03
3.157240105792880058e-03
3.200097475200891495e-03
3.224648768082261086e-03
3.228955902159214020e-03
3.035217523574829102e-03
3.118256106972694397e-03
2.895704470574855804e-03
2.900797408074140549e-03
2.840139437466859818e-03
2.789563499391078949e-03
2.665451262146234512e-03
2.883385634049773216e-03
6.839680951088666916e-03
5.178628489375114441e-03
4.486767109483480453e-03
4.147700034081935883e-03
3.893751185387372971e-03
3.640231676399707794e-03
3.541029756888747215e-03
3.459572559222579002e-03
3.388860495761036873e-03
3.253053640946745872e-03
3.190204966813325882e-03
3.152983961626887321e-03
3.104268573224544525e-03
2.899068873375654221e-03
3.011841094121336937e-03
2.858197316527366638e-03
2.742448821663856506e-03
2.887431299313902855e-03
2.765665529295802116e-03
2.709736349061131477e-03
2.710587345063686371e-03
2.643421525135636330e-03
2.802609466016292572e-03
2.717364346608519554e-03
2.636635908856987953e-03
2.633785363286733627e-03
2.568012569099664688e-03
2.675755647942423820e-03
2.604530658572912216e-03
2.659376943483948708e-03
