9.695226799998636125e+00
1.883973390000028303e+01
2.818576020000182325e+01
3.729295930000080261e+01
4.643480629999976372e+01
5.594654159999845433e+01
6.509544140000070911e+01
7.431298519999836572e+01
8.348844319999989239e+01
9.256115420000060112e+01
1.016191772999991372e+02
1.108251789999994799e+02
1.200000695000017004e+02
1.290700380000016594e+02
1.382831799999985378e+02
1.473631907999988471e+02
1.564077118999994127e+02
1.657653909000000567e+02
1.748791731000019354e+02
1.838782734999986133e+02
1.930251121000001149e+02
2.021344972000006237e+02
2.111864703999999620e+02
2.203394766999990679e+02
2.293889854000008199e+02
2.383873759000016435e+02
2.475191545999987284e+02
2.565717503000014403e+02
2.655803319000006013e+02
2.749807418999989750e+02
2.840155396000009205e+02
2.929731857000006130e+02
3.021056070999984513e+02
3.111229523000001791e+02
3.200375676000003295e+02
3.290533140000006824e+02
3.379893635000007635e+02
3.469254149000007601e+02
3.560846812000017962e+02
3.650960497999985819e+02
3.740344736000006378e+02
3.834283952000005229e+02
3.923533009999991918e+02
4.012618610999998054e+02
4.242619551999996474e+02
4.476170832999996492e+02
4.707722785000005388e+02
4.942894984999984445e+02
5.179736535000010917e+02
5.414860340999985056e+02
5.650135106000016094e+02
5.882467445000002044e+02
6.115080616000013833e+02
6.349886588000008487e+02
6.584921586000018578e+02
6.819369869000001927e+02
7.054718362999992678e+02
7.288973600999997871e+02
7.521027279000009003e+02
7.754323695999992196e+02
7.986068722000018170e+02
8.218834341000001587e+02
8.456681114999992133e+02
8.688844744000016362e+02
8.921658906000011484e+02
9.155991608000003907e+02
9.390226263000004110e+02
9.622267734999986715e+02
9.858082789000000048e+02
1.009213918000001286e+03
1.032381979300000239e+03
1.055711068399999931e+03
1.079090032500000234e+03
1.102211577499998384e+03
