5.612312555313110352e-01
6.030982732772827148e-01
6.278044581413269043e-01
6.400908231735229492e-01
6.536458134651184082e-01
6.669337153434753418e-01
6.738782525062561035e-01
6.907051801681518555e-01
6.912392973899841309e-01
7.049946188926696777e-01
7.110042572021484375e-01
7.222889661788940430e-01
7.267628312110900879e-01
7.359107136726379395e-01
7.492656111717224121e-01
7.550079822540283203e-01
7.598825097084045410e-01
7.664931416511535645e-01
7.740383744239807129e-01
7.807158231735229492e-01
7.875267267227172852e-01
7.874599099159240723e-01
7.956062555313110352e-01
7.997462749481201172e-01
8.122329115867614746e-01
8.136351704597473145e-01
8.164395689964294434e-01
8.187099099159240723e-01
8.271901607513427734e-01
8.251870274543762207e-01
8.345352411270141602e-01
8.394764661788940430e-01
8.468883037567138672e-01
8.478899598121643066e-01
8.534989953041076660e-01
8.576387763023376465e-01
8.621127009391784668e-01
8.654513955116271973e-01
8.690570592880249023e-01
8.682559132575988770e-01
8.742655515670776367e-01
8.814102411270141602e-01
8.852831125259399414e-01
8.808091878890991211e-01
8.874198198318481445e-01
8.900241255760192871e-01
8.920272588729858398e-01
8.967013955116271973e-01
9.007746577262878418e-01
8.991719484329223633e-01
9.025774002075195312e-01
9.038461446762084961e-01
9.119257330894470215e-01
9.080528616905212402e-01
9.125267863273620605e-01
9.180688858032226562e-01
9.144630432128906250e-01
9.146635532379150391e-01
9.166666269302368164e-01
9.185362458229064941e-01
9.254140257835388184e-01
9.230768680572509766e-01
9.259481430053710938e-01
9.277511239051818848e-01
9.286858439445495605e-01
9.274839162826538086e-01
9.314903616905212402e-01
9.289531111717224121e-01
9.322916269302368164e-01
9.292200803756713867e-01
9.364983439445495605e-01
9.346287250518798828e-01
9.354299306869506836e-01
9.369658231735229492e-01
9.406383037567138672e-01
9.370325803756713867e-01
9.407050609588623047e-01
9.399037957191467285e-01
9.408387541770935059e-01
9.413061141967773438e-01
9.406384229660034180e-01
9.419737458229064941e-01
9.427084326744079590e-01
9.427083134651184082e-01
9.427751302719116211e-01
9.411725997924804688e-01
9.474493265151977539e-01
9.441106319427490234e-01
9.453793168067932129e-01
9.464476704597473145e-01
9.456463456153869629e-01
9.469818472862243652e-01
9.457798600196838379e-01
9.463809132575988770e-01
9.471153616905212402e-01
9.470486044883728027e-01
9.466480016708374023e-01
9.493857026100158691e-01
9.488514661788940430e-01
9.499199390411376953e-01
9.058260321617126465e-01
9.113573431968688965e-01
9.166060090065002441e-01
9.188671708106994629e-01
9.181605577468872070e-01
9.243175387382507324e-01
9.269419908523559570e-01
9.258115291595458984e-01
9.289606809616088867e-01
9.291222095489501953e-01
9.315245747566223145e-01
9.311815500259399414e-01
9.358244538307189941e-01
9.362079501152038574e-01
9.365110397338867188e-01
9.352794289588928223e-01
9.359253048896789551e-01
9.368742108345031738e-01
9.342700242996215820e-01
9.388120174407958984e-01
9.416387081146240234e-01
9.418000578880310059e-01
9.430716633796691895e-01
9.407299757003784180e-01
9.441617727279663086e-01
9.425670504570007324e-01
9.424864053726196289e-01
9.416990280151367188e-01
9.434351325035095215e-01
9.450701475143432617e-01
9.467256069183349609e-01
9.460796117782592773e-01
9.462612271308898926e-01
9.452923536300659180e-01
9.477148652076721191e-01
9.486029148101806641e-01
9.469680190086364746e-01
9.497737288475036621e-01
9.484819769859313965e-01
9.494307637214660645e-01
9.484416246414184570e-01
9.488654136657714844e-01
9.483001828193664551e-01
9.480175375938415527e-01
9.492894411087036133e-01
9.519339203834533691e-01
9.506620168685913086e-01
9.493903517723083496e-01
9.494915604591369629e-01
9.513688087463378906e-01
9.509244561195373535e-01
9.517927765846252441e-01
9.507831931114196777e-01
9.520146846771240234e-01
9.514089226722717285e-01
9.525195360183715820e-01
9.519138932228088379e-01
9.522770643234252930e-01
9.532866477966308594e-01
9.535894393920898438e-01
9.528221487998962402e-01
9.552446603775024414e-01
9.535489678382873535e-01
9.529634714126586914e-01
9.539124369621276855e-01
9.537507891654968262e-01
9.542552828788757324e-01
9.548811912536621094e-01
9.554265141487121582e-01
9.559109807014465332e-01
9.556080102920532227e-01
9.567989110946655273e-01
9.569202065467834473e-01
9.584746956825256348e-01
9.583737850189208984e-01
9.588176608085632324e-01
9.591205716133117676e-01
9.618054032325744629e-01
9.603925347328186035e-01
9.611394405364990234e-01
9.587572813034057617e-01
9.600695371627807617e-01
9.605337381362915039e-01
9.617651104927062988e-01
9.617449641227722168e-01
9.610181450843811035e-01
9.626737236976623535e-01
9.612604975700378418e-01
9.624112248420715332e-01
9.617449641227722168e-01
9.642884135246276855e-01
9.622295498847961426e-01
9.629562497138977051e-01
9.629358649253845215e-01
9.623102545738220215e-01
9.628149271011352539e-01
9.625725746154785156e-01
9.620680809020996094e-01
9.621690511703491211e-01
9.634811282157897949e-01
