2.678702175617218018e-01
2.477626502513885498e-01
2.358078956604003906e-01
2.292564958333969116e-01
2.218554913997650146e-01
2.165914177894592285e-01
2.110692411661148071e-01
2.051494717597961426e-01
2.013012319803237915e-01
1.987871378660202026e-01
1.963514536619186401e-01
1.922585070133209229e-01
1.893088519573211670e-01
1.854797303676605225e-01
1.808984279632568359e-01
1.788956820964813232e-01
1.764296591281890869e-01
1.745143532752990723e-01
1.713657230138778687e-01
1.680875867605209351e-01
1.662773936986923218e-01
1.647638976573944092e-01
1.620955765247344971e-01
1.600898653268814087e-01
1.564119905233383179e-01
1.556046307086944580e-01
1.547800898551940918e-01
1.526683568954467773e-01
1.500300616025924683e-01
1.484366357326507568e-01
1.466221958398818970e-01
1.443706005811691284e-01
1.417907178401947021e-01
1.406438350677490234e-01
1.380157619714736938e-01
1.370582282543182373e-01
1.353022605180740356e-01
1.330189555883407593e-01
1.311820447444915771e-01
1.302638053894042969e-01
1.286635994911193848e-01
1.264237016439437866e-01
1.247728243470191956e-01
1.238270998001098633e-01
1.220662891864776611e-01
1.197567358613014221e-01
1.192938908934593201e-01
1.174836680293083191e-01
1.146005019545555115e-01
1.154614016413688660e-01
1.131558939814567566e-01
1.120056360960006714e-01
1.091476604342460632e-01
1.093234941363334656e-01
1.075710952281951904e-01
1.045230254530906677e-01
1.060467958450317383e-01
1.043751612305641174e-01
1.030105799436569214e-01
1.031948775053024292e-01
9.922277927398681641e-02
9.902804344892501831e-02
9.724424779415130615e-02
9.655895829200744629e-02
9.498569369316101074e-02
9.501438587903976440e-02
9.175276011228561401e-02
9.349136799573898315e-02
9.049275517463684082e-02
9.140510112047195435e-02
8.764250576496124268e-02
8.920188248157501221e-02
8.656990528106689453e-02
8.615042269229888916e-02
8.485776931047439575e-02
8.469685912132263184e-02
8.268770575523376465e-02
8.395069092512130737e-02
8.231132477521896362e-02
8.061302453279495239e-02
8.040539175271987915e-02
7.996924966573715210e-02
7.927643507719039917e-02
7.838645577430725098e-02
7.748273015022277832e-02
7.887259870767593384e-02
7.560247927904129028e-02
7.608522474765777588e-02
7.507682591676712036e-02
7.454388588666915894e-02
7.409207522869110107e-02
7.278802245855331421e-02
7.214247435331344604e-02
7.259133458137512207e-02
7.174592465162277222e-02
7.167025655508041382e-02
7.113754004240036011e-02
6.912474334239959717e-02
6.955265998840332031e-02
6.917316466569900513e-02
8.143703639507293701e-02
7.754863798618316650e-02
7.580173760652542114e-02
7.288973778486251831e-02
7.093255221843719482e-02
6.790191680192947388e-02
6.648580729961395264e-02
6.569222360849380493e-02
6.380461901426315308e-02
6.261584162712097168e-02
6.014766916632652283e-02
5.996679887175559998e-02
5.644736811518669128e-02
5.670245364308357239e-02
5.473877489566802979e-02
5.522043257951736450e-02
5.501817166805267334e-02
5.303575843572616577e-02
5.449872836470603943e-02
5.069921165704727173e-02
4.934125766158103943e-02
4.877673834562301636e-02
4.734954237937927246e-02
4.843049123883247375e-02
4.633706808090209961e-02
4.603746905922889709e-02
4.570732265710830688e-02
4.489121958613395691e-02
4.427596181631088257e-02
4.234026744961738586e-02
4.130769893527030945e-02
4.167467355728149414e-02
4.062700644135475159e-02
4.054116830229759216e-02
3.894684091210365295e-02
3.848965838551521301e-02
3.854915499687194824e-02
3.778662905097007751e-02
3.725094720721244812e-02
3.625160083174705505e-02
3.575487062335014343e-02
3.542009368538856506e-02
3.539612516760826111e-02
3.463803231716156006e-02
3.428394719958305359e-02
3.292994201183319092e-02
3.273850306868553162e-02
3.307395055890083313e-02
3.281230106949806213e-02
3.171557188034057617e-02
3.134982287883758545e-02
3.074463829398155212e-02
3.089157864451408386e-02
3.060667216777801514e-02
2.970348112285137177e-02
2.929546311497688293e-02
2.811075933277606964e-02
2.857651188969612122e-02
2.787655964493751526e-02
2.766960673034191132e-02
2.707036212086677551e-02
2.660959213972091675e-02
2.605675533413887024e-02
2.605266869068145752e-02
2.561298944056034088e-02
2.607585303485393524e-02
2.566136606037616730e-02
2.417298778891563416e-02
2.402050048112869263e-02
2.414968982338905334e-02
2.361793071031570435e-02
2.270491607487201691e-02
2.254470065236091614e-02
2.131608128547668457e-02
2.136264368891716003e-02
2.023941464722156525e-02
1.973816007375717163e-02
1.842299662530422211e-02
1.843172684311866760e-02
1.815032400190830231e-02
1.733390614390373230e-02
1.731282286345958710e-02
1.694304496049880981e-02
1.603868603706359863e-02
1.576883904635906219e-02
1.632017269730567932e-02
1.519757229834794998e-02
1.560465991497039795e-02
1.441915240138769150e-02
1.431615278124809265e-02
1.388820912688970566e-02
1.401042379438877106e-02
1.334364153444766998e-02
1.330115459859371185e-02
1.277762558311223984e-02
1.250916346907615662e-02
1.243310049176216125e-02
1.225543674081563950e-02
1.220943499356508255e-02
1.211930997669696808e-02
