5.454514026641845703e-01
5.512846708297729492e-01
5.887499451637268066e-01
6.137848496437072754e-01
5.653124451637268066e-01
6.058680415153503418e-01
6.187152266502380371e-01
6.114583611488342285e-01
6.075347661972045898e-01
6.445485949516296387e-01
6.637499332427978516e-01
6.248611211776733398e-01
6.671874523162841797e-01
6.843749880790710449e-01
7.015277743339538574e-01
7.046875953674316406e-01
6.454166173934936523e-01
6.812152862548828125e-01
7.078124880790710449e-01
7.174652814865112305e-01
7.313194870948791504e-01
6.730207800865173340e-01
7.068749070167541504e-01
7.204861640930175781e-01
7.269444465637207031e-01
7.360764145851135254e-01
7.409722805023193359e-01
6.792013645172119141e-01
7.046527266502380371e-01
7.642013430595397949e-01
7.971875667572021484e-01
8.109720349311828613e-01
8.217014074325561523e-01
8.294444084167480469e-01
8.294792175292968750e-01
8.324304819107055664e-01
8.364582061767578125e-01
7.157985568046569824e-01
7.066320776939392090e-01
7.084720730781555176e-01
6.825346350669860840e-01
7.060068249702453613e-01
7.749652862548828125e-01
7.078124880790710449e-01
6.962847113609313965e-01
7.095486521720886230e-01
7.217707633972167969e-01
6.967707872390747070e-01
7.071180939674377441e-01
7.451041936874389648e-01
7.037152051925659180e-01
7.573264241218566895e-01
7.835069894790649414e-01
6.978123188018798828e-01
