1.160920579999947222e+01
2.269376129999909608e+01
3.345252209999853221e+01
4.408034389999920677e+01
5.476857519999975921e+01
6.562083509999865782e+01
7.636625469999853522e+01
8.707892989999891142e+01
9.753309359999911976e+01
1.086136996999994153e+02
1.192684034999983851e+02
1.299658934999988560e+02
1.401899076999998215e+02
1.504317456999997376e+02
1.616082026999993104e+02
1.720950166999991779e+02
1.838425588999998581e+02
1.944018118999993021e+02
2.048607040999995661e+02
2.154681875999995100e+02
2.261184834999985469e+02
2.362464333999996597e+02
2.472335342999995191e+02
2.575380769999992481e+02
2.685602342999991379e+02
2.791013745000000199e+02
2.899434750999989774e+02
3.004359199999998964e+02
3.110446021999996447e+02
3.218427218999986508e+02
3.319302682999987155e+02
3.429471670999992057e+02
3.537861652999999933e+02
3.643824641999999585e+02
3.750175186999986181e+02
3.850653838999987784e+02
3.964321358999986842e+02
4.070811245999993844e+02
4.178548238999992464e+02
4.280566072999990865e+02
4.389120053999995434e+02
4.498594282999983989e+02
4.604320232999998552e+02
4.711368759999986651e+02
4.819733152999997401e+02
4.921755745999998908e+02
5.031931577999985166e+02
5.139962208999986615e+02
5.246578588999982458e+02
5.349086945999988529e+02
5.460781073999987711e+02
5.567408616999982769e+02
5.675348500000000058e+02
5.777926945999988675e+02
5.890564379999996163e+02
5.994968531999984407e+02
6.107544834000000264e+02
6.214274493999982951e+02
6.322974117999983719e+02
6.427846434999992198e+02
6.538310770999996748e+02
6.646802872999996907e+02
6.754154426999994030e+02
6.863817075999995723e+02
6.966561450999997760e+02
7.081439191999998002e+02
7.182591186999998172e+02
7.295970318999989104e+02
7.403710590999999113e+02
7.514402723999992304e+02
7.616511579999987589e+02
7.733151372999982414e+02
7.837557815000000119e+02
7.949229670999993687e+02
8.058202419999997801e+02
8.167192408999999316e+02
8.272045581999991555e+02
8.384784682999998040e+02
8.492547597999982827e+02
8.601006553999995958e+02
8.711470284999995783e+02
8.832443626999993285e+02
8.937008790999989287e+02
9.049543914999994740e+02
9.163327602999997907e+02
9.273270489999995334e+02
9.383440042999991419e+02
9.494428534999988187e+02
9.605073883999993996e+02
9.715616737000000285e+02
9.825895974999984901e+02
9.936642055999982404e+02
1.004745828700000857e+03
1.015794421899998270e+03
1.026399876999999833e+03
1.038045502000000852e+03
1.049210239199997886e+03
1.060275544299998728e+03
1.071153474700000515e+03
1.082579553600000509e+03
1.116672812299999350e+03
1.150929962800000794e+03
1.184607964399998309e+03
1.219899280800000270e+03
1.254613528399997449e+03
1.289128281400000560e+03
1.324094702599999437e+03
1.358751140699998359e+03
1.392992513099998177e+03
1.427584693999997398e+03
1.461791269400000601e+03
1.496299962099998083e+03
1.531191511499997432e+03
1.565728556099998968e+03
1.600133248499998444e+03
1.635264560899999196e+03
1.669916960399998061e+03
1.705782885399999941e+03
1.740533920599998964e+03
1.775242651099997602e+03
1.810027456499999971e+03
1.844443263799999841e+03
1.878842546299998503e+03
1.913892706599999656e+03
1.948285238399999798e+03
1.983083131799998228e+03
2.018557534699997632e+03
2.053578424499999528e+03
2.088879359899998235e+03
2.123446058900000935e+03
2.158644715399997949e+03
2.193958738699999230e+03
2.228782101099997817e+03
2.264390014699998574e+03
2.299569356199997856e+03
2.334857771399998455e+03
2.368957593999999517e+03
2.404977184600000328e+03
2.440068058999997447e+03
2.475551804399998218e+03
2.510897499399998196e+03
2.546013940599998023e+03
2.581411554300000716e+03
2.618625293599998258e+03
2.653875185099997907e+03
2.689193769099998462e+03
2.724675152600000729e+03
2.760053383999998914e+03
2.795239495499998156e+03
2.831216357599998446e+03
2.866530603499999415e+03
2.902210202800000843e+03
2.938233713699999498e+03
2.973343631399999140e+03
3.009816850899998826e+03
3.044968665500000498e+03
3.081328323499998078e+03
3.117067291200000909e+03
3.152151130599999306e+03
3.188432445799997367e+03
3.223620872799998324e+03
3.259703156499999750e+03
3.296088741999999911e+03
3.332336868700000196e+03
3.368308770499999810e+03
3.404339648699999088e+03
3.440363064400000439e+03
3.476756811200000811e+03
3.513787675999999919e+03
3.550374047199999040e+03
3.586720290199998999e+03
3.621653375999998389e+03
3.657943493899998430e+03
3.694409148399998230e+03
3.730354964699999982e+03
