5.787680149078369141e-01
6.285687088966369629e-01
6.555747985839843750e-01
6.813271641731262207e-01
6.980130076408386230e-01
7.164995670318603516e-01
7.244727015495300293e-01
7.380722761154174805e-01
7.462705969810485840e-01
7.518326044082641602e-01
7.589699625968933105e-01
7.679076194763183594e-01
7.708334326744079590e-01
7.807034254074096680e-01
7.844007015228271484e-01
7.920203804969787598e-01
7.967785000801086426e-01
7.993505001068115234e-01
7.998328208923339844e-01
8.052983283996582031e-01
8.111819028854370117e-01
8.156830668449401855e-01
8.208591341972351074e-01
8.241705894470214844e-01
8.276105523109436035e-01
8.322722911834716797e-01
8.366127014160156250e-01
8.369663357734680176e-01
8.400527238845825195e-01
8.480582237243652344e-01
8.487654924392700195e-01
8.544882535934448242e-01
8.536201119422912598e-01
8.595036268234252930e-01
8.620113730430603027e-01
8.643904924392700195e-01
8.679591417312622070e-01
8.696307539939880371e-01
8.760930299758911133e-01
8.783114552497863770e-01
8.802725672721862793e-01
8.823944926261901855e-01
8.850951790809631348e-01
8.886639475822448730e-01
8.922646641731262207e-01
8.957046270370483398e-01
9.002700448036193848e-01
8.992092013359069824e-01
9.004630446434020996e-01
9.048675894737243652e-01
9.064751267433166504e-01
9.060570001602172852e-01
9.132909178733825684e-01
9.172132015228271484e-01
9.180492162704467773e-01
9.154770970344543457e-01
9.206854701042175293e-01
9.208140373229980469e-01
9.220035672187805176e-01
9.266654849052429199e-01
9.281443357467651367e-01
9.291409850120544434e-01
9.303947687149047852e-01
9.310379028320312500e-01
9.321950078010559082e-01
9.324203133583068848e-01
9.350566267967224121e-01
9.380788207054138184e-01
9.373714327812194824e-01
9.386574029922485352e-01
9.400719404220581055e-01
9.403613805770874023e-01
9.441551566123962402e-01
9.407150149345397949e-01
9.446051716804504395e-01
9.474344849586486816e-01
9.438335895538330078e-01
9.468879103660583496e-01
9.479488134384155273e-01
9.467272758483886719e-01
9.509708881378173828e-01
9.526427388191223145e-01
9.519032835960388184e-01
9.506173133850097656e-01
9.525141119956970215e-01
9.535430073738098145e-01
9.537680149078369141e-01
9.549574851989746094e-01
9.520318508148193359e-01
9.555684328079223633e-01
9.561470746994018555e-01
9.565329551696777344e-01
9.566937685012817383e-01
9.568221569061279297e-01
9.567901492118835449e-01
9.574974179267883301e-01
9.573689103126525879e-01
9.577866792678833008e-01
9.595550298690795898e-01
9.584618806838989258e-01
9.285501241683959961e-01
9.301463961601257324e-01
9.322617650032043457e-01
9.317126870155334473e-01
9.319822192192077637e-01
9.333293437957763672e-01
9.325113296508789062e-01
9.339877367019653320e-01
9.350352883338928223e-01
9.345965385437011719e-01
9.352450966835021973e-01
9.360731244087219238e-01
9.361330270767211914e-01
9.365420937538146973e-01
9.357339143753051758e-01
9.371308684349060059e-01
9.372205138206481934e-01
9.381985664367675781e-01
9.371408224105834961e-01
9.379689097404479980e-01
9.382084012031555176e-01
9.379291534423828125e-01
9.387871623039245605e-01
9.393360614776611328e-01
9.392659664154052734e-01
9.393458962440490723e-01
9.402139782905578613e-01
9.409821629524230957e-01
9.398645162582397461e-01
9.403036832809448242e-01
9.403735399246215820e-01
9.422593116760253906e-01
9.400843381881713867e-01
9.398348331451416016e-01
9.397549629211425781e-01
9.417704343795776367e-01
9.414613246917724609e-01
9.415311217308044434e-01
9.417804479598999023e-01
9.413515329360961914e-01
9.398346543312072754e-01
