5.948432087898254395e-01
6.770511865615844727e-01
7.207112312316894531e-01
7.502571940422058105e-01
7.801247239112854004e-01
8.047838807106018066e-01
8.206340074539184570e-01
8.335582613945007324e-01
8.489904999732971191e-01
8.559991121292114258e-01
8.664479255676269531e-01
8.782792091369628906e-01
8.835197687149047852e-01
8.868312835693359375e-01
8.959941267967224121e-01
9.034529924392700195e-01
9.098830223083496094e-01
9.125514030456542969e-01
9.162808656692504883e-01
9.252507090568542480e-01
9.270833134651184082e-01
9.294303059577941895e-01
9.298804402351379395e-01
9.324203133583068848e-01
9.348636269569396973e-01
9.363747239112854004e-01
9.396541714668273926e-01
9.406186342239379883e-01
9.447337985038757324e-01
9.444766044616699219e-01
9.435763955116271973e-01
9.459555149078369141e-01
9.468557834625244141e-01
9.464054703712463379e-01
9.490417838096618652e-01
9.481738805770874023e-01
9.506816267967224121e-01
9.500062465667724609e-01
9.517104029655456543e-01
9.500705599784851074e-01
9.509066343307495117e-01
9.534144401550292969e-01
9.548932313919067383e-01
9.544110894203186035e-01
9.502637386322021484e-01
9.533178806304931641e-01
9.538323879241943359e-01
9.543787837028503418e-01
9.547325372695922852e-01
9.547325968742370605e-01
9.561149477958679199e-01
9.570794701576232910e-01
9.571436643600463867e-01
9.575619101524353027e-01
9.555683135986328125e-01
9.569830298423767090e-01
9.585583209991455078e-01
9.580117464065551758e-01
9.569508433341979980e-01
9.579795598983764648e-01
9.578510522842407227e-01
9.576902985572814941e-01
9.591050744056701660e-01
9.592656493186950684e-01
9.577546715736389160e-01
9.592335820198059082e-01
9.590083956718444824e-01
9.599408507347106934e-01
9.587190151214599609e-01
9.594585895538330078e-01
9.616770744323730469e-01
9.619342684745788574e-01
9.599729180335998535e-01
9.622557163238525391e-01
9.621272087097167969e-01
9.612590074539184570e-01
9.611625671386718750e-01
9.617090821266174316e-01
9.625449776649475098e-01
9.636381864547729492e-01
9.629951715469360352e-01
9.648276567459106445e-01
9.653742313385009766e-01
9.686855673789978027e-01
9.676889777183532715e-01
9.715792536735534668e-01
9.703574776649475098e-01
9.700359106063842773e-01
9.728331565856933594e-01
9.743120670318603516e-01
9.737653136253356934e-01
9.764018654823303223e-01
9.758552908897399902e-01
9.743441939353942871e-01
9.748907685279846191e-01
9.755015969276428223e-01
9.759516119956970215e-01
9.760481715202331543e-01
9.772055745124816895e-01
9.768839478492736816e-01
9.553399085998535156e-01
9.597701430320739746e-01
9.605183005332946777e-01
9.622845649719238281e-01
9.658163785934448242e-01
9.656372666358947754e-01
9.649285674095153809e-01
9.648783802986145020e-01
9.646492600440979004e-01
9.645393490791320801e-01
9.655571579933166504e-01
9.638811349868774414e-01
9.636712670326232910e-01
9.632821083068847656e-01
9.646192789077758789e-01
9.635517597198486328e-01
9.627233743667602539e-01
9.631128311157226562e-01
9.626936912536621094e-01
9.638807773590087891e-01
9.641005396842956543e-01
9.631726741790771484e-01
9.635715484619140625e-01
9.634217619895935059e-01
9.630824923515319824e-01
9.639905691146850586e-01
9.634817838668823242e-01
9.636614322662353516e-01
9.635418653488159180e-01
9.638907909393310547e-01
9.645194411277770996e-01
9.639706015586853027e-01
9.647591114044189453e-01
9.643099308013916016e-01
9.648186564445495605e-01
9.636612534523010254e-01
9.644595384597778320e-01
9.642999768257141113e-01
9.643199443817138672e-01
9.650582671165466309e-01
9.651183485984802246e-01
9.651379585266113281e-01
9.654477238655090332e-01
9.647391438484191895e-01
9.659164547920227051e-01
9.646095037460327148e-01
9.650681614875793457e-01
9.652776718139648438e-01
9.650781750679016113e-01
9.656671285629272461e-01
9.660860300064086914e-01
9.661456346511840820e-01
9.660559296607971191e-01
9.656271338462829590e-01
9.668943881988525391e-01
9.664451479911804199e-01
9.668943285942077637e-01
9.674729108810424805e-01
9.680516719818115234e-01
9.681014418601989746e-01
9.686700105667114258e-01
9.676325321197509766e-01
9.665551185607910156e-01
9.677123427391052246e-01
9.679120182991027832e-01
9.669641256332397461e-01
9.684807062149047852e-01
9.681116938591003418e-01
9.679117202758789062e-01
9.688796997070312500e-01
9.684905409812927246e-01
9.689196944236755371e-01
9.690793156623840332e-01
9.679517149925231934e-01
9.689995050430297852e-01
9.689596891403198242e-01
9.688597917556762695e-01
9.690194725990295410e-01
9.695581197738647461e-01
9.696478843688964844e-01
9.702365994453430176e-01
9.694783687591552734e-01
9.705260992050170898e-01
9.697777032852172852e-01
9.707358479499816895e-01
9.705260992050170898e-01
