2.263071686029434204e-01
1.469845622777938843e-01
8.674357086420059204e-02
5.981619283556938171e-02
5.085428804159164429e-02
4.735048487782478333e-02
4.612862691283226013e-02
4.428619518876075745e-02
4.314905777573585510e-02
4.293549433350563049e-02
4.259281605482101440e-02
4.134237021207809448e-02
4.162690415978431702e-02
4.159244522452354431e-02
4.135402292013168335e-02
4.009344428777694702e-02
3.993484377861022949e-02
4.060626029968261719e-02
3.943166881799697876e-02
3.989833220839500427e-02
3.843803331255912781e-02
3.866316750645637512e-02
3.852149099111557007e-02
3.834794089198112488e-02
3.887152671813964844e-02
3.863704949617385864e-02
3.743723407387733459e-02
3.871245309710502625e-02
3.828526660799980164e-02
3.776947781443595886e-02
3.870719298720359802e-02
5.380707234144210815e-02
5.293164402246475220e-02
5.130921676754951477e-02
5.158313363790512085e-02
5.115908384323120117e-02
5.037346482276916504e-02
4.995300993323326111e-02
4.944582283496856689e-02
4.942233860492706299e-02
4.862162470817565918e-02
4.809378460049629211e-02
4.815872758626937866e-02
4.753232002258300781e-02
4.756147041916847229e-02
4.715237393975257874e-02
4.701006785035133362e-02
4.666503891348838806e-02
4.651238024234771729e-02
4.604109004139900208e-02
4.589140787720680237e-02
4.611494392156600952e-02
4.600496590137481689e-02
4.578351601958274841e-02
4.526351019740104675e-02
4.528085142374038696e-02
4.494547471404075623e-02
4.483599215745925903e-02
4.484912753105163574e-02
4.477602988481521606e-02
4.459697753190994263e-02
4.440189152956008911e-02
4.375829547643661499e-02
4.360976442694664001e-02
4.388934746384620667e-02
4.374409094452857971e-02
4.399458318948745728e-02
4.306847229599952698e-02
4.330999404191970825e-02
4.348029941320419312e-02
4.298226907849311829e-02
4.341516643762588501e-02
4.246903210878372192e-02
4.295498505234718323e-02
4.262309893965721130e-02
4.243374243378639221e-02
4.181302338838577271e-02
4.229817911982536316e-02
4.201491177082061768e-02
4.241957142949104309e-02
4.201559722423553467e-02
4.191851243376731873e-02
4.166844487190246582e-02
4.205758869647979736e-02
4.173567146062850952e-02
4.196202382445335388e-02
4.146955534815788269e-02
4.119315370917320251e-02
4.119686782360076904e-02
4.106099903583526611e-02
4.090999811887741089e-02
4.160872474312782288e-02
