7.552714943885803223e-01
7.965909242630004883e-01
8.218593001365661621e-01
8.393308520317077637e-01
8.562024831771850586e-01
8.687815666198730469e-01
8.817550539970397949e-01
8.925666213035583496e-01
9.016099572181701660e-01
9.083964228630065918e-01
9.146782159805297852e-01
9.202494025230407715e-01
9.234217405319213867e-01
9.296876192092895508e-01
9.325914978981018066e-01
9.365373253822326660e-01
9.388415217399597168e-01
9.423295259475708008e-01
9.436869621276855469e-01
9.449968934059143066e-01
9.470958113670349121e-01
9.476010203361511230e-01
9.489584565162658691e-01
9.494318366050720215e-01
9.491161108016967773e-01
9.515941143035888672e-01
9.522727131843566895e-01
9.519414901733398438e-01
9.529513120651245117e-01
9.541510343551635742e-01
9.546558856964111328e-01
9.540876746177673340e-01
9.544350504875183105e-01
9.543088674545288086e-01
9.549556970596313477e-01
9.552081823348999023e-01
9.537246823310852051e-01
9.550977945327758789e-01
9.552713632583618164e-01
9.554293751716613770e-01
9.546561241149902344e-01
9.553505182266235352e-01
9.547822475433349609e-01
9.561713337898254395e-01
9.561395049095153809e-01
9.562026262283325195e-01
9.553661942481994629e-01
9.548767805099487305e-01
9.554290771484375000e-01
9.542298316955566406e-01
9.549716711044311523e-01
9.558079838752746582e-01
9.541193842887878418e-01
9.561079740524291992e-01
9.558554887771606445e-01
9.547506570816040039e-01
9.540719389915466309e-01
9.561712145805358887e-01
9.550188183784484863e-01
9.548768401145935059e-01
9.555080533027648926e-01
9.554609656333923340e-01
9.562340974807739258e-01
9.549714326858520508e-01
9.553818702697753906e-01
9.541981220245361328e-01
9.564551711082458496e-01
9.556343555450439453e-01
9.557920694351196289e-01
9.561711549758911133e-01
9.558869600296020508e-01
9.547979831695556641e-01
9.552872180938720703e-01
9.551610946655273438e-01
9.561237692832946777e-01
9.570235013961791992e-01
9.565814733505249023e-01
9.553346037864685059e-01
9.561079144477844238e-01
9.568341374397277832e-01
9.556818604469299316e-01
9.565815925598144531e-01
9.568655490875244141e-01
9.562975168228149414e-01
9.564394354820251465e-01
9.562025666236877441e-01
9.559817314147949219e-01
9.562026858329772949e-01
9.572126269340515137e-01
9.563447237014770508e-01
9.564707875251770020e-01
9.561396241188049316e-01
9.568811655044555664e-01
9.576703906059265137e-01
9.563130736351013184e-01
9.563132524490356445e-01
9.572442770004272461e-01
9.571811556816101074e-01
9.574968218803405762e-01
9.572758674621582031e-01
8.826289772987365723e-01
8.875741958618164062e-01
8.883579969406127930e-01
8.899208307266235352e-01
8.912996053695678711e-01
8.912453055381774902e-01
8.907039761543273926e-01
8.921031951904296875e-01
8.930801749229431152e-01
8.921329975128173828e-01
8.924207687377929688e-01
8.925597071647644043e-01
8.924404382705688477e-01
8.938242793083190918e-01
8.937599658966064453e-01
8.941715955734252930e-01
8.945981860160827637e-01
8.944892287254333496e-01
8.940230011940002441e-01
8.950394988059997559e-01
8.955458402633666992e-01
8.959919810295104980e-01
8.957692980766296387e-01
8.960513472557067871e-01
8.962500691413879395e-01
8.957736492156982422e-01
8.973016142845153809e-01
8.962793946266174316e-01
8.975596427917480469e-01
8.974703550338745117e-01
8.971577882766723633e-01
8.985267281532287598e-01
8.979020714759826660e-01
8.981748819351196289e-01
8.976391553878784180e-01
8.991566896438598633e-01
8.986907005310058594e-01
8.987948894500732422e-01
8.991618752479553223e-01
9.001786708831787109e-01
9.000496268272399902e-01
9.003271460533142090e-01
9.004314541816711426e-01
9.004613161087036133e-01
9.000496864318847656e-01
9.008581638336181641e-01
9.010369181632995605e-01
9.007442593574523926e-01
9.011015295982360840e-01
9.022420048713684082e-01
9.013888835906982422e-01
9.030553102493286133e-01
9.027329087257385254e-01
9.028624892234802246e-01
9.017511010169982910e-01
9.038049578666687012e-01
9.039679169654846191e-01
9.038292765617370605e-01
9.041614532470703125e-01
9.042459726333618164e-01
9.041863083839416504e-01
9.043551087379455566e-01
9.047915935516357422e-01
9.055753946304321289e-01
9.049553275108337402e-01
9.058979749679565430e-01
9.054464101791381836e-01
9.060069322586059570e-01
9.058530926704406738e-01
9.069101214408874512e-01
9.058629274368286133e-01
9.063046574592590332e-01
9.063889980316162109e-01
9.077632427215576172e-01
9.073657989501953125e-01
9.070930480957031250e-01
9.080059528350830078e-01
9.076389074325561523e-01
9.080259203910827637e-01
9.080654382705688477e-01
9.085513949394226074e-01
9.084421992301940918e-01
9.088094830513000488e-01
9.092312455177307129e-01
9.091768264770507812e-01
9.103968739509582520e-01
9.096031785011291504e-01
9.097618460655212402e-01
9.098608493804931641e-01
9.098263978958129883e-01
9.098464250564575195e-01
9.101785421371459961e-01
9.106545448303222656e-01
9.109669923782348633e-01
9.111107587814331055e-01
9.110069870948791504e-01
9.107339978218078613e-01
9.115180969238281250e-01
9.108982682228088379e-01
9.113786220550537109e-01
