9.102157400000001175e+00
1.463098759999999920e+01
2.025783769999999961e+01
2.589217760000000013e+01
3.162826950000000181e+01
3.710884800000000183e+01
4.314586029999999539e+01
4.888646430000000009e+01
5.455070620000000048e+01
6.000152649999999710e+01
6.591893690000000561e+01
7.173990520000000970e+01
7.741653420000000096e+01
8.310749000000001274e+01
8.878420290000001103e+01
9.446631680000000131e+01
1.001342037000000005e+02
1.055957852000000088e+02
1.114173509000000024e+02
1.171373578000000037e+02
1.224413732000000010e+02
1.282747791999999833e+02
1.337588776000000053e+02
1.396206200999999965e+02
1.453742541000000017e+02
1.512309283999999820e+02
1.568573812999999859e+02
1.625556033000000014e+02
1.683152499999999918e+02
1.739692624999999850e+02
1.796988893999999846e+02
1.855610892999999919e+02
1.912554534999999873e+02
1.970347914999999830e+02
2.027268171000000052e+02
2.083728391999999872e+02
2.140187827000000027e+02
2.197652253999999914e+02
2.254312393999999813e+02
2.311230549999999937e+02
2.367677317999999786e+02
2.424416930999999806e+02
2.481728690999999856e+02
2.538049355999999648e+02
2.594219650999999658e+02
2.653366014000000064e+02
2.710903167000000167e+02
2.766820508000000132e+02
2.823391301999999996e+02
2.879461466999999857e+02
2.935534733000000074e+02
2.992164697000000047e+02
3.048055003000000056e+02
3.106379246000000194e+02
3.161756662999999890e+02
3.216624547999999777e+02
3.274212236999999845e+02
3.328086452999999665e+02
3.385706551999999760e+02
3.441190262000000075e+02
3.496341209999999933e+02
3.552593967999999904e+02
3.609323782000000165e+02
3.665759828999999854e+02
3.721738632999999936e+02
3.777377980999999636e+02
3.833986317999999756e+02
3.890921043999999824e+02
3.947507754999999747e+02
4.006402688999999668e+02
4.063728835000000004e+02
4.120073744000000033e+02
4.177490126000000146e+02
4.234889769000000115e+02
4.291799929000000020e+02
4.347880708000000141e+02
4.405156906999999933e+02
4.463948328999999831e+02
4.520476704999999811e+02
4.577702678999999648e+02
4.633936419999999998e+02
4.690751973999999791e+02
4.747757758999999851e+02
4.804163583999999787e+02
4.858186068999999634e+02
4.918547676000000024e+02
4.976636442999999872e+02
5.032483015999999907e+02
5.088390532999999891e+02
5.143086805000000368e+02
5.198054539999999406e+02
5.253854575000000295e+02
5.309022128000000293e+02
5.365267728000000034e+02
5.422028460000000223e+02
5.477220181999999795e+02
5.534940179000000171e+02
5.591209719999999379e+02
5.645797503000000006e+02
5.703774830999999494e+02
5.868594861000000265e+02
6.034156528999999409e+02
6.202324824999999464e+02
6.369155402000000095e+02
6.533200432999999521e+02
6.699948957999999948e+02
6.864928294999999707e+02
7.029672203000000081e+02
7.193777301999999736e+02
7.356226460000000316e+02
7.522538979999999356e+02
7.686755265000000463e+02
7.850713333999999577e+02
8.014867071999999553e+02
8.181608406999999943e+02
8.348277348000000302e+02
8.510720615000000180e+02
8.675679873000000271e+02
8.843373792999999523e+02
9.009456835999999385e+02
9.170674405999999408e+02
9.336267933000000312e+02
9.505165773999999601e+02
9.670793963999999505e+02
9.836428488000000243e+02
1.000477067199999965e+03
1.017093262399999958e+03
1.034248258500000020e+03
1.051098417800000107e+03
1.067427699300000086e+03
1.084706035000000156e+03
1.101737867300000062e+03
1.118417033900000206e+03
1.135278931400000147e+03
1.152212247300000172e+03
1.169232909800000016e+03
1.186075827700000218e+03
1.202850701000000072e+03
1.219341984200000070e+03
1.236013901700000133e+03
1.252718736000000035e+03
1.269450009100000216e+03
1.286122031900000138e+03
1.302673981099999992e+03
1.319405601300000171e+03
1.336197265800000196e+03
1.352837509100000034e+03
1.369301992100000007e+03
1.385908123900000191e+03
1.402939429500000188e+03
1.419427814900000158e+03
1.435912949000000026e+03
1.452396748600000137e+03
1.468979463100000203e+03
1.485903271100000211e+03
1.502454050100000131e+03
1.519080468800000062e+03
1.535265174000000115e+03
1.552034859300000107e+03
1.568643423100000064e+03
1.585364377800000057e+03
1.601942170500000202e+03
1.618541415300000153e+03
1.634772557800000186e+03
1.651869731700000102e+03
1.668410219700000198e+03
1.685114547600000151e+03
1.701605261700000028e+03
1.717705598900000041e+03
1.734781533400000171e+03
1.751346231600000010e+03
1.767938636400000178e+03
1.784383994000000030e+03
1.800563261700000112e+03
1.817674986800000170e+03
1.834062595600000122e+03
1.850753004300000157e+03
1.867508714400000144e+03
1.884304887200000167e+03
1.900954492400000163e+03
1.917423180800000182e+03
1.933959931800000049e+03
1.950442726600000015e+03
1.966782449400000132e+03
1.983145556800000122e+03
1.999656488700000182e+03
2.016552528900000198e+03
2.033257202600000028e+03
2.049964584700000160e+03
2.066486917499999890e+03
2.083178892599999926e+03
2.099952955000000202e+03
2.116472537699999975e+03
2.133047029700000166e+03
2.149879870400000073e+03
2.166728104799999983e+03
2.183339773700000023e+03
2.200099952699999903e+03
2.216646098000000165e+03
2.233301095400000122e+03
