7.026357650756835938e-01
6.997002363204956055e-01
6.997947096824645996e-01
7.032829523086547852e-01
7.013413310050964355e-01
7.030777931213378906e-01
7.025095820426940918e-01
7.038193345069885254e-01
7.023042440414428711e-01
6.811257600784301758e-01
6.808034777641296387e-01
6.806448101997375488e-01
6.820337176322937012e-01
6.821877360343933105e-01
6.825495362281799316e-01
6.830307841300964355e-01
6.839286684989929199e-01
6.823312044143676758e-01
6.822421550750732422e-01
6.833183765411376953e-01
6.844694018363952637e-01
6.835814714431762695e-01
6.836855411529541016e-01
6.857044100761413574e-01
6.835663914680480957e-01
6.864136457443237305e-01
6.864634156227111816e-01
6.851736307144165039e-01
6.862746477127075195e-01
6.862846016883850098e-01
6.867806911468505859e-01
6.878521442413330078e-01
6.878771781921386719e-01
6.869296431541442871e-01
6.865079998970031738e-01
6.874405145645141602e-01
6.888195872306823730e-01
6.883035898208618164e-01
6.878671050071716309e-01
6.905553936958312988e-01
6.886904239654541016e-01
6.890574693679809570e-01
6.892658472061157227e-01
6.901835203170776367e-01
6.914138197898864746e-01
6.909672617912292480e-01
6.903075575828552246e-01
6.913788318634033203e-01
6.914830207824707031e-01
6.917560100555419922e-01
6.917014122009277344e-01
6.922669410705566406e-01
6.927677989006042480e-01
6.917411684989929199e-01
6.938394308090209961e-01
6.936805844306945801e-01
6.928028464317321777e-01
6.942659616470336914e-01
6.928025484085083008e-01
6.945239305496215820e-01
6.943898200988769531e-01
6.965126991271972656e-01
6.953423023223876953e-01
6.940377950668334961e-01
6.955506801605224609e-01
6.954464912414550781e-01
6.972070932388305664e-01
6.971077919006347656e-01
6.957243084907531738e-01
6.968849897384643555e-01
6.964284181594848633e-01
6.980655193328857422e-01
6.985716223716735840e-01
6.986162066459655762e-01
6.978520154953002930e-01
6.986256837844848633e-01
6.968055367469787598e-01
6.975399255752563477e-01
6.997769474983215332e-01
7.004515528678894043e-01
6.998859047889709473e-01
7.007142901420593262e-01
6.998658776283264160e-01
7.011260390281677246e-01
6.993603706359863281e-01
6.992956399917602539e-01
6.997519135475158691e-01
6.999851465225219727e-01
7.007935643196105957e-01
7.012897729873657227e-01
7.026934027671813965e-01
7.028322815895080566e-01
7.030803561210632324e-01
7.030159831047058105e-01
7.026537656784057617e-01
7.042459249496459961e-01
7.035217285156250000e-01
7.031302452087402344e-01
7.035167813301086426e-01
7.034521102905273438e-01
7.034971714019775391e-01
7.039682865142822266e-01
7.044295072555541992e-01
7.035416364669799805e-01
