7.977128028869628906e-02
5.295944213867187500e-02
4.328053817152976990e-02
3.766318783164024353e-02
3.427373617887496948e-02
3.070015087723731995e-02
2.822302840650081635e-02
2.605955302715301514e-02
2.401910722255706787e-02
2.263767272233963013e-02
2.119258977472782135e-02
1.924723573029041290e-02
1.834197342395782471e-02
1.666036434471607208e-02
1.598310470581054688e-02
1.504504587501287460e-02
1.412384118884801865e-02
1.339103188365697861e-02
1.294340472668409348e-02
1.225383486598730087e-02
1.191041059792041779e-02
1.121830381453037262e-02
1.116320490837097168e-02
1.070835068821907043e-02
1.026478223502635956e-02
9.994973428547382355e-03
9.486032649874687195e-03
9.445331059396266937e-03
9.267457760870456696e-03
8.756421506404876709e-03
8.588441647589206696e-03
8.425173349678516388e-03
8.261019363999366760e-03
8.245878852903842926e-03
8.002019487321376801e-03
7.734229322522878647e-03
7.982380688190460205e-03
7.344118785113096237e-03
7.651403546333312988e-03
7.475431542843580246e-03
7.516088429838418961e-03
6.918322294950485229e-03
7.115400396287441254e-03
7.059291936457157135e-03
6.854749284684658051e-03
6.920997519046068192e-03
6.871057208627462387e-03
6.744972895830869675e-03
6.717752199620008469e-03
6.609000731259584427e-03
6.583372130990028381e-03
6.485608872026205063e-03
6.508056540042161942e-03
6.292629987001419067e-03
6.301825866103172302e-03
6.152651738375425339e-03
6.362083833664655685e-03
6.048718467354774475e-03
6.256172899156808853e-03
6.068003363907337189e-03
6.288865581154823303e-03
6.056215614080429077e-03
6.002171896398067474e-03
6.096347700804471970e-03
5.837168078869581223e-03
5.750749260187149048e-03
5.686489399522542953e-03
5.746994633227586746e-03
5.814092233777046204e-03
5.813130643218755722e-03
1.367091201245784760e-02
1.326522510498762131e-02
1.265894435346126556e-02
1.235311292111873627e-02
1.212308090180158615e-02
1.189381256699562073e-02
1.142201106995344162e-02
1.148392912000417709e-02
1.103833597153425217e-02
1.104319095611572266e-02
1.090465113520622253e-02
1.068160310387611389e-02
1.060025114566087723e-02
1.039515528827905655e-02
1.008963212370872498e-02
9.994134306907653809e-03
9.917594492435455322e-03
9.757147170603275299e-03
9.543154388666152954e-03
9.503200650215148926e-03
9.422537870705127716e-03
9.416672401130199432e-03
9.187579154968261719e-03
9.139390662312507629e-03
9.120034053921699524e-03
8.889552205801010132e-03
8.707815781235694885e-03
8.839673362672328949e-03
8.711557835340499878e-03
8.491641841828823090e-03
8.407575078308582306e-03
8.586320094764232635e-03
8.443652652204036713e-03
8.386204019188880920e-03
8.186862803995609283e-03
8.023671805858612061e-03
8.261454291641712189e-03
8.093340322375297546e-03
8.076579309999942780e-03
7.867362350225448608e-03
7.874810136854648590e-03
7.860219106078147888e-03
7.687950972467660904e-03
7.811374962329864502e-03
7.715851534157991409e-03
7.568993140012025833e-03
7.460226304829120636e-03
7.439348846673965454e-03
7.478894200176000595e-03
7.338497322052717209e-03
7.391055580228567123e-03
7.240047212690114975e-03
7.235753815621137619e-03
7.325184065848588943e-03
7.274985313415527344e-03
7.308886852115392685e-03
7.085940800607204437e-03
7.107155863195657730e-03
7.029001601040363312e-03
7.028723601251840591e-03
6.989694200456142426e-03
6.869222968816757202e-03
6.936519406735897064e-03
6.941415835171937943e-03
6.929322145879268646e-03
6.789134349673986435e-03
6.738993804901838303e-03
6.648565642535686493e-03
6.703666411340236664e-03
6.586233153939247131e-03
6.777844857424497604e-03
