8.776909708976745605e-01
8.752170801162719727e-01
8.980468511581420898e-01
9.034720659255981445e-01
9.021700620651245117e-01
9.069446325302124023e-01
9.080295562744140625e-01
9.116753339767456055e-01
9.148004651069641113e-01
9.223958849906921387e-01
9.157551527023315430e-01
9.087238311767578125e-01
9.261718988418579102e-01
9.394532442092895508e-01
9.437499046325683594e-01
9.438370466232299805e-01
9.457901716232299805e-01
9.439236521720886230e-01
9.467014074325561523e-01
9.458767175674438477e-01
9.473091363906860352e-01
9.431856274604797363e-01
9.457031488418579102e-01
9.483941197395324707e-01
9.480469822883605957e-01
9.473091959953308105e-01
9.495660066604614258e-01
9.083169102668762207e-01
9.160158038139343262e-01
9.203651547431945801e-01
9.214878678321838379e-01
9.227619767189025879e-01
9.228563904762268066e-01
9.249979853630065918e-01
9.235449433326721191e-01
9.246112704277038574e-01
9.235170483589172363e-01
9.238281250000000000e-01
9.242336153984069824e-01
9.242152571678161621e-01
9.237334132194519043e-01
9.243471622467041016e-01
9.242151379585266113e-01
8.956025242805480957e-01
8.995226025581359863e-01
9.022000432014465332e-01
9.027344584465026855e-01
9.023602604866027832e-01
9.019262790679931641e-01
9.017524123191833496e-01
9.038494229316711426e-01
8.826921582221984863e-01
8.842345476150512695e-01
8.841647505760192871e-01
8.855710625648498535e-01
8.853455781936645508e-01
8.849016427993774414e-01
8.860505819320678711e-01
8.706935048103332520e-01
8.708339333534240723e-01
8.716301321983337402e-01
8.609494566917419434e-01
8.624415397644042969e-01
8.569429516792297363e-01
8.572732806205749512e-01
