7.087673999999999808e+00
1.042447729999999950e+01
1.380426679999999884e+01
1.711608440000000186e+01
2.038749440000000135e+01
2.378362690000000157e+01
2.711555720000000136e+01
3.044251190000000307e+01
3.385243299999999778e+01
3.712651729999999617e+01
4.045763300000000129e+01
4.375510690000000125e+01
4.699439269999999880e+01
5.033917559999999725e+01
5.365996539999999726e+01
5.693504619999999505e+01
6.025090300000000099e+01
6.353824379999999650e+01
6.681886130000000890e+01
7.007978770000001134e+01
7.338645220000000791e+01
7.662484000000000606e+01
7.992606600000000583e+01
8.324884250000000918e+01
8.657161820000000318e+01
8.989799510000000282e+01
9.321321400000000779e+01
1.036943257000000074e+02
1.139956759000000091e+02
1.245615888000000098e+02
1.348650996000000077e+02
1.453655449999999973e+02
1.558148276000000010e+02
1.662080568000000085e+02
1.766118796000000088e+02
1.871751110000000153e+02
1.977479131999999993e+02
2.082016341000000068e+02
2.186743852000000174e+02
2.290645154000000048e+02
2.395760762000000170e+02
2.500179195000000050e+02
2.604017493999999715e+02
2.911980127999999581e+02
3.219789046999999869e+02
3.530242256999999881e+02
3.835807156999999847e+02
4.142443755999999553e+02
4.449904981999999904e+02
4.756038302000000044e+02
5.061622993999999949e+02
5.721370385999999826e+02
6.385758577999999943e+02
7.055837330000000520e+02
7.718267253000000210e+02
8.383758284000000458e+02
9.051086774000000332e+02
9.714704662000000326e+02
1.079142692099999977e+03
1.186219995599999947e+03
1.292157584300000053e+03
1.429590670700000146e+03
1.566143203099999937e+03
1.716323989400000073e+03
1.867018370900000036e+03
