7.825600504875183105e-01
8.421244025230407715e-01
8.741635680198669434e-01
8.933869004249572754e-01
9.023359417915344238e-01
9.122316241264343262e-01
9.175820350646972656e-01
9.229484796524047852e-01
9.275094866752624512e-01
9.319287538528442383e-01
9.329386353492736816e-01
9.360320568084716797e-01
9.388888478279113770e-01
9.380367398262023926e-01
9.403409361839294434e-01
9.420139193534851074e-01
9.438921213150024414e-01
9.445549249649047852e-01
9.447287321090698242e-01
9.456124901771545410e-01
9.469697475433349609e-01
9.478535652160644531e-01
9.496212601661682129e-01
9.484534263610839844e-01
9.499999284744262695e-01
9.502525925636291504e-01
9.506629705429077148e-01
9.509311914443969727e-01
9.511994123458862305e-01
9.514363408088684082e-01
9.514678120613098145e-01
9.518938660621643066e-01
9.513099789619445801e-01
9.521623849868774414e-01
9.521306753158569336e-01
9.534406065940856934e-01
9.522095918655395508e-01
9.530774950981140137e-01
9.529040455818176270e-01
9.523676633834838867e-01
9.527304172515869141e-01
9.536930918693542480e-01
9.540561437606811523e-01
9.536299109458923340e-01
9.525411725044250488e-01
9.537248015403747559e-01
9.547348618507385254e-01
9.531407952308654785e-01
9.533615708351135254e-01
9.535670876502990723e-01
9.540244936943054199e-01
9.544349908828735352e-01
9.549559354782104492e-01
9.540404677391052246e-01
9.537089467048645020e-01
9.551136493682861328e-01
9.547032713890075684e-01
9.537247419357299805e-01
9.552872180938720703e-01
9.550030827522277832e-01
9.539299011230468750e-01
9.551134705543518066e-01
9.554766416549682617e-01
9.538668394088745117e-01
9.562027454376220703e-01
9.550032615661621094e-01
9.541983008384704590e-01
9.557133913040161133e-01
9.552083015441894531e-01
9.550663232803344727e-01
9.555240869522094727e-01
9.551612138748168945e-01
9.552240371704101562e-01
9.547348022460937500e-01
9.552240967750549316e-01
9.553187489509582520e-01
9.552875161170959473e-01
9.548768997192382812e-01
9.541667699813842773e-01
9.547979831695556641e-01
9.550505280494689941e-01
9.536142945289611816e-01
9.561238288879394531e-01
9.561868906021118164e-01
9.555081725120544434e-01
9.556185603141784668e-01
9.560607671737670898e-01
9.568812847137451172e-01
9.568340778350830078e-01
9.551295638084411621e-01
9.540402293205261230e-01
9.566760659217834473e-01
9.559975266456604004e-01
9.555396437644958496e-01
9.553660750389099121e-01
9.568341374397277832e-01
9.551610350608825684e-01
9.562183618545532227e-01
9.553818702697753906e-01
9.566288590431213379e-01
9.205802679061889648e-01
9.210811853408813477e-01
9.219694137573242188e-01
9.225544333457946777e-01
9.228520989418029785e-01
9.226737618446350098e-01
9.231597185134887695e-01
9.236508607864379883e-01
9.241118431091308594e-01
9.240329265594482422e-01
9.247220158576965332e-01
9.247270226478576660e-01
9.246627092361450195e-01
9.245787858963012695e-01
9.253028035163879395e-01
9.252485036849975586e-01
9.251588582992553711e-01
9.248659610748291016e-01
9.258828163146972656e-01
9.251733422279357910e-01
9.257141947746276855e-01
9.258675575256347656e-01
9.262996912002563477e-01
9.268006086349487305e-01
9.261459708213806152e-01
9.270386695861816406e-01
9.270038008689880371e-01
9.272372126579284668e-01
9.272613525390625000e-01
9.259971380233764648e-01
9.274057149887084961e-01
9.276540875434875488e-01
9.271575212478637695e-01
9.269195795059204102e-01
9.278668165206909180e-01
9.275841116905212402e-01
9.276242256164550781e-01
9.275544881820678711e-01
9.273167252540588379e-01
9.278520941734313965e-01
9.275198578834533691e-01
9.279809594154357910e-01
9.281002283096313477e-01
9.282740354537963867e-01
9.288442730903625488e-01
9.283188581466674805e-01
9.295933246612548828e-01
9.292364716529846191e-01
9.293403625488281250e-01
9.294843673706054688e-01
9.295041561126708984e-01
9.301337599754333496e-01
9.310314655303955078e-01
9.311311841011047363e-01
9.332241415977478027e-01
9.356052279472351074e-01
9.398609995841979980e-01
9.423708915710449219e-01
9.441121220588684082e-01
9.432539343833923340e-01
9.442958235740661621e-01
9.446083903312683105e-01
9.433229565620422363e-01
9.429317116737365723e-01
9.428027272224426270e-01
9.405257701873779297e-01
9.399355649948120117e-01
9.375889301300048828e-01
9.371080398559570312e-01
9.353669285774230957e-01
9.352281093597412109e-01
9.343155622482299805e-01
9.337944388389587402e-01
9.338889718055725098e-01
9.328773021697998047e-01
9.340972304344177246e-01
9.333181381225585938e-01
9.332838058471679688e-01
9.329710006713867188e-01
9.350941777229309082e-01
9.341068863868713379e-01
9.335911273956298828e-01
9.339382648468017578e-01
9.341172575950622559e-01
9.340179562568664551e-01
9.340923428535461426e-01
