5.001736283302307129e-01
5.099999904632568359e-01
5.200347304344177246e-01
5.182986259460449219e-01
5.235764384269714355e-01
5.212846994400024414e-01
5.243402719497680664e-01
5.273958444595336914e-01
5.279514193534851074e-01
5.273263454437255859e-01
5.281597375869750977e-01
5.334375500679016113e-01
5.304861664772033691e-01
5.322569012641906738e-01
5.325000286102294922e-01
5.414236187934875488e-01
5.363888740539550781e-01
5.372916460037231445e-01
5.376737713813781738e-01
5.365278124809265137e-01
5.350694060325622559e-01
5.404166579246520996e-01
5.379166603088378906e-01
5.470833778381347656e-01
5.441318750381469727e-01
5.450693368911743164e-01
5.399651527404785156e-01
5.444096922874450684e-01
5.502084493637084961e-01
5.473611354827880859e-01
5.490277409553527832e-01
5.533680319786071777e-01
5.469443202018737793e-01
5.495139360427856445e-01
5.487152338027954102e-01
5.503125190734863281e-01
5.514930486679077148e-01
5.457292199134826660e-01
5.543055534362792969e-01
5.548958778381347656e-01
5.536109805107116699e-01
5.547917485237121582e-01
5.567014217376708984e-01
5.551040768623352051e-01
5.536804199218750000e-01
5.536110401153564453e-01
5.505208373069763184e-01
5.355556011199951172e-01
5.368402600288391113e-01
5.422570109367370605e-01
5.455902218818664551e-01
5.472916364669799805e-01
5.474653244018554688e-01
5.510764122009277344e-01
5.513194203376770020e-01
5.583333373069763184e-01
5.547221302986145020e-01
5.554860234260559082e-01
5.609720945358276367e-01
5.544444322586059570e-01
5.607985854148864746e-01
5.659721493721008301e-01
5.675346851348876953e-01
5.689930319786071777e-01
5.655555725097656250e-01
5.727777481079101562e-01
5.702083110809326172e-01
5.701388716697692871e-01
5.742708444595336914e-01
5.756944417953491211e-01
5.703124403953552246e-01
5.750000476837158203e-01
5.786111354827880859e-01
5.833681225776672363e-01
5.780207514762878418e-01
5.793055891990661621e-01
5.804513096809387207e-01
5.796874761581420898e-01
5.797569155693054199e-01
5.829513072967529297e-01
5.868750214576721191e-01
5.879514813423156738e-01
5.883333683013916016e-01
5.898610949516296387e-01
5.879513025283813477e-01
5.849654078483581543e-01
5.882986187934875488e-01
5.894443988800048828e-01
5.930556654930114746e-01
5.933332443237304688e-01
5.888195633888244629e-01
5.884721279144287109e-01
5.903124809265136719e-01
5.876042842864990234e-01
5.928472280502319336e-01
5.910069942474365234e-01
5.701041221618652344e-01
5.781250596046447754e-01
5.835763812065124512e-01
5.824306011199951172e-01
5.873610973358154297e-01
5.862152576446533203e-01
5.847222208976745605e-01
5.880208611488342285e-01
5.886804461479187012e-01
5.905556082725524902e-01
5.956597328186035156e-01
5.968749523162841797e-01
5.984722375869750977e-01
6.008680462837219238e-01
6.034722328186035156e-01
6.010416746139526367e-01
6.055555939674377441e-01
6.030208468437194824e-01
6.031597256660461426e-01
6.073612570762634277e-01
6.064236164093017578e-01
6.054861545562744141e-01
6.053125262260437012e-01
6.094098091125488281e-01
6.155208945274353027e-01
6.169444918632507324e-01
6.136806011199951172e-01
6.107291579246520996e-01
6.151389479637145996e-01
6.173958778381347656e-01
6.132638454437255859e-01
6.188889741897583008e-01
6.227083206176757812e-01
6.172570586204528809e-01
6.221181154251098633e-01
6.228125095367431641e-01
6.206597685813903809e-01
6.206250786781311035e-01
6.204860806465148926e-01
6.253819465637207031e-01
6.238541603088378906e-01
6.205902695655822754e-01
6.255207061767578125e-01
6.260764002799987793e-01
6.279165744781494141e-01
6.274999380111694336e-01
6.252775788307189941e-01
6.283681392669677734e-01
6.279166936874389648e-01
6.238195300102233887e-01
6.284721493721008301e-01
6.264583468437194824e-01
6.296181082725524902e-01
6.262152791023254395e-01
6.269444823265075684e-01
6.281249523162841797e-01
6.329166293144226074e-01
6.247569322586059570e-01
6.281944513320922852e-01
6.310070157051086426e-01
6.279514431953430176e-01
6.294444799423217773e-01
6.319097280502319336e-01
6.320834159851074219e-01
6.279514431953430176e-01
6.352778673171997070e-01
6.349653005599975586e-01
6.289236545562744141e-01
6.380209326744079590e-01
6.403124928474426270e-01
6.438541412353515625e-01
6.458680033683776855e-01
6.504167318344116211e-01
6.514235734939575195e-01
6.523610949516296387e-01
6.585067510604858398e-01
6.599305868148803711e-01
6.661110520362854004e-01
6.601734757423400879e-01
6.714236736297607422e-01
6.676041483879089355e-01
6.713888645172119141e-01
6.745832562446594238e-01
6.769793033599853516e-01
6.736806631088256836e-01
6.772916913032531738e-01
6.771180629730224609e-01
6.797569990158081055e-01
6.818750500679016113e-01
6.815623641014099121e-01
6.832985877990722656e-01
6.826043128967285156e-01
6.870484948158264160e-01
6.863195300102233887e-01
6.888542175292968750e-01
6.892014145851135254e-01
6.909721493721008301e-01
6.879861950874328613e-01
6.917360424995422363e-01
6.950694918632507324e-01
6.876389384269714355e-01
6.903819441795349121e-01
6.926736235618591309e-01
6.992361545562744141e-01
6.947569251060485840e-01
6.947220563888549805e-01
6.970833539962768555e-01
7.003819942474365234e-01
6.968402266502380371e-01
6.968054771423339844e-01
6.921527385711669922e-01
6.973264813423156738e-01
6.986457705497741699e-01
6.980555653572082520e-01
6.961458325386047363e-01
7.011458873748779297e-01
6.984375119209289551e-01
7.001388669013977051e-01
6.988888382911682129e-01
7.036111354827880859e-01
6.937500238418579102e-01
6.986111402511596680e-01
7.016665935516357422e-01
7.022569775581359863e-01
7.007985115051269531e-01
6.994098424911499023e-01
6.970140337944030762e-01
7.037500143051147461e-01
6.993749737739562988e-01
7.030555009841918945e-01
6.995137929916381836e-01
6.974653005599975586e-01
7.003473043441772461e-01
7.020139098167419434e-01
7.017015218734741211e-01
