5.666893348097801208e-02
5.385347828269004822e-02
5.143804103136062622e-02
5.070064961910247803e-02
4.981416836380958557e-02
4.990223795175552368e-02
4.940024018287658691e-02
4.859342426061630249e-02
4.832299053668975830e-02
4.672496393322944641e-02
4.722594097256660461e-02
4.648538678884506226e-02
4.727425053715705872e-02
4.679315537214279175e-02
4.633981361985206604e-02
4.551848396658897400e-02
4.571541398763656616e-02
4.460446536540985107e-02
4.465479776263237000e-02
4.555008932948112488e-02
4.488161578774452209e-02
4.451185092329978943e-02
4.434758052229881287e-02
4.354828968644142151e-02
4.336625710129737854e-02
4.371358454227447510e-02
4.346801713109016418e-02
4.314923658967018127e-02
4.247336834669113159e-02
4.343075305223464966e-02
4.240061715245246887e-02
4.224811866879463196e-02
4.243241623044013977e-02
4.215989634394645691e-02
4.171503707766532898e-02
4.166271537542343140e-02
4.141144454479217529e-02
4.223262891173362732e-02
4.100504890084266663e-02
4.079305008053779602e-02
4.039508849382400513e-02
4.036930203437805176e-02
4.050602018833160400e-02
4.014296457171440125e-02
4.019009694457054138e-02
4.033410549163818359e-02
4.072786867618560791e-02
6.193060427904129028e-02
5.958893150091171265e-02
5.772493034601211548e-02
5.672177672386169434e-02
5.618988350033760071e-02
5.597688257694244385e-02
5.433351919054985046e-02
5.396790057420730591e-02
5.285672843456268311e-02
5.297850444912910461e-02
5.202176049351692200e-02
5.094065144658088684e-02
5.125917494297027588e-02
5.067652091383934021e-02
5.012634396553039551e-02
4.950541630387306213e-02
4.849471524357795715e-02
4.882381856441497803e-02
4.806192219257354736e-02
4.788326099514961243e-02
4.711395874619483948e-02
4.712865874171257019e-02
4.621188715100288391e-02
4.674450308084487915e-02
4.645785316824913025e-02
4.559147357940673828e-02
4.527526348829269409e-02
4.537191241979598999e-02
4.499450698494911194e-02
4.495204612612724304e-02
4.474093392491340637e-02
4.437671974301338196e-02
4.373994469642639160e-02
4.356430843472480774e-02
4.330265522003173828e-02
4.281798750162124634e-02
4.275710135698318481e-02
4.331370443105697632e-02
4.298879578709602356e-02
4.268728196620941162e-02
4.193812236189842224e-02
4.214712232351303101e-02
4.191984236240386963e-02
4.149499908089637756e-02
4.140214994549751282e-02
4.169880971312522888e-02
4.149173200130462646e-02
4.089593514800071716e-02
4.188939556479454041e-02
5.967001616954803467e-02
5.758091434836387634e-02
5.598674342036247253e-02
5.546407774090766907e-02
5.442747101187705994e-02
5.351718515157699585e-02
5.401289463043212891e-02
5.332047864794731140e-02
5.241376906633377075e-02
5.156358703970909119e-02
5.190803483128547668e-02
5.144938826560974121e-02
4.949137195944786072e-02
4.992315173149108887e-02
4.835861548781394958e-02
4.901564493775367737e-02
4.844995588064193726e-02
4.826308786869049072e-02
4.788322001695632935e-02
4.739413410425186157e-02
4.748409613966941833e-02
4.739802703261375427e-02
4.670918360352516174e-02
4.608026146888732910e-02
4.608470574021339417e-02
4.596215113997459412e-02
4.522085189819335938e-02
4.531084001064300537e-02
4.496611654758453369e-02
4.496162757277488708e-02
4.498061165213584900e-02
4.449885338544845581e-02
4.380669444799423218e-02
4.427709430456161499e-02
4.334525763988494873e-02
4.427158460021018982e-02
4.390701279044151306e-02
4.312523454427719116e-02
4.347430542111396790e-02
4.348970577120780945e-02
4.316545650362968445e-02
4.353566095232963562e-02
4.260229691863059998e-02
4.292475059628486633e-02
4.204145446419715881e-02
4.208806157112121582e-02
4.241602122783660889e-02
4.234351590275764465e-02
4.138713330030441284e-02
4.165995493531227112e-02
4.202280193567276001e-02
4.227604344487190247e-02
4.171601682901382446e-02
4.172507673501968384e-02
4.154461994767189026e-02
4.086355119943618774e-02
4.086638614535331726e-02
4.155625030398368835e-02
4.143402725458145142e-02
4.057903587818145752e-02
4.101584851741790771e-02
4.102326557040214539e-02
4.077985882759094238e-02
4.064573347568511963e-02
4.080360010266304016e-02
4.017122834920883179e-02
4.035619273781776428e-02
4.112150147557258606e-02
5.497733131051063538e-02
5.492199957370758057e-02
5.400244146585464478e-02
5.388598889112472534e-02
5.233903229236602783e-02
5.139346048235893250e-02
5.070807412266731262e-02
4.995078593492507935e-02
5.006681755185127258e-02
4.937579110264778137e-02
4.887028783559799194e-02
4.822161048650741577e-02
4.871294647455215454e-02
4.785002395510673523e-02
4.841138049960136414e-02
4.760995879769325256e-02
4.665529727935791016e-02
4.617192223668098450e-02
4.610625654458999634e-02
4.599058628082275391e-02
4.506104812026023865e-02
4.565512761473655701e-02
4.550268501043319702e-02
4.471405968070030212e-02
4.493567347526550293e-02
4.458639770746231079e-02
4.408568888902664185e-02
4.371315613389015198e-02
4.358917102217674255e-02
4.403635859489440918e-02
4.413925483822822571e-02
4.360452666878700256e-02
4.390286281704902649e-02
4.351602122187614441e-02
4.328341782093048096e-02
4.254102706909179688e-02
4.279383271932601929e-02
4.310404881834983826e-02
4.264177381992340088e-02
4.241796955466270447e-02
4.225146770477294922e-02
4.209901392459869385e-02
4.278248921036720276e-02
4.200803115963935852e-02
4.265115782618522644e-02
4.179704561829566956e-02
4.223559796810150146e-02
4.193457216024398804e-02
4.177548363804817200e-02
4.182548075914382935e-02
4.154581949114799500e-02
4.146159067749977112e-02
4.245498031377792358e-02
4.212614521384239197e-02
4.088653251528739929e-02
4.225325211882591248e-02
4.168264567852020264e-02
4.131090268492698669e-02
4.187456145882606506e-02
4.101045057177543640e-02
4.193474352359771729e-02
4.100530222058296204e-02
4.114316031336784363e-02
4.135236144065856934e-02
4.097359254956245422e-02
4.124524444341659546e-02
4.165806621313095093e-02
