9.272137880325317383e-01
9.314670562744140625e-01
9.286025762557983398e-01
9.289930462837219238e-01
9.332900047302246094e-01
9.344617724418640137e-01
9.368057250976562500e-01
9.399306178092956543e-01
9.443141818046569824e-01
9.562498927116394043e-01
9.599825739860534668e-01
9.651042819023132324e-01
9.642794728279113770e-01
9.639323353767395020e-01
9.667968750000000000e-01
9.660590291023254395e-01
9.660589098930358887e-01
9.684461355209350586e-01
9.663626551628112793e-01
9.684025645256042480e-01
9.662326574325561523e-01
9.700086712837219238e-01
9.682725667953491211e-01
9.683160781860351562e-01
9.676647186279296875e-01
9.693577885627746582e-01
9.677082896232604980e-01
9.672306180000305176e-01
9.689236879348754883e-01
9.663626551628112793e-01
9.341792464256286621e-01
9.412180781364440918e-01
9.445768594741821289e-01
9.468415975570678711e-01
9.491433501243591309e-01
9.499641060829162598e-01
9.505305886268615723e-01
9.512945413589477539e-01
9.519453644752502441e-01
9.516817927360534668e-01
9.524637460708618164e-01
9.526434540748596191e-01
9.529739022254943848e-01
9.537572264671325684e-01
9.540591239929199219e-01
9.539734125137329102e-01
9.536063075065612793e-01
9.550499320030212402e-01
9.551062583923339844e-01
9.549456238746643066e-01
9.541910290718078613e-01
9.549272060394287109e-01
9.559642076492309570e-01
9.543988704681396484e-01
9.570972323417663574e-01
9.557946920394897461e-01
9.563993215560913086e-01
9.571639895439147949e-01
9.562672376632690430e-01
9.567761421203613281e-01
9.572953581809997559e-01
9.575120806694030762e-01
9.562948346138000488e-01
9.569553732872009277e-01
9.573050737380981445e-01
9.577199816703796387e-01
