5.075069299999995565e+00
8.249928400000499096e+00
1.154516740000053687e+01
1.483337050000045565e+01
1.811326830000052723e+01
2.135398869999971794e+01
2.459717650000038702e+01
2.781782100000054925e+01
3.113171539999984816e+01
3.440504669999972975e+01
3.792276889999993728e+01
4.113235799999984010e+01
4.443310750000000553e+01
4.767953260000012961e+01
5.094813549999980751e+01
5.422138189999986935e+01
5.748590130000047793e+01
6.074319170000035228e+01
6.401589539999986300e+01
6.726704479999989417e+01
7.052792000000044936e+01
7.380924310000045807e+01
7.705511480000041047e+01
8.027014599999984057e+01
8.358516690000033122e+01
8.686688299999968876e+01
9.012081870000019990e+01
9.337755070000002888e+01
9.665506920000007085e+01
9.992069300000002841e+01
1.123360525999996753e+02
1.247947372999997242e+02
1.373058928999998898e+02
1.497663141000002724e+02
1.622473054000001866e+02
1.746036665000001449e+02
1.871265212999996947e+02
1.995602267000003849e+02
2.120224987000001420e+02
2.245114427999997133e+02
2.369498620000003939e+02
2.493049962000004598e+02
2.618138795000004393e+02
2.742640836999999010e+02
2.866799312000002828e+02
2.991266181000000870e+02
3.115905818000001091e+02
3.239596406999999090e+02
3.364953912999999375e+02
3.489749405000002298e+02
3.613322828000000300e+02
3.738593992000005528e+02
3.862720927000000302e+02
3.988107841000000917e+02
4.112474632000003112e+02
4.237570141000005606e+02
4.361511350999999195e+02
4.486396016999997300e+02
4.611076271000001725e+02
4.735552370000004885e+02
4.859182848999998896e+02
4.983489578999997320e+02
5.108224989000000278e+02
5.232670341000002736e+02
5.360482351999999082e+02
5.484895999000000302e+02
