1.766871660947799683e-01
6.070068851113319397e-02
1.829426921904087067e-02
1.081195566803216934e-02
7.511095609515905380e-03
5.607918836176395416e-03
4.700382705777883530e-03
4.198709968477487564e-03
3.908426500856876373e-03
3.703184891492128372e-03
3.533391747623682022e-03
3.281344193965196609e-03
3.174267010763287544e-03
3.023012075573205948e-03
3.022432792931795120e-03
2.834958955645561218e-03
6.372530944645404816e-03
4.231662023812532425e-03
3.336806083098053932e-03
2.863033441826701164e-03
