1.856774679999989530e+01
3.659135909999986325e+01
5.426476360000015120e+01
7.129285519999984899e+01
8.944233380000014222e+01
1.069621289000001525e+02
1.239091701000002104e+02
1.419860994999999093e+02
1.592993092000001525e+02
1.759675363999999718e+02
1.944316791000001103e+02
2.117666199000000233e+02
2.287823536000000786e+02
2.468611435000002530e+02
2.642352974999998878e+02
2.811724960999999894e+02
2.993629080000000613e+02
3.162978336999999556e+02
3.343759129999998549e+02
3.520297060000002602e+02
3.689705333000001701e+02
3.869854666999999608e+02
4.043331250000001091e+02
4.213456522000001314e+02
4.394110384000000522e+02
4.568637068000002728e+02
4.741510220000000118e+02
4.925032242000002043e+02
5.100080216000001201e+02
5.269585219999999026e+02
5.451810138000000734e+02
5.625208182000001216e+02
5.793212134000000333e+02
5.976777772000000368e+02
6.144380925999998908e+02
6.325293431000000055e+02
6.500595824000001812e+02
6.670970838000002914e+02
6.855518987000000379e+02
7.032669727000002240e+02
7.205795680000001084e+02
7.387189487999999074e+02
7.566000483000002532e+02
7.738846278000000893e+02
7.922407954000000245e+02
8.100285106999999698e+02
8.273694080000000213e+02
8.456042127000000619e+02
8.631303232000000207e+02
8.803434713999999985e+02
8.988326150000002599e+02
9.166044102000000748e+02
9.338779143000001568e+02
9.525179477000001498e+02
9.703243760999998813e+02
9.876217738000000281e+02
1.006190456400000130e+03
1.023988198200000170e+03
1.041317560400000275e+03
1.059692497999999887e+03
1.077635292599999957e+03
1.095095485000000281e+03
1.113569072000000233e+03
1.131356091699999979e+03
1.148711930200000097e+03
1.167223407599999973e+03
1.185054935000000114e+03
1.202387696799999958e+03
1.220669351500000175e+03
1.238799374799999896e+03
1.256233320400000139e+03
1.274592289600000186e+03
1.292469057900000280e+03
1.309936655500000143e+03
1.328601439800000207e+03
1.346425471200000175e+03
1.363929325000000063e+03
1.382643719199999850e+03
1.400495579599999928e+03
1.418126149300000179e+03
1.436895928200000071e+03
1.454962878000000273e+03
1.472520696099999896e+03
1.491216081800000211e+03
1.509099290800000290e+03
1.526732672399999956e+03
1.545459194999999909e+03
1.563460078000000067e+03
1.580983082000000195e+03
1.599775064299999940e+03
1.617701079899999968e+03
1.635398695700000189e+03
1.654110311899999942e+03
1.672262158500000169e+03
1.689906022200000280e+03
1.708690620899999885e+03
1.726697532799999863e+03
1.744446184200000062e+03
1.763248834500000157e+03
1.781276993999999831e+03
1.799002619699999741e+03
1.817610504999999648e+03
1.835652345200000127e+03
1.853485903900000267e+03
1.872126912300000185e+03
1.890328030800000306e+03
1.907809034400000201e+03
1.926713081099999727e+03
1.944760260300000482e+03
1.962448849800000062e+03
1.981352398500000163e+03
1.999510926599999948e+03
2.017177050899999813e+03
2.036046215200000006e+03
2.054171471200000269e+03
2.071972069600000395e+03
2.091221080999999685e+03
2.109341997900000024e+03
2.127329214600000341e+03
2.146100993099999869e+03
2.164286738900000273e+03
2.182094450200000210e+03
2.201093353299999762e+03
2.219358795299999656e+03
2.237252839200000381e+03
2.256221171899999717e+03
2.274737159199999951e+03
2.292708281600000191e+03
2.311965860299999804e+03
2.330498822800000198e+03
2.348751817600000322e+03
2.367917690799999946e+03
2.386503051800000321e+03
2.404713921999999911e+03
2.423774676099999851e+03
2.442308116799999880e+03
2.460471746100000018e+03
2.479877191800000219e+03
2.498543164400000023e+03
2.516865465300000324e+03
2.536234652799999822e+03
2.554938030999999683e+03
2.573346023500000229e+03
2.592763398899999629e+03
2.611445659799999703e+03
2.629813958200000343e+03
2.649211749899999631e+03
