5.401251092553138733e-02
4.765823110938072205e-02
4.708864539861679077e-02
4.670448228716850281e-02
4.656322300434112549e-02
4.641675576567649841e-02
4.635482281446456909e-02
4.633000120520591736e-02
4.630569368600845337e-02
4.629591107368469238e-02
4.636794701218605042e-02
4.412722587585449219e-02
4.401146620512008667e-02
4.401507601141929626e-02
4.398586973547935486e-02
4.399475827813148499e-02
4.397616162896156311e-02
4.390455782413482666e-02
4.392532259225845337e-02
4.397015273571014404e-02
