8.434525200000052791e+00
1.542889710000008563e+01
2.250866130000008525e+01
2.947315409999987423e+01
3.650398160000008829e+01
4.350177389999998923e+01
5.041309049999995295e+01
5.757297730000004776e+01
6.453901070000006257e+01
7.144191559999990204e+01
7.819236430000000837e+01
9.630880019999995056e+01
1.144077356999998756e+02
1.323303003000000899e+02
1.502699642000000040e+02
1.680951072000000295e+02
1.859756428000000597e+02
2.039088053000000400e+02
2.220553468000000521e+02
2.399412073999999393e+02
