1.943758979999984149e+01
3.739962569999988773e+01
5.589860180000005130e+01
7.403511740000021746e+01
9.192927770000005694e+01
1.109050072000000000e+02
1.290454973000000791e+02
1.469842456999999740e+02
1.653915105000000949e+02
1.835726964000000407e+02
2.013746540000001914e+02
2.200520136000000093e+02
2.379541082999999162e+02
2.557695382000001700e+02
2.741819467999998778e+02
2.922200001999999586e+02
3.097920708000001468e+02
3.279796664999998939e+02
3.457429292000001624e+02
3.628796489000001202e+02
3.808974289000002500e+02
3.987198054999998931e+02
4.158138877000001230e+02
4.340039436000001842e+02
4.517797439999999369e+02
4.689493990000000849e+02
4.870356945000003179e+02
5.046837181000000783e+02
5.218156670999997004e+02
5.403123568000000887e+02
5.580422839000002568e+02
5.752065961999996944e+02
5.934177736999999979e+02
6.112462435999996160e+02
6.283873160000002827e+02
6.462715754999999263e+02
6.642147959000003539e+02
6.814436752000001434e+02
6.996415778000000500e+02
7.173180442000002586e+02
7.346322084000003088e+02
7.529218190999999933e+02
7.706390663000001950e+02
7.878549542999999176e+02
8.061838942000003954e+02
8.239188188999996783e+02
8.412010804000001372e+02
8.594888682000000699e+02
8.772796876000002158e+02
8.945561422000000675e+02
9.128909841000004235e+02
9.306953690000000279e+02
9.482341435999996975e+02
9.665687060999998721e+02
9.845344774000004691e+02
1.001940270500000224e+03
1.020228781200000412e+03
1.038188336000000163e+03
1.055436390300000312e+03
1.073791788499999711e+03
1.091675166099999842e+03
1.109336342599999625e+03
1.127907408000000032e+03
1.145869000200000301e+03
1.163452698799999780e+03
1.182153994700000112e+03
1.200247589999999946e+03
1.217914831899999626e+03
1.236461847399999897e+03
1.254582668699999886e+03
1.272253234699999666e+03
1.290910619299999780e+03
1.308998586700000487e+03
1.326773710800000117e+03
1.345348748899999919e+03
1.363376694700000371e+03
1.381239086200000202e+03
1.399983831300000020e+03
