8.718275427818298340e-01
8.711648583412170410e-01
8.719854354858398438e-01
8.750475645065307617e-01
8.738002181053161621e-01
8.754576444625854492e-01
8.760100603103637695e-01
8.539832234382629395e-01
8.516768217086791992e-01
8.528817892074584961e-01
8.537549972534179688e-01
8.820486068725585938e-01
9.072222709655761719e-01
9.196578264236450195e-01
9.306748509407043457e-01
9.347667694091796875e-01
9.366465806961059570e-01
9.380359053611755371e-01
9.402081370353698730e-01
9.411455392837524414e-01
9.416463971138000488e-01
9.418996572494506836e-01
9.430903792381286621e-01
9.436802268028259277e-01
9.439235925674438477e-01
9.448910355567932129e-01
9.464482665061950684e-01
9.456096291542053223e-01
9.477329850196838379e-01
9.482141137123107910e-01
9.475048184394836426e-01
9.481300711631774902e-01
9.476341009140014648e-01
9.486160874366760254e-01
9.484573602676391602e-01
9.501486420631408691e-01
9.499805569648742676e-01
9.492705464363098145e-01
9.499954581260681152e-01
9.501290321350097656e-01
9.507789611816406250e-01
9.493103623390197754e-01
9.504910707473754883e-01
9.507987499237060547e-01
9.505406022071838379e-01
9.520487785339355469e-01
9.509819746017456055e-01
9.509721994400024414e-01
9.514337182044982910e-01
9.519593119621276855e-01
9.519892334938049316e-01
9.526985287666320801e-01
9.525790810585021973e-01
9.513040781021118164e-01
