8.558593988418579102e-01
8.563801646232604980e-01
8.555556535720825195e-01
8.545139431953430176e-01
8.557726144790649414e-01
8.549912571907043457e-01
8.563367128372192383e-01
8.568142652511596680e-01
8.563802838325500488e-01
8.551650047302246094e-01
8.570746183395385742e-01
8.556857109069824219e-01
8.571614027023315430e-01
8.545572161674499512e-01
8.562499880790710449e-01
8.550780415534973145e-01
8.550781011581420898e-01
8.551216125488281250e-01
7.997622489929199219e-01
8.012152910232543945e-01
8.006963133811950684e-01
8.004696965217590332e-01
8.006489872932434082e-01
7.997434139251708984e-01
8.004133701324462891e-01
8.024040460586547852e-01
8.008850216865539551e-01
8.013381361961364746e-01
8.008092641830444336e-01
8.013758659362792969e-01
8.000264167785644531e-01
8.009513616561889648e-01
8.004510998725891113e-01
8.003662228584289551e-01
