5.349339172244071960e-02
4.802558571100234985e-02
4.867022857069969177e-02
4.926401376724243164e-02
4.972464963793754578e-02
4.956677556037902832e-02
4.866880923509597778e-02
4.826197773218154907e-02
4.827334359288215637e-02
4.911098629236221313e-02
4.780170693993568420e-02
4.940882325172424316e-02
4.762293025851249695e-02
4.944299533963203430e-02
4.886365309357643127e-02
4.917727410793304443e-02
4.918187856674194336e-02
4.982813447713851929e-02
6.648192554712295532e-02
6.635748594999313354e-02
6.632861495018005371e-02
6.603163480758666992e-02
6.647143512964248657e-02
6.648105382919311523e-02
6.622064113616943359e-02
6.537305563688278198e-02
6.581782549619674683e-02
6.583096086978912354e-02
6.610554456710815430e-02
6.547635793685913086e-02
6.630114465951919556e-02
6.611718982458114624e-02
6.604965031147003174e-02
6.626456975936889648e-02
