4.319143400000029942e+00
7.990229500000168628e+00
1.132977070000015374e+01
1.458774460000017825e+01
1.785246760000018185e+01
2.126419250000003558e+01
2.455944859999999608e+01
2.786059760000011920e+01
3.108831410000016149e+01
3.451249770000003991e+01
3.776442580000002636e+01
4.107803950000015902e+01
4.444785220000017034e+01
4.771383230000014919e+01
5.102949899999998706e+01
5.423769570000013118e+01
5.765963140000008025e+01
6.098680020000006152e+01
7.153319700000020021e+01
8.199875110000016321e+01
9.257340880000015204e+01
1.033040660000001481e+02
1.138059586000001673e+02
1.243480241000002025e+02
1.349099644000000353e+02
1.454488917000001038e+02
1.559901132000002235e+02
1.666200393000001441e+02
1.772028612000001431e+02
1.877639777000001686e+02
1.982980315000002065e+02
2.089914141000001564e+02
2.196886491000002479e+02
2.302879792000001089e+02
