9.221788644790649414e-01
9.245222806930541992e-01
9.268660545349121094e-01
9.289499521255493164e-01
9.370660781860351562e-01
9.393663406372070312e-01
9.494789838790893555e-01
9.608938097953796387e-01
9.630641937255859375e-01
9.651044011116027832e-01
9.654514193534851074e-01
9.673608541488647461e-01
9.677950739860534668e-01
9.635850787162780762e-01
9.667534828186035156e-01
9.659723043441772461e-01
9.658854603767395020e-01
9.664497375488281250e-01
9.664931297302246094e-01
9.680555462837219238e-01
9.664062261581420898e-01
9.683595895767211914e-01
9.680558443069458008e-01
9.669706225395202637e-01
9.348485469818115234e-01
9.429261684417724609e-01
9.456619620323181152e-01
9.470582008361816406e-01
9.485113024711608887e-01
9.494455456733703613e-01
9.505683779716491699e-01
9.521062374114990234e-01
9.515016078948974609e-01
9.523710012435913086e-01
9.531256556510925293e-01
9.537293910980224609e-01
9.537106156349182129e-01
9.539937376976013184e-01
9.540028572082519531e-01
9.540218710899353027e-01
9.556069374084472656e-01
9.540224671363830566e-01
9.552103877067565918e-01
9.557861685752868652e-01
9.558616280555725098e-01
9.562485814094543457e-01
9.558236598968505859e-01
9.558334350585937500e-01
9.555223584175109863e-01
9.566923975944519043e-01
9.564368128776550293e-01
9.567199945449829102e-01
9.561073184013366699e-01
9.567769169807434082e-01
9.570126533508300781e-01
9.572770595550537109e-01
9.572020769119262695e-01
9.570037126541137695e-01
9.572677612304687500e-01
9.580034017562866211e-01
9.574562311172485352e-01
