5.773028700000168101e+00
1.045851400000015019e+01
1.514042450000010831e+01
1.982780580000007831e+01
2.453081410000004325e+01
2.923232120000011491e+01
3.393073500000014064e+01
3.863516020000020035e+01
4.333192610000014611e+01
4.802659850000009101e+01
5.274432090000004791e+01
5.747736430000009022e+01
6.216877990000011778e+01
6.687987190000012561e+01
7.160483910000016294e+01
7.628128790000005210e+01
8.098262150000005022e+01
8.568255640000006679e+01
9.037832730000013726e+01
9.508678230000009535e+01
9.979782660000000760e+01
1.044948514000000159e+02
1.092233283000000483e+02
1.139331508000000213e+02
1.339519856000001710e+02
1.540356708000001618e+02
1.740398913000001357e+02
1.940706710000001749e+02
2.140659514000001309e+02
2.340689108000001397e+02
2.540448691000001418e+02
2.740637328000000252e+02
2.940513363000000027e+02
3.140327197999999953e+02
3.346008590999999797e+02
3.546599501000000600e+02
3.746320117000000209e+02
3.946231417000001329e+02
4.146494370000000345e+02
4.346597055000002001e+02
4.546494023000000197e+02
4.746328938999999991e+02
4.945741748000000371e+02
5.145452127000000928e+02
5.345161165000001802e+02
5.545164910000000873e+02
5.745072369000001800e+02
5.944656038000000535e+02
6.144330718000001070e+02
6.344154637999999977e+02
6.544188321000001451e+02
6.744056152000000566e+02
6.944007814000001417e+02
7.143637859000000390e+02
7.343230998999999883e+02
7.543130423000000064e+02
7.743070417999999790e+02
7.942973643000000266e+02
8.142595197999999073e+02
8.342430997999999818e+02
8.542111429000001408e+02
