6.431878209114074707e-01
7.383845448493957520e-01
7.803198695182800293e-01
8.071883916854858398e-01
8.278357386589050293e-01
8.478422760963439941e-01
8.615863323211669922e-01
8.774388432502746582e-01
8.917618989944458008e-01
9.038317799568176270e-01
9.149098992347717285e-01
9.210274815559387207e-01
9.285713434219360352e-01
9.299975633621215820e-01
9.331597089767456055e-01
9.375413060188293457e-01
9.401661157608032227e-01
9.408482909202575684e-01
9.432043433189392090e-01
9.442377686500549316e-01
9.462633728981018066e-01
9.501901268959045410e-01
9.468005895614624023e-01
9.510170221328735352e-01
9.488053321838378906e-01
9.520089030265808105e-01
9.510995745658874512e-01
9.533109068870544434e-01
9.570932984352111816e-01
9.577338695526123047e-01
9.605034589767456055e-01
9.590566754341125488e-01
9.615369439125061035e-01
9.634383916854858398e-01
9.641410112380981445e-01
9.650710821151733398e-01
9.654431939125061035e-01
9.661458134651184082e-01
9.660013318061828613e-01
9.666005969047546387e-01
9.666212201118469238e-01
9.663111567497253418e-01
9.670346379280090332e-01
9.684191942214965820e-01
9.671379923820495605e-01
9.676751494407653809e-01
9.683573842048645020e-01
9.686259031295776367e-01
9.686467051506042480e-01
9.689774513244628906e-01
9.681504368782043457e-01
9.687500000000000000e-01
9.684399962425231934e-01
9.679645299911499023e-01
9.687501192092895508e-01
9.688118696212768555e-01
9.681916832923889160e-01
9.677165746688842773e-01
9.676752686500549316e-01
9.679440855979919434e-01
9.686260223388671875e-01
9.692460298538208008e-01
9.692048430442810059e-01
9.697833061218261719e-01
9.691014289855957031e-01
9.690188169479370117e-01
9.692667126655578613e-01
9.691840410232543945e-01
9.778231382369995117e-01
9.813780188560485840e-01
9.807786345481872559e-01
9.800966382026672363e-01
9.804687500000000000e-01
9.803653955459594727e-01
9.805516004562377930e-01
9.804895520210266113e-01
9.804068207740783691e-01
9.804481267929077148e-01
9.805721044540405273e-01
9.801794886589050293e-01
9.799522161483764648e-01
9.799107313156127930e-01
9.803861975669860840e-01
9.809234142303466797e-01
9.816882610321044922e-01
9.885706305503845215e-01
9.893973469734191895e-01
9.888186454772949219e-01
9.889219403266906738e-01
9.883017539978027344e-01
9.896245598793029785e-01
9.889219999313354492e-01
9.892319440841674805e-01
9.894387125968933105e-01
9.889634251594543457e-01
9.892938733100891113e-01
9.899759888648986816e-01
9.905341267585754395e-01
9.892939329147338867e-01
9.888392686843872070e-01
9.636248350143432617e-01
9.657499790191650391e-01
9.669820070266723633e-01
9.662989377975463867e-01
9.670329093933105469e-01
9.660181999206542969e-01
9.666243195533752441e-01
9.673202633857727051e-01
9.670908451080322266e-01
9.672945737838745117e-01
9.676712155342102051e-01
9.678053855895996094e-01
9.681246280670166016e-01
9.677799344062805176e-01
9.687944054603576660e-01
9.684626460075378418e-01
9.685456752777099609e-01
9.693626165390014648e-01
9.697902798652648926e-01
9.691967964172363281e-01
9.695670008659362793e-01
9.702627658843994141e-01
