1.845264200000000088e+01
3.405084329999999682e+01
4.970333409999999930e+01
6.526710640000000296e+01
8.084510930000000428e+01
9.626652829999999028e+01
1.116178992999999906e+02
1.270316880999999967e+02
1.424534572999999966e+02
1.579109057999999948e+02
1.733649308999999903e+02
1.888762547000000040e+02
2.044723908999999935e+02
2.199526486000000034e+02
2.354338136000000077e+02
2.510994755000000112e+02
2.665943383000000040e+02
2.822025772000000075e+02
2.979061553000000231e+02
3.135963621000000217e+02
3.290640682000000083e+02
3.445361373999999728e+02
3.600799355999999989e+02
3.756145333000000051e+02
3.910312771000000112e+02
4.064813786999999934e+02
4.221087071999999694e+02
4.376079690999999912e+02
4.530188155000000165e+02
4.684703600999999935e+02
4.839345334000000207e+02
4.994730657000000065e+02
5.149842574000000468e+02
5.304735575000000836e+02
5.460098943000000418e+02
5.615675243000000592e+02
5.769874256000000514e+02
5.925871038000000226e+02
6.080808893000000808e+02
6.236399453000000221e+02
6.390297858000000133e+02
6.545266569000000345e+02
6.700417121000000407e+02
6.855489349000000630e+02
7.010143209000000297e+02
7.164810187000000496e+02
7.319362749000000576e+02
7.474675142000000960e+02
7.631658837000001085e+02
7.786298979000000600e+02
7.942605953000000909e+02
8.097752480000000332e+02
8.253105039000000716e+02
8.408477733000000853e+02
8.562651436000001013e+02
8.719304981000000225e+02
