5.737630128860473633e-01
6.238498091697692871e-01
6.455729007720947266e-01
6.651692986488342285e-01
6.749783754348754883e-01
6.886067390441894531e-01
6.983072757720947266e-01
7.061849236488342285e-01
7.152560353279113770e-01
7.221571207046508789e-01
7.300997972488403320e-01
7.358723878860473633e-01
7.429471015930175781e-01
7.475478053092956543e-01
7.547092437744140625e-01
7.572916746139526367e-01
7.644965052604675293e-01
7.701171636581420898e-01
7.756076455116271973e-01
7.810112833976745605e-01
7.835937738418579102e-01
7.899522781372070312e-01
7.951822280883789062e-01
7.999782562255859375e-01
8.048393130302429199e-01
8.095920681953430176e-01
8.112195730209350586e-01
8.139540553092956543e-01
8.181856870651245117e-01
8.208550214767456055e-01
8.232421875000000000e-01
8.277560472488403320e-01
8.327907323837280273e-01
8.343098759651184082e-01
8.369574546813964844e-01
8.416883349418640137e-01
8.468750119209289551e-01
8.458116650581359863e-01
8.511067628860473633e-01
8.547092676162719727e-01
8.588107228279113770e-01
8.589193224906921387e-01
8.625434041023254395e-01
8.659070730209350586e-01
8.673611879348754883e-01
8.734592199325561523e-01
8.748698234558105469e-01
8.750433921813964844e-01
8.826605677604675293e-01
8.823134303092956543e-01
8.874348402023315430e-01
8.883463740348815918e-01
8.907985687255859375e-01
8.919486999511718750e-01
8.977212905883789062e-01
8.974175453186035156e-01
9.003254771232604980e-01
9.037543535232543945e-01
9.057725667953491211e-01
9.065321087837219238e-01
9.093316793441772461e-01
9.121745228767395020e-01
9.147569537162780762e-01
9.168836474418640137e-01
9.164496660232543945e-01
9.215494394302368164e-01
9.220486879348754883e-01
9.257162213325500488e-01
9.271050691604614258e-01
9.293619990348815918e-01
9.293837547302246094e-01
9.335721135139465332e-01
9.347004890441894531e-01
9.360893368721008301e-01
9.367186427116394043e-01
9.405816793441772461e-01
9.372612833976745605e-01
9.401041865348815918e-01
9.421657323837280273e-01
9.440104365348815918e-01
9.450737833976745605e-01
9.448133707046508789e-01
9.467231035232543945e-01
9.465060234069824219e-01
9.479818344116210938e-01
9.478298425674438477e-01
9.508245587348937988e-01
9.507595300674438477e-01
9.512152671813964844e-01
9.512585401535034180e-01
9.539278745651245117e-01
9.531250000000000000e-01
9.546224474906921387e-01
9.541665911674499512e-01
9.572265744209289551e-01
9.555989503860473633e-01
9.568141698837280273e-01
9.569878578186035156e-01
9.585938453674316406e-01
9.584201574325561523e-01
9.149432778358459473e-01
9.307086467742919922e-01
9.390956759452819824e-01
9.439847469329833984e-01
9.462634921073913574e-01
9.481080174446105957e-01
9.494293332099914551e-01
9.514845609664916992e-01
9.519250392913818359e-01
9.527484774589538574e-01
9.544271826744079590e-01
9.558057188987731934e-01
9.571206569671630859e-01
9.571462273597717285e-01
9.582822322845458984e-01
9.585695862770080566e-01
9.592587947845458984e-01
9.588184356689453125e-01
9.591312408447265625e-01
9.589779973030090332e-01
9.600566625595092773e-01
9.604524970054626465e-01
9.603310823440551758e-01
9.603756070137023926e-01
9.603181481361389160e-01
9.596800208091735840e-01
9.606438875198364258e-01
9.603121280670166016e-01
9.603630304336547852e-01
9.595842957496643066e-01
9.596481323242187500e-01
9.596672058105468750e-01
9.604907035827636719e-01
9.607141017913818359e-01
9.602099061012268066e-01
9.600692987442016602e-01
9.609373807907104492e-01
9.616713523864746094e-01
9.618564844131469727e-01
9.626160860061645508e-01
9.634395837783813477e-01
9.628906250000000000e-01
9.626799225807189941e-01
9.634140133857727051e-01
9.628907442092895508e-01
9.624501466751098633e-01
9.634971618652343750e-01
9.622778296470642090e-01
9.632481932640075684e-01
9.634332060813903809e-01
9.632671475410461426e-01
9.622267484664916992e-01
9.625970125198364258e-01
9.616140723228454590e-01
9.623799920082092285e-01
9.623354673385620117e-01
9.626991152763366699e-01
9.620801210403442383e-01
9.622587561607360840e-01
9.619332551956176758e-01
9.620544314384460449e-01
9.624694585800170898e-01
9.627121090888977051e-01
9.619459509849548340e-01
9.619969725608825684e-01
9.628139734268188477e-01
9.623480439186096191e-01
9.628905057907104492e-01
9.625204801559448242e-01
9.626033902168273926e-01
9.618054628372192383e-01
9.629099369049072266e-01
9.618821144104003906e-01
9.621883630752563477e-01
9.623096585273742676e-01
9.620863795280456543e-01
9.638289213180541992e-01
9.615247249603271484e-01
9.617098569869995117e-01
9.622780084609985352e-01
9.629034399986267090e-01
9.623417854309082031e-01
9.623926877975463867e-01
9.623991847038269043e-01
9.626735448837280273e-01
9.613778591156005859e-01
9.632416963577270508e-01
9.624119997024536133e-01
9.625460505485534668e-01
9.622842073440551758e-01
9.635224938392639160e-01
9.620480537414550781e-01
9.628587365150451660e-01
9.623481631278991699e-01
9.631394743919372559e-01
9.630182981491088867e-01
9.630503058433532715e-01
9.635481238365173340e-01
9.631268978118896484e-01
9.646268486976623535e-01
