5.370370745658874512e-01
5.535300970077514648e-01
5.792824625968933105e-01
5.894097089767456055e-01
5.865162014961242676e-01
6.059027910232543945e-01
6.012731194496154785e-01
6.241319179534912109e-01
6.140046715736389160e-01
6.241319775581359863e-01
6.252893805503845215e-01
6.255787014961242676e-01
6.423611044883728027e-01
6.516203880310058594e-01
6.385995745658874512e-01
6.426504254341125488e-01
6.507523059844970703e-01
6.597222089767456055e-01
6.588541865348815918e-01
6.686921119689941406e-01
6.767939925193786621e-01
6.681134104728698730e-01
6.875000000000000000e-01
6.741898655891418457e-01
6.834490895271301270e-01
6.744791865348815918e-01
6.814236640930175781e-01
6.970486640930175781e-01
6.909722685813903809e-01
7.016782760620117188e-01
7.010995745658874512e-01
7.100694179534912109e-01
7.013888955116271973e-01
7.086226940155029297e-01
7.178819179534912109e-01
7.063078880310058594e-01
7.196180820465087891e-01
7.233796119689941406e-01
7.144097685813903809e-01
7.291666865348815918e-01
7.115162014961242676e-01
7.216435074806213379e-01
7.259837985038757324e-01
7.222222685813903809e-01
7.346643805503845215e-01
7.384259104728698730e-01
7.248263955116271973e-01
7.456596493721008301e-01
7.340857386589050293e-01
7.468171119689941406e-01
7.410301566123962402e-01
7.416087985038757324e-01
7.462384104728698730e-01
7.491319179534912109e-01
7.468171715736389160e-01
7.485532760620117188e-01
7.413194775581359863e-01
7.337136268615722656e-01
7.428075671195983887e-01
7.415674328804016113e-01
7.483465671539306641e-01
7.459490895271301270e-01
7.461144328117370605e-01
7.504134178161621094e-01
7.575231194496154785e-01
7.614087462425231934e-01
7.700892686843872070e-01
7.708333134651184082e-01
7.726521492004394531e-01
7.815806269645690918e-01
7.776950597763061523e-01
7.830687761306762695e-01
7.752975225448608398e-01
7.853835821151733398e-01
7.848049402236938477e-01
7.948908805847167969e-01
7.978671193122863770e-01
7.928240895271301270e-01
7.969576716423034668e-01
8.077876567840576172e-01
8.000991344451904297e-01
7.998511791229248047e-01
8.045635223388671875e-01
8.058862090110778809e-01
8.143187761306762695e-01
8.136574625968933105e-01
8.124173283576965332e-01
8.178737163543701172e-01
8.134921193122863770e-01
8.167989850044250488e-01
8.220072984695434570e-01
8.225033283233642578e-01
8.244875073432922363e-01
8.260581493377685547e-01
8.244047760963439941e-01
8.253968358039855957e-01
8.307703733444213867e-01
8.334159851074218750e-01
8.336640596389770508e-01
8.279595375061035156e-01
8.334986567497253418e-01
8.306052088737487793e-01
8.454861640930175781e-01
8.418485522270202637e-01
8.476356267929077148e-01
8.426751494407653809e-01
8.462302088737487793e-01
8.437498807907104492e-01
