1.184225752949714661e-01
9.382570534944534302e-02
7.868895679712295532e-02
6.799809634685516357e-02
6.006628274917602539e-02
5.479860678315162659e-02
4.976235702633857727e-02
4.715293645858764648e-02
4.340352118015289307e-02
4.106142744421958923e-02
3.831092640757560730e-02
3.627616167068481445e-02
3.571968525648117065e-02
3.369629010558128357e-02
3.185448795557022095e-02
3.118413127958774567e-02
2.911720983684062958e-02
2.815649285912513733e-02
2.698041684925556183e-02
2.511488273739814758e-02
2.418492548167705536e-02
2.310216985642910004e-02
2.274864539504051208e-02
2.121285535395145416e-02
2.072702348232269287e-02
1.933506876230239868e-02
1.894174143671989441e-02
1.819123327732086182e-02
1.732691563665866852e-02
1.683229021728038788e-02
1.624630205333232880e-02
1.607323065400123596e-02
1.542683225125074387e-02
1.493595913052558899e-02
1.417780388146638870e-02
1.389542035758495331e-02
1.356201618909835815e-02
1.267282664775848389e-02
1.238544844090938568e-02
1.187762152403593063e-02
1.225035171955823898e-02
1.145096682012081146e-02
1.130251493304967880e-02
1.129680592566728592e-02
1.085621118545532227e-02
1.074306946247816086e-02
1.020703278481960297e-02
1.009939983487129211e-02
9.957244619727134705e-03
9.633610025048255920e-03
8.863436989486217499e-03
9.055361151695251465e-03
9.275846183300018311e-03
8.628974668681621552e-03
8.992930874228477478e-03
8.594475686550140381e-03
8.217128925025463104e-03
8.195540867745876312e-03
8.400978520512580872e-03
7.991670630872249603e-03
7.698575966060161591e-03
7.815778255462646484e-03
7.586244028061628342e-03
7.584138773381710052e-03
7.134773302823305130e-03
7.341298740357160568e-03
7.036991417407989502e-03
7.136337924748659134e-03
6.979139987379312515e-03
6.987205240875482559e-03
6.769601255655288696e-03
6.554189138114452362e-03
6.602413021028041840e-03
6.403907667845487595e-03
6.222276948392391205e-03
6.655102595686912537e-03
6.341155618429183960e-03
6.182586774230003357e-03
6.147691980004310608e-03
6.189213600009679794e-03
6.130662281066179276e-03
5.924855358898639679e-03
6.050299853086471558e-03
5.904376972466707230e-03
5.669448524713516235e-03
5.920953582972288132e-03
5.611647386103868484e-03
5.547377746552228928e-03
5.656434688717126846e-03
5.501074250787496567e-03
5.501475185155868530e-03
5.502261687070131302e-03
5.510902032256126404e-03
5.377312656491994858e-03
5.315504502505064011e-03
5.380262620747089386e-03
5.354575347155332565e-03
5.390336271375417709e-03
5.423591937869787216e-03
1.416826806962490082e-02
1.321971882134675980e-02
1.284947432577610016e-02
1.282621361315250397e-02
1.214657351374626160e-02
1.214625313878059387e-02
1.173312589526176453e-02
1.161444932222366333e-02
1.134037692099809647e-02
1.119568757712841034e-02
1.072886399924755096e-02
1.069683674722909927e-02
1.060082390904426575e-02
1.036679092794656754e-02
1.007626950740814209e-02
1.006922964006662369e-02
1.001200918108224869e-02
9.889027103781700134e-03
9.782301262021064758e-03
9.441582486033439636e-03
9.339805692434310913e-03
9.369072504341602325e-03
9.360903874039649963e-03
9.136622771620750427e-03
9.207371622323989868e-03
8.967429399490356445e-03
8.857901208102703094e-03
8.792513050138950348e-03
8.829106576740741730e-03
8.589600212872028351e-03
8.474589325487613678e-03
8.522648364305496216e-03
8.527426980435848236e-03
8.268756791949272156e-03
8.432224392890930176e-03
8.168719708919525146e-03
8.106742054224014282e-03
8.150061592459678650e-03
7.983732037246227264e-03
7.942829281091690063e-03
8.012916892766952515e-03
7.666484452784061432e-03
7.821746170520782471e-03
7.666702382266521454e-03
7.547352463006973267e-03
7.651795167475938797e-03
7.581057026982307434e-03
7.359243929386138916e-03
7.236295379698276520e-03
7.261757273226976395e-03
7.230063900351524353e-03
7.249708287417888641e-03
7.172634825110435486e-03
7.174189202487468719e-03
7.091601379215717316e-03
7.158273831009864807e-03
