7.086783200000000171e+00
9.021860499999998950e+00
1.125914530000000013e+01
1.360275929999999889e+01
1.560540660000000202e+01
1.773923750000000155e+01
2.005229729999999932e+01
2.218792990000000032e+01
2.431439510000000226e+01
2.660810050000000260e+01
2.866930999999999941e+01
3.114668550000000380e+01
3.328664669999999859e+01
3.545998269999999764e+01
3.761175399999999769e+01
3.976403179999999793e+01
4.173617819999999767e+01
4.407763820000000266e+01
4.624675719999999757e+01
4.842499639999999772e+01
5.058869409999999789e+01
5.260846339999999799e+01
5.489272220000000146e+01
5.714899609999999797e+01
5.928570249999999930e+01
6.144186609999999860e+01
6.350805000000000433e+01
6.573892919999998696e+01
6.805422459999999774e+01
7.005515570000000025e+01
7.237200509999999554e+01
7.451897909999999570e+01
7.649794589999999062e+01
7.867550109999999108e+01
8.099273669999999470e+01
8.314800139999999828e+01
8.542392409999999359e+01
8.760043489999999622e+01
8.979421399999999664e+01
9.176928249999998854e+01
9.398268050000000073e+01
9.630613629999999148e+01
9.833209509999998943e+01
1.006364356999999927e+02
1.028162927999999994e+02
1.047925693999999908e+02
1.071186173999999909e+02
1.093162694999999900e+02
1.113621053999999901e+02
1.137082251999999869e+02
1.159118544999999898e+02
1.180176165999999967e+02
1.203689619999999962e+02
1.225451537000000002e+02
1.247381156999999945e+02
1.268777517000000046e+02
1.291084243999999899e+02
1.312875488999999902e+02
1.332564672000000030e+02
1.354618312000000060e+02
1.377833190000000059e+02
1.398362291999999911e+02
1.421527470999999991e+02
1.443681523999999854e+02
1.463693663999999899e+02
1.488562776999999926e+02
1.510370915999999966e+02
1.532446272999999906e+02
1.554404793999999868e+02
1.577398637000000008e+02
1.599717538999999817e+02
1.620772571999999911e+02
1.642095613999999841e+02
1.665529052999999919e+02
1.687203298000000018e+02
1.707177193999999929e+02
1.730114956999999833e+02
1.751850897999999859e+02
1.772028597000000048e+02
1.794377275999999881e+02
1.818354376999999999e+02
1.840648838999999839e+02
1.864830394999999896e+02
1.887707728999999972e+02
1.909230191999999988e+02
1.932847903999999915e+02
1.955048010999999804e+02
1.976699578999999858e+02
1.996446722000000022e+02
2.020230489999999861e+02
2.039834621999999911e+02
2.063742541999999958e+02
2.084000015000000019e+02
2.106261073999999951e+02
2.127819221999999968e+02
2.151499227999999846e+02
2.171927168999999935e+02
2.195321966999999859e+02
2.217134762000000023e+02
2.271873290000000054e+02
2.333375824999999963e+02
2.389209732999999858e+02
2.446344890999999961e+02
2.506810606999999891e+02
2.565270096000000422e+02
2.622913554000000431e+02
2.680257614000000217e+02
2.737677401000000259e+02
2.795464994000000161e+02
2.852246858999999972e+02
2.909654313000000343e+02
2.966952871000000300e+02
3.026751868000000059e+02
3.089283556000000317e+02
3.148586294000000407e+02
3.207880729000000315e+02
3.265002142000000163e+02
3.326128616999999963e+02
3.382256983999999989e+02
3.441256415000000288e+02
3.496540682000000402e+02
3.554623294000000442e+02
3.614779042000000118e+02
3.673158640000000332e+02
3.731201522000000068e+02
3.786981908000000203e+02
3.846526812000000177e+02
3.901617127000000096e+02
3.965797180000000139e+02
4.026190723000000276e+02
4.085755665000000363e+02
4.141361392000000023e+02
4.200387795000000324e+02
4.257362854000000425e+02
4.312867705000000456e+02
4.369639210000000276e+02
4.428086686000000327e+02
4.486535504999999944e+02
4.542827770000000100e+02
4.599096660000000156e+02
4.657073252000000139e+02
4.713617778000000271e+02
4.770634606000000417e+02
4.826116459000000418e+02
4.882384309000000258e+02
4.941032887000000073e+02
4.997176438000000189e+02
5.055556761000000279e+02
5.111245073999999704e+02
5.170600934999999936e+02
5.226873964000000115e+02
5.283662137000000030e+02
5.340106968000000052e+02
5.397508674000000610e+02
5.453048069999999825e+02
