2.844791412353515625e-01
2.809535562992095947e-01
2.819879353046417236e-01
2.609995603561401367e-01
2.686705589294433594e-01
2.635619342327117920e-01
2.610576450824737549e-01
2.559938132762908936e-01
2.552982568740844727e-01
2.435305118560791016e-01
2.508815824985504150e-01
2.476788759231567383e-01
2.427149415016174316e-01
2.390723228454589844e-01
2.407487630844116211e-01
2.409014403820037842e-01
2.371048033237457275e-01
2.376909255981445312e-01
2.379385530948638916e-01
2.356822490692138672e-01
2.414807081222534180e-01
2.253593504428863525e-01
2.203038632869720459e-01
2.189619541168212891e-01
2.148750126361846924e-01
2.135359346866607666e-01
2.113812267780303955e-01
2.068870812654495239e-01
2.103496342897415161e-01
2.042232751846313477e-01
2.037661969661712646e-01
1.999401748180389404e-01
1.972715556621551514e-01
1.983975023031234741e-01
1.910072714090347290e-01
1.917765438556671143e-01
1.945151090621948242e-01
1.901192814111709595e-01
1.875281482934951782e-01
1.896034926176071167e-01
1.873421370983123779e-01
1.846457719802856445e-01
1.867424547672271729e-01
1.824812442064285278e-01
1.827332079410552979e-01
1.815692633390426636e-01
1.825500279664993286e-01
1.814692020416259766e-01
1.785184144973754883e-01
1.764798462390899658e-01
1.756336688995361328e-01
1.724560260772705078e-01
1.792070716619491577e-01
1.783559322357177734e-01
1.758225262165069580e-01
1.710424721240997314e-01
1.736572086811065674e-01
1.714008301496505737e-01
1.713729798793792725e-01
1.728105992078781128e-01
1.719180494546890259e-01
1.692037880420684814e-01
1.676581203937530518e-01
1.665484458208084106e-01
1.702846288681030273e-01
1.656418293714523315e-01
1.634959280490875244e-01
1.609808206558227539e-01
1.653232276439666748e-01
1.611168086528778076e-01
1.648999750614166260e-01
1.657287925481796265e-01
