7.116478085517883301e-01
7.275253534317016602e-01
7.369002699851989746e-01
7.450599670410156250e-01
7.522096037864685059e-01
7.568971514701843262e-01
7.624210715293884277e-01
7.648832201957702637e-01
7.692865729331970215e-01
7.736269831657409668e-01
7.763414382934570312e-01
7.806817293167114258e-01
7.823074460029602051e-01
7.876735925674438477e-01
7.909092307090759277e-01
7.938603758811950684e-01
7.953442931175231934e-01
7.987691164016723633e-01
8.017204403877258301e-01
8.032354712486267090e-01
8.077965974807739258e-01
8.093435168266296387e-01
8.112373948097229004e-01
8.163036108016967773e-01
8.184658885002136230e-01
8.203439712524414062e-01
8.237690329551696777e-01
8.247317671775817871e-01
8.286142349243164062e-01
8.318340778350830078e-01
8.344696164131164551e-01
8.337750434875488281e-01
8.355429768562316895e-01
8.409407138824462891e-01
8.410668969154357910e-01
8.427556753158569336e-01
8.468750119209289551e-01
8.496053814888000488e-01
8.511520624160766602e-01
8.512626886367797852e-01
8.533459901809692383e-01
8.577333688735961914e-01
8.590278029441833496e-01
8.608902692794799805e-01
8.623579740524291992e-01
8.632417321205139160e-01
8.650884032249450684e-01
8.671557903289794922e-01
8.703756332397460938e-01
8.714331388473510742e-01
8.744159936904907227e-01
8.752052783966064453e-01
8.754734396934509277e-01
8.776198029518127441e-01
8.794190883636474609e-01
8.830491900444030762e-01
8.848325610160827637e-01
8.841540217399597168e-01
8.859690427780151367e-01
8.868055343627929688e-01
8.872632384300231934e-01
8.896937370300292969e-01
8.910827636718750000e-01
8.925819993019104004e-01
8.947129249572753906e-01
8.943181037902832031e-01
8.958016633987426758e-01
8.975851535797119141e-01
8.966699242591857910e-01
8.969223499298095703e-01
8.989427089691162109e-01
8.998104333877563477e-01
9.007575511932373047e-01
9.012626409530639648e-01
9.028092622756958008e-01
9.043402671813964844e-01
9.043243527412414551e-01
9.042297601699829102e-01
9.067867398262023926e-01
9.087752103805541992e-01
9.071653485298156738e-01
9.077653288841247559e-01
9.097222089767456055e-01
9.115686416625976562e-01
9.095012545585632324e-01
9.114898443222045898e-01
9.128630757331848145e-01
9.117265939712524414e-01
9.136837124824523926e-01
9.138573408126831055e-01
9.134313464164733887e-01
9.150728583335876465e-01
9.154829978942871094e-01
9.152778387069702148e-01
9.160985946655273438e-01
9.159405827522277832e-01
9.165877103805541992e-01
9.186236858367919922e-01
9.180870056152343750e-01
9.185132980346679688e-01
8.802776336669921875e-01
8.819589614868164062e-01
8.835021853446960449e-01
8.842956423759460449e-01
8.856297731399536133e-01
8.868204951286315918e-01
8.869248628616333008e-01
8.881500363349914551e-01
8.890774846076965332e-01
8.913940191268920898e-01
8.914880156517028809e-01
8.927976489067077637e-01
8.927975893020629883e-01
8.931300640106201172e-01
8.944842815399169922e-01
8.953124284744262695e-01
8.950247764587402344e-01
8.961855769157409668e-01
8.966665267944335938e-01
8.970535993576049805e-01
8.976885080337524414e-01
8.985912799835205078e-01
8.982884883880615234e-01
8.981600403785705566e-01
8.980309963226318359e-01
8.995931744575500488e-01
9.010812640190124512e-01
9.007788896560668945e-01
9.011207222938537598e-01
9.019592404365539551e-01
9.015028476715087891e-01
9.026144742965698242e-01
9.030059576034545898e-01
9.029811024665832520e-01
9.024404287338256836e-01
9.035367369651794434e-01
9.035716056823730469e-01
9.039434790611267090e-01
9.047770500183105469e-01
9.051883220672607422e-01
9.047470688819885254e-01
9.055162668228149414e-01
9.059919714927673340e-01
9.069247245788574219e-01
9.066172838211059570e-01
9.075692892074584961e-01
9.073860645294189453e-01
9.078767895698547363e-01
9.081449508666992188e-01
9.077084660530090332e-01
9.080754518508911133e-01
9.085616469383239746e-01
9.091572165489196777e-01
9.091467261314392090e-01
9.097171425819396973e-01
9.101784229278564453e-01
9.101984500885009766e-01
9.091567397117614746e-01
9.105703234672546387e-01
9.103372693061828613e-01
9.106893539428710938e-01
9.108679890632629395e-01
9.107391238212585449e-01
9.106943011283874512e-01
9.121574759483337402e-01
9.120735526084899902e-01
9.119345545768737793e-01
9.126039147377014160e-01
9.120485186576843262e-01
9.131397604942321777e-01
9.117659926414489746e-01
9.127877950668334961e-01
9.132937788963317871e-01
9.129663109779357910e-01
9.140527248382568359e-01
9.127033352851867676e-01
9.132194519042968750e-01
9.141616225242614746e-01
9.142462015151977539e-01
9.150002002716064453e-01
9.139089584350585938e-01
9.139931201934814453e-01
9.155803322792053223e-01
9.143648743629455566e-01
9.149254560470581055e-01
9.145387411117553711e-01
9.164434671401977539e-01
9.156249165534973145e-01
9.152131676673889160e-01
9.156993627548217773e-01
9.154116511344909668e-01
9.160022735595703125e-01
9.154862761497497559e-01
9.155011177062988281e-01
9.157290458679199219e-01
9.154415726661682129e-01
9.157137870788574219e-01
9.165033102035522461e-01
9.158931374549865723e-01
9.160514473915100098e-01
