7.837120890617370605e-01
8.271149396896362305e-01
8.504101634025573730e-01
8.657197356224060059e-01
8.775568008422851562e-01
8.815342187881469727e-01
8.915405273437500000e-01
8.940340280532836914e-01
8.999052643775939941e-01
9.040719270706176758e-01
9.039140939712524414e-01
9.096275568008422852e-01
9.112373590469360352e-01
9.131630063056945801e-01
9.173613786697387695e-01
9.175505638122558594e-01
9.173294901847839355e-01
9.189710021018981934e-01
9.210857748985290527e-01
9.237058758735656738e-01
9.212122559547424316e-01
9.231691360473632812e-01
9.242423772811889648e-01
9.259154796600341797e-01
9.268624186515808105e-01
9.282196164131164551e-01
9.274621009826660156e-01
9.280303716659545898e-01
9.286934137344360352e-01
9.321022629737854004e-01
9.296402931213378906e-01
9.302715659141540527e-01
9.296086430549621582e-01
9.311868548393249512e-01
9.315971136093139648e-01
9.328600168228149414e-01
9.339329600334167480e-01
9.324494004249572754e-01
9.358901381492614746e-01
9.303977489471435547e-01
9.359849691390991211e-01
9.329546093940734863e-01
9.342802762985229492e-01
9.360796809196472168e-01
9.353852868080139160e-01
9.331440329551696777e-01
9.351323843002319336e-01
9.365530610084533691e-01
9.357323646545410156e-01
9.356376528739929199e-01
9.361425042152404785e-01
9.372156858444213867e-01
9.369634389877319336e-01
9.370267987251281738e-01
9.367739558219909668e-01
9.396147727966308594e-01
9.377208948135375977e-01
9.371213912963867188e-01
9.394254684448242188e-01
9.367741942405700684e-01
9.404355287551879883e-01
9.389837384223937988e-01
9.377524852752685547e-01
9.363952875137329102e-01
9.387941956520080566e-01
9.368370175361633301e-01
9.357638955116271973e-01
9.398044347763061523e-01
9.385732412338256836e-01
9.372473359107971191e-01
9.389837384223937988e-01
9.374052286148071289e-01
9.381944537162780762e-01
9.395515322685241699e-01
9.403409957885742188e-01
9.370898008346557617e-01
9.369002580642700195e-01
9.389837980270385742e-01
9.383837580680847168e-01
9.374054074287414551e-01
9.375632405281066895e-01
9.394569993019104004e-01
9.388572573661804199e-01
9.390466213226318359e-01
9.374052286148071289e-01
9.394884705543518066e-01
9.371528625488281250e-01
9.387941956520080566e-01
9.392361044883728027e-01
9.397727847099304199e-01
9.386363029479980469e-01
9.383521080017089844e-01
9.362373948097229004e-01
9.388257861137390137e-01
9.387312531471252441e-01
9.386363625526428223e-01
9.400885105133056641e-01
9.387625455856323242e-01
9.401829838752746582e-01
9.382258057594299316e-01
8.993849158287048340e-01
9.015676379203796387e-01
9.021131396293640137e-01
9.021229743957519531e-01
9.010119438171386719e-01
9.013296961784362793e-01
9.012898206710815430e-01
9.030358791351318359e-01
9.021825194358825684e-01
9.013891816139221191e-01
9.014089703559875488e-01
9.019545316696166992e-01
9.022816419601440430e-01
9.030455946922302246e-01
9.022718071937561035e-01
9.020734429359436035e-01
9.025100469589233398e-01
9.026193022727966309e-01
9.018158912658691406e-01
9.018951654434204102e-01
9.029963016510009766e-01
9.027978777885437012e-01
9.028964638710021973e-01
9.021627306938171387e-01
9.029765129089355469e-01
9.037796258926391602e-01
9.034029841423034668e-01
9.035019278526306152e-01
9.027976989746093750e-01
9.034817814826965332e-01
9.019346237182617188e-01
9.026988148689270020e-01
9.031447768211364746e-01
9.037799239158630371e-01
9.035221934318542480e-01
9.035319089889526367e-01
9.030159115791320801e-01
9.037104249000549316e-01
9.029957652091979980e-01
9.040075540542602539e-01
9.022816419601440430e-01
9.024801254272460938e-01
9.017064571380615234e-01
9.011510610580444336e-01
9.028868079185485840e-01
9.033332467079162598e-01
9.017361998558044434e-01
9.031746387481689453e-01
9.037001132965087891e-01
9.027679562568664551e-01
9.030754566192626953e-01
9.037002921104431152e-01
9.033333659172058105e-01
9.029365181922912598e-01
9.045041203498840332e-01
9.039185643196105957e-01
9.024801254272460938e-01
9.036010503768920898e-01
9.041863083839416504e-01
9.034917354583740234e-01
9.025194644927978516e-01
9.026289582252502441e-01
9.041766524314880371e-01
9.038193821907043457e-01
9.039283394813537598e-01
9.042363762855529785e-01
9.037801623344421387e-01
9.043847918510437012e-01
9.033828377723693848e-01
9.038492441177368164e-01
9.035022854804992676e-01
9.039383530616760254e-01
9.045634269714355469e-01
9.030554294586181641e-01
9.031944274902343750e-01
