8.737690448760986328e-01
8.731376528739929199e-01
8.761047124862670898e-01
8.729797601699829102e-01
8.744475841522216797e-01
8.714016079902648926e-01
8.755523562431335449e-01
8.751577138900756836e-01
8.743370175361633301e-01
8.765940070152282715e-01
8.731849193572998047e-01
8.734216690063476562e-01
8.509028553962707520e-01
8.540080785751342773e-01
8.520984053611755371e-01
8.646181225776672363e-01
9.041073322296142578e-01
9.222320318222045898e-01
9.284721016883850098e-01
9.317214488983154297e-01
9.323909878730773926e-01
9.338050484657287598e-01
9.354217648506164551e-01
9.362795352935791016e-01
9.366418719291687012e-01
9.383085370063781738e-01
9.377633333206176758e-01
9.373217821121215820e-01
9.382041692733764648e-01
9.391173720359802246e-01
9.390424489974975586e-01
9.401736259460449219e-01
9.394344687461853027e-01
9.403720498085021973e-01
9.399701952934265137e-01
9.409522414207458496e-01
9.411807656288146973e-01
9.421577453613281250e-01
9.420387744903564453e-01
9.415723681449890137e-01
9.419344067573547363e-01
9.418948888778686523e-01
9.421083927154541016e-01
9.425943493843078613e-01
9.429564476013183594e-01
9.425300955772399902e-01
9.428719878196716309e-01
9.429116249084472656e-01
9.428669810295104980e-01
9.427827596664428711e-01
9.437552094459533691e-01
9.439185261726379395e-01
9.443253278732299805e-01
9.444642066955566406e-01
9.440326690673828125e-01
9.433382153511047363e-01
9.439882040023803711e-01
9.439533948898315430e-01
9.439139962196350098e-01
9.442854523658752441e-01
9.441964030265808105e-01
9.442706108093261719e-01
9.447770714759826660e-01
9.445141553878784180e-01
9.453618526458740234e-01
9.446827173233032227e-01
9.435470104217529297e-01
