6.546899676322937012e-02
4.630545526742935181e-02
4.613002017140388489e-02
4.615309089422225952e-02
4.612848535180091858e-02
4.616763815283775330e-02
4.611551389098167419e-02
4.616904258728027344e-02
4.619879275560379028e-02
4.614774137735366821e-02
4.613789543509483337e-02
4.616132378578186035e-02
4.415762424468994141e-02
4.404655843973159790e-02
4.395449906587600708e-02
3.726970031857490540e-02
1.739694923162460327e-02
1.002811826765537262e-02
7.367574609816074371e-03
6.231658626347780228e-03
5.598880350589752197e-03
5.197228398174047470e-03
4.846481140702962875e-03
4.437136463820934296e-03
4.279550164937973022e-03
4.028141964226961136e-03
3.947981633245944977e-03
3.795900382101535797e-03
3.723161993548274040e-03
3.517110366374254227e-03
3.556923940777778625e-03
3.339072223752737045e-03
3.375299274921417236e-03
3.218724625185132027e-03
3.251855028793215752e-03
3.172567347064614296e-03
3.182362765073776245e-03
2.962594386190176010e-03
2.966594649478793144e-03
2.896055579185485840e-03
2.923295134678483009e-03
2.934427931904792786e-03
2.886865753680467606e-03
2.901003463193774223e-03
2.746217185631394386e-03
2.720077289268374443e-03
2.748743863776326180e-03
2.737251110374927521e-03
2.730858046561479568e-03
2.732867607846856117e-03
2.732236403971910477e-03
2.624501241371035576e-03
2.552852034568786621e-03
2.541693625971674919e-03
2.512674080207943916e-03
2.604114124551415443e-03
2.565583912655711174e-03
2.556190593168139458e-03
2.583990339189767838e-03
2.480789320543408394e-03
2.392340218648314476e-03
2.484597731381654739e-03
2.441984135657548904e-03
2.432691166177392006e-03
2.393861766904592514e-03
2.451172331348061562e-03
2.551537007093429565e-03
