6.629942357540130615e-02
4.625163972377777100e-02
4.621892794966697693e-02
4.619627073407173157e-02
4.627189785242080688e-02
4.627242684364318848e-02
4.635626077651977539e-02
4.627662152051925659e-02
4.628010839223861694e-02
4.631608724594116211e-02
4.629877954721450806e-02
4.633799940347671509e-02
4.616339504718780518e-02
4.624282941222190857e-02
4.614776000380516052e-02
4.621723666787147522e-02
4.627349227666854858e-02
4.421889781951904297e-02
4.408494010567665100e-02
4.409474134445190430e-02
4.412759095430374146e-02
4.387087002396583557e-02
4.273038730025291443e-02
2.329717576503753662e-02
1.302528474479913712e-02
8.410211652517318726e-03
7.204924244433641434e-03
6.169734057039022446e-03
5.619945004582405090e-03
4.849951248615980148e-03
4.318518564105033875e-03
3.827662905678153038e-03
3.701443318277597427e-03
3.248683409765362740e-03
3.041259478777647018e-03
3.079358255490660667e-03
2.859489526599645615e-03
2.653390401974320412e-03
2.671145601198077202e-03
2.530315890908241272e-03
2.537110587581992149e-03
2.341815503314137459e-03
2.425900427624583244e-03
2.293095691129565239e-03
2.162871416658163071e-03
2.143083140254020691e-03
2.112522022798657417e-03
2.139723394066095352e-03
2.135847462341189384e-03
2.091812202706933022e-03
1.952461549080908298e-03
1.928746001794934273e-03
2.040653722360730171e-03
1.933949883095920086e-03
1.980076776817440987e-03
1.872936030849814415e-03
1.706373644992709160e-03
1.907389028929173946e-03
1.821285346522927284e-03
1.731982920318841934e-03
1.707972493022680283e-03
1.773378113284707069e-03
1.649729674682021141e-03
1.609465572983026505e-03
1.662191702052950859e-03
1.856251154094934464e-03
