1.897281890000000004e+01
3.575635359999999707e+01
5.264371859999999970e+01
6.933692669999999225e+01
8.635423850000000812e+01
1.030130114000000106e+02
1.195715988000000038e+02
1.365862457000000063e+02
1.534570500000000095e+02
1.698272089000000165e+02
1.864317348000000152e+02
2.035585230000000081e+02
2.199767281999999966e+02
2.363945291999999938e+02
2.527638439000000119e+02
2.692073831999999811e+02
2.857591191999999864e+02
3.020441927999999621e+02
3.187170466999999690e+02
3.353067636999999763e+02
3.519924269999999638e+02
3.682667402999999808e+02
3.847341974999999934e+02
4.011080737999999997e+02
4.174774196999999845e+02
4.338344710999999734e+02
4.501558615999999802e+02
4.665688849999999661e+02
4.831400079000000005e+02
4.994269254999999816e+02
5.156260912000000189e+02
5.318058300000000145e+02
5.481653380000000197e+02
5.644208522000000130e+02
5.806492319000000180e+02
5.969052616999999827e+02
6.131262964000000011e+02
6.294879007000000684e+02
6.457930221999999958e+02
6.619932095000000345e+02
6.782907650000000785e+02
6.947689627000000883e+02
7.110828495000000657e+02
7.273226975000000039e+02
7.435533324000000448e+02
7.599213690000000270e+02
7.762498014999999896e+02
7.923084908000000723e+02
8.087020104000000629e+02
8.249614147000000912e+02
8.411382274000000052e+02
8.574197495000000799e+02
8.736581357000000025e+02
8.899168366000000105e+02
9.062071232000000691e+02
9.224541871000000128e+02
9.385685399000000189e+02
9.549814903999999842e+02
9.708736900000000105e+02
9.875325928000000886e+02
1.004254403200000070e+03
1.020504631000000018e+03
1.036907524199999898e+03
1.053569034499999816e+03
1.069827242699999942e+03
1.086064687499999991e+03
1.101940951299999824e+03
1.118506924599999820e+03
1.134924896900000022e+03
1.151173660799999880e+03
1.167667944999999918e+03
1.183892060399999991e+03
1.200087869699999828e+03
1.216382318199999872e+03
1.232702955399999837e+03
1.248950695900000028e+03
1.265419960299999957e+03
1.281646708300000000e+03
1.298145958899999869e+03
1.314491662899999938e+03
1.330632764599999973e+03
1.347089311399999815e+03
1.363385574099999985e+03
1.379565162399999963e+03
1.395906569999999874e+03
1.412192680399999972e+03
1.428067051999999876e+03
1.444242297000000008e+03
1.461047481599999855e+03
1.476938054799999918e+03
1.493362146899999971e+03
1.509419758300000012e+03
1.525717106500000000e+03
1.542225469900000007e+03
1.558511140699999942e+03
1.574779482499999858e+03
1.591091858199999933e+03
1.607359911300000022e+03
1.623274860699999863e+03
1.639743105000000014e+03
