6.021923429999878863e+01
1.196680173999993713e+02
1.789054183000007470e+02
2.381381862999987788e+02
2.984118320000015956e+02
3.577121284999993804e+02
4.169976205000020855e+02
4.764760730000016338e+02
5.358514703000000736e+02
5.951445776000000478e+02
6.556319034000007377e+02
7.151308401999995112e+02
7.745762274000007892e+02
8.340457489000000351e+02
8.935280315000018163e+02
9.530285997999999381e+02
1.013416982800001279e+03
1.072778436700002203e+03
1.132206262600000628e+03
1.191789845399998740e+03
1.251230133500001102e+03
1.310714676499999769e+03
1.371034241600002133e+03
1.430451662999999826e+03
1.489914062200001354e+03
1.549511426699998992e+03
1.608840500199999951e+03
1.668828247600002214e+03
1.728422171099999105e+03
1.788797841200001130e+03
1.848684047400001873e+03
1.908443590300001233e+03
1.968073447300001135e+03
2.027679904399999941e+03
2.087465066500000830e+03
2.148497253900000942e+03
2.208256631600001128e+03
2.268083321000001888e+03
2.327938270499998907e+03
2.387629863199999818e+03
2.447727113500000996e+03
2.507605683400000999e+03
2.568249377200001618e+03
2.628192748500001471e+03
2.687916529000001901e+03
2.747316949799998838e+03
2.807008260400001745e+03
2.866560853499999212e+03
2.927331533700002183e+03
2.987160284900000988e+03
3.047013261799998872e+03
3.106915384600000834e+03
3.166840603799999371e+03
3.226557230499998695e+03
3.286340264499998739e+03
3.346979288900001848e+03
3.407231755000000703e+03
3.467156244300000253e+03
3.527537450200001331e+03
3.772378712000001542e+03
4.016590239699999074e+03
4.261140502300000662e+03
4.504632310600001802e+03
4.750002599700001156e+03
4.994304287900002237e+03
5.240907211000001553e+03
5.485812509200000932e+03
5.731659795200001099e+03
5.976994105500001751e+03
6.221328876400002628e+03
6.466131247099998291e+03
6.710401806000001670e+03
6.955427915599997505e+03
7.199014213200003724e+03
7.445248016999998072e+03
7.689024109899997711e+03
7.933621711500003585e+03
8.178043620500000543e+03
8.422123807900003158e+03
8.666797843699998339e+03
8.910519170599996869e+03
9.154471721800000523e+03
9.397796349900003406e+03
9.641536952900001779e+03
9.885034999700001208e+03
1.012983853249999811e+04
1.037417427219999809e+04
1.061861061499999778e+04
1.086271550879999995e+04
1.110610463490000257e+04
1.135052313850000064e+04
1.159350553770000261e+04
1.183715971790000185e+04
1.207984760880000249e+04
1.232390448689999903e+04
1.256693396139999822e+04
1.281137950439999986e+04
