8.328900199999999643e+00
1.391175290000000153e+01
1.953877709999999723e+01
2.522479149999999848e+01
3.087312649999999792e+01
3.668354659999999967e+01
4.230075279999999793e+01
4.800420009999999849e+01
5.368396609999999924e+01
5.940240610000000032e+01
6.512134790000000351e+01
7.073835160000000144e+01
7.642185100000000375e+01
8.217822030000000666e+01
8.783375640000001283e+01
9.347383740000000785e+01
9.910500060000001099e+01
1.046231841000000031e+02
1.102577937000000077e+02
1.158170816000000087e+02
1.216395360000000068e+02
1.272130730000000085e+02
1.326689278000000058e+02
1.383986245000000110e+02
1.440759209999999939e+02
1.496804314000000034e+02
1.553167171999999994e+02
1.609618172000000129e+02
1.665739647999999988e+02
1.721349081000000183e+02
1.778616882999999973e+02
1.834491143000000193e+02
1.889615253000000052e+02
1.945061196999999993e+02
2.000510581999999999e+02
2.056837469000000169e+02
2.112257749000000047e+02
2.166823322000000189e+02
2.226643945000000144e+02
2.282423407999999938e+02
2.339774338999999941e+02
2.395743467000000066e+02
2.452006564000000139e+02
2.508209817000000044e+02
2.564381153999999583e+02
2.619889685999999642e+02
2.675627827999999795e+02
2.733617895999999519e+02
2.789606754999999794e+02
2.846158393999999703e+02
2.901432774999999538e+02
2.956934463000000051e+02
3.009191439999999602e+02
3.065812875999999960e+02
3.125378387999999745e+02
3.181144204999999943e+02
3.235781054999999924e+02
3.290574311999999964e+02
3.343292134999999803e+02
3.401443949999999745e+02
3.456821164999999496e+02
3.510497321999999940e+02
3.566929175999999870e+02
3.621421705999999858e+02
3.676072233999999526e+02
3.730774690999999734e+02
3.785458225999999513e+02
3.838888400999999817e+02
3.895588955999999712e+02
3.950669863999999620e+02
4.005899315999999999e+02
4.062102944999999750e+02
4.117019156999999723e+02
4.173698153999999931e+02
4.229597940999999537e+02
4.285819434000000001e+02
4.341274163999999587e+02
4.396644602999999734e+02
4.452923017999999615e+02
4.511289563999999928e+02
4.567027762999999823e+02
4.622149575999999911e+02
4.678553766999999652e+02
4.733768576999999596e+02
4.790132565999999770e+02
4.846317042999999671e+02
4.902117969999999900e+02
4.957358238999999571e+02
5.013965527999999949e+02
5.069484633999999801e+02
5.123018164999999726e+02
5.181077533000000130e+02
5.235293475999999373e+02
5.290106630999999879e+02
5.344939418999999816e+02
5.399662888000000294e+02
5.454318107000000282e+02
5.508717783999999256e+02
5.564847138999999743e+02
5.617316605999999410e+02
5.778989070000000083e+02
5.939085268000000042e+02
6.098447135000000117e+02
6.261571582000000262e+02
6.418264520999999831e+02
6.581139234999999417e+02
6.743842230000000200e+02
6.908798643999999740e+02
7.070439655999999786e+02
7.239269368000000213e+02
7.403000197999999727e+02
7.567124049000000241e+02
7.731338739999999916e+02
7.896348381999999901e+02
8.057259504999999535e+02
8.222698675000000321e+02
8.387607322000000067e+02
8.550067560999999614e+02
8.714679340000000138e+02
8.878781445999999278e+02
9.043980901999999560e+02
9.208572825999999623e+02
9.372405742999999347e+02
9.537252406000000065e+02
9.696532234999999673e+02
9.863164070999999922e+02
1.002535683800000015e+03
1.018542379799999935e+03
1.034709334900000158e+03
1.051094860400000016e+03
1.067140372800000023e+03
1.083133861300000035e+03
1.098994379299999991e+03
1.115273946700000124e+03
1.131520635900000116e+03
1.147621706500000073e+03
1.163358107200000177e+03
1.179901386100000082e+03
1.196061007600000039e+03
1.212325165700000071e+03
1.228324742000000015e+03
1.244637912300000153e+03
1.260646108900000172e+03
1.276870180600000140e+03
1.293334650200000169e+03
1.309383175800000117e+03
1.325287240600000132e+03
1.341604391100000157e+03
1.358215550100000200e+03
1.374282935800000132e+03
1.390598310000000083e+03
1.406653178300000036e+03
1.422574912700000141e+03
1.439094183100000009e+03
1.455426656600000115e+03
1.471505996000000096e+03
1.487609027900000001e+03
1.503705580199999986e+03
1.520088233899999977e+03
1.536283214100000123e+03
1.552410597900000084e+03
1.568577984900000047e+03
1.584704309100000046e+03
1.601137503500000093e+03
1.617283634000000120e+03
1.633535053800000014e+03
1.649648336299999983e+03
1.665899595900000122e+03
1.682190853500000003e+03
1.698286166999999978e+03
1.714583022500000197e+03
1.730875024900000199e+03
1.746928892900000164e+03
1.763502679800000124e+03
1.779764939200000072e+03
1.795661784600000146e+03
1.812236051200000020e+03
1.828366532900000038e+03
1.844745725100000072e+03
1.860824046000000180e+03
1.877149320900000021e+03
1.893381025099999988e+03
1.909554910600000085e+03
1.925956860800000186e+03
1.942415962600000057e+03
1.958647292900000139e+03
1.974997310500000140e+03
1.991257844599999999e+03
2.007510098500000140e+03
2.023928439200000184e+03
2.040227645400000029e+03
2.056453368699999828e+03
2.072251837899999828e+03
2.088770755499999723e+03
2.105452030499999637e+03
2.121567093499999828e+03
2.138329126699999961e+03
2.154841983499999969e+03
2.171670728000000054e+03
2.188437745499999892e+03
