5.572248697280883789e-01
5.978899598121643066e-01
6.239315867424011230e-01
6.322783231735229492e-01
6.461671590805053711e-01
6.583198904991149902e-01
6.702724099159240723e-01
6.759482026100158691e-01
6.822248697280883789e-01
6.908386945724487305e-01
6.925080418586730957e-01
7.063300609588623047e-01
7.084001302719116211e-01
7.132745385169982910e-01
7.220885753631591797e-01
7.252938151359558105e-01
7.285657525062561035e-01
7.348424196243286133e-01
7.388488054275512695e-01
7.457265257835388184e-01
7.481971979141235352e-01
7.471287846565246582e-01
7.540732026100158691e-01
7.584133744239807129e-01
7.602163553237915039e-01
7.659588456153869629e-01
7.692307233810424805e-01
7.749733328819274902e-01
7.763088941574096680e-01
7.787125706672668457e-01
7.850561141967773438e-01
7.896634340286254883e-01
7.878605723381042480e-01
7.932024002075195312e-01
7.940037846565246582e-01
7.970085740089416504e-01
8.010817170143127441e-01
8.084935545921325684e-01
8.074252009391784668e-01
8.122329711914062500e-01
8.140357732772827148e-01
8.174412250518798828e-01
8.209133744239807129e-01
8.223158121109008789e-01
8.287926912307739258e-01
8.287260532379150391e-01
8.314636945724487305e-01
8.350026607513427734e-01
8.424145579338073730e-01
8.412126898765563965e-01
8.422809839248657227e-01
8.486912846565246582e-01
8.510283827781677246e-01
8.493589758872985840e-01
8.558359742164611816e-01
8.620459437370300293e-01
8.661191463470458984e-01
8.597089052200317383e-01
8.662527799606323242e-01
8.728633522987365723e-01
8.676549196243286133e-01
8.708599805831909180e-01
8.789396286010742188e-01
8.766693472862243652e-01
8.795405626296997070e-01
8.805422186851501465e-01
8.795406818389892578e-01
8.874199390411376953e-01
8.862847089767456055e-01
8.922942876815795898e-01
8.936965465545654297e-01
8.946982026100158691e-01
8.955662846565246582e-01
9.006410241127014160e-01
9.015759229660034180e-01
9.019097685813903809e-01
9.053819179534912109e-01
9.071180820465087891e-01
9.113247990608215332e-01
9.115918874740600586e-01
9.116586446762084961e-01
9.126603007316589355e-01
9.172675609588623047e-01
9.187366962432861328e-01
9.183359742164611816e-01
9.184027910232543945e-01
9.228098392486572266e-01
9.240785241127014160e-01
9.247463941574096680e-01
9.235443472862243652e-01
9.317575097084045410e-01
9.298210144042968750e-01
9.308894872665405273e-01
9.317573904991149902e-01
9.322916865348815918e-01
9.359641671180725098e-01
9.407051801681518555e-01
9.362312555313110352e-01
9.382344484329223633e-01
9.401709437370300293e-01
9.096616506576538086e-01
9.186450839042663574e-01
9.225614070892333984e-01
9.272649884223937988e-01
9.289003610610961914e-01
9.335835576057434082e-01
9.365108609199523926e-01
9.355821609497070312e-01
9.406090378761291504e-01
9.424054622650146484e-01
9.460997581481933594e-01
9.478560090065002441e-01
9.484819173812866211e-01
9.512679576873779297e-01
9.510657787322998047e-01
9.523782730102539062e-01
9.530847072601318359e-01
9.547801613807678223e-01
9.533267617225646973e-01
9.548207521438598633e-01
9.570816159248352051e-01
9.554061889648437500e-01
9.574452042579650879e-01
9.568799734115600586e-01
9.588784575462341309e-01
9.585350155830383301e-01
9.564357399940490723e-01
9.588178396224975586e-01
9.602915048599243164e-01
9.594637155532836914e-01
9.593224525451660156e-01
9.592618942260742188e-01
9.594234228134155273e-01
9.602713584899902344e-01
9.613817930221557617e-01
9.599887728691101074e-01
9.599888920783996582e-01
9.610586166381835938e-01
9.608163237571716309e-01
9.604125618934631348e-01
9.603925347328186035e-01
9.599685072898864746e-01
9.615229368209838867e-01
9.603722095489501953e-01
9.599280953407287598e-01
9.609981179237365723e-01
9.614017605781555176e-01
9.629966616630554199e-01
9.628956913948059082e-01
9.610991477966308594e-01
9.622697830200195312e-01
9.628149271011352539e-01
9.630572199821472168e-01
9.623506069183349609e-01
9.606750607490539551e-01
9.621083736419677734e-01
9.636829495429992676e-01
9.626535177230834961e-01
9.642481207847595215e-01
9.636626839637756348e-01
9.636831283569335938e-01
9.631380438804626465e-01
9.625525474548339844e-01
9.636830091476440430e-01
9.634808301925659180e-01
9.645106196403503418e-01
9.642481207847595215e-01
9.632995128631591797e-01
9.632993936538696289e-01
9.640462994575500488e-01
9.643491506576538086e-01
9.647327661514282227e-01
9.642281532287597656e-01
9.646720290184020996e-01
9.646924138069152832e-01
9.654189944267272949e-01
9.649952054023742676e-01
9.652173519134521484e-01
9.656007289886474609e-01
9.650760293006896973e-01
9.645510911941528320e-01
9.641472697257995605e-01
9.655200839042663574e-01
9.652777314186096191e-01
9.653382301330566406e-01
9.663476347923278809e-01
9.643692970275878906e-01
9.643087387084960938e-01
9.661456942558288574e-01
9.642684459686279297e-01
9.646317362785339355e-01
9.639253020286560059e-01
9.644299149513244629e-01
9.638646245002746582e-01
9.652374386787414551e-01
9.655403494834899902e-01
9.641674757003784180e-01
9.646721482276916504e-01
9.641876816749572754e-01
9.642280936241149902e-01
