2.939675450325012207e-01
2.913244664669036865e-01
2.879895865917205811e-01
2.847340106964111328e-01
2.785096764564514160e-01
2.734142541885375977e-01
2.705022990703582764e-01
2.659217119216918945e-01
2.608577013015747070e-01
2.581894695758819580e-01
2.558177709579467773e-01
2.528323233127593994e-01
2.491011172533035278e-01
2.469604015350341797e-01
2.447153031826019287e-01
2.432821542024612427e-01
2.409103810787200928e-01
2.384917438030242920e-01
2.368603497743606567e-01
2.343194633722305298e-01
2.330347746610641479e-01
2.323309183120727539e-01
2.297318428754806519e-01
2.289801836013793945e-01
2.275082319974899292e-01
2.254009246826171875e-01
2.243379354476928711e-01
2.220915257930755615e-01
2.218629419803619385e-01
2.200163751840591431e-01
2.180169373750686646e-01
2.172357439994812012e-01
2.157041430473327637e-01
2.146398425102233887e-01
2.133824080228805542e-01
2.115513086318969727e-01
2.110170722007751465e-01
2.094648629426956177e-01
2.079241126775741577e-01
2.080468237400054932e-01
2.063173353672027588e-01
2.051529437303543091e-01
2.043470740318298340e-01
2.040309458971023560e-01
2.022442519664764404e-01
2.015667557716369629e-01
2.006723582744598389e-01
1.997058093547821045e-01
1.987781226634979248e-01
1.977386176586151123e-01
1.970445066690444946e-01
1.959851980209350586e-01
1.952374428510665894e-01
1.944717615842819214e-01
1.934933364391326904e-01
1.930952221155166626e-01
1.923034191131591797e-01
1.914448440074920654e-01
1.902802288532257080e-01
1.902524679899215698e-01
1.893286556005477905e-01
1.885232180356979370e-01
1.877198815345764160e-01
1.870876848697662354e-01
1.856913566589355469e-01
1.855343729257583618e-01
1.849472373723983765e-01
1.841078102588653564e-01
1.834324747323989868e-01
1.829225271940231323e-01
1.818425804376602173e-01
1.821177601814270020e-01
1.806508302688598633e-01
1.808536201715469360e-01
1.798639595508575439e-01
1.791276037693023682e-01
1.776224821805953979e-01
1.778974682092666626e-01
1.771964728832244873e-01
1.764920502901077271e-01
1.758512556552886963e-01
1.756333857774734497e-01
1.749650835990905762e-01
1.742814928293228149e-01
1.737643331289291382e-01
1.735803782939910889e-01
1.728781610727310181e-01
1.721949279308319092e-01
1.718441098928451538e-01
1.711439490318298340e-01
1.703922599554061890e-01
1.702057272195816040e-01
1.700067520141601562e-01
1.694260090589523315e-01
1.691567599773406982e-01
1.682578027248382568e-01
1.682798564434051514e-01
1.678316146135330200e-01
1.672231853008270264e-01
1.666084229946136475e-01
1.700150221586227417e-01
1.686045527458190918e-01
1.673250347375869751e-01
1.660454571247100830e-01
1.649174988269805908e-01
1.638478934764862061e-01
1.629283130168914795e-01
1.613451838493347168e-01
1.604678779840469360e-01
1.593928933143615723e-01
1.580388545989990234e-01
1.571029722690582275e-01
1.561556309461593628e-01
1.554818898439407349e-01
1.543540805578231812e-01
1.530370414257049561e-01
1.521042436361312866e-01
1.513621211051940918e-01
1.506761461496353149e-01
1.493163108825683594e-01
1.487776488065719604e-01
1.475898772478103638e-01
1.468478441238403320e-01
1.459629684686660767e-01
1.451978981494903564e-01
1.441071778535842896e-01
1.433624923229217529e-01
1.426235437393188477e-01
1.418022364377975464e-01
1.408679336309432983e-01
1.401351541280746460e-01
1.394380033016204834e-01
1.385482400655746460e-01
1.377566754817962646e-01
1.368633806705474854e-01
1.366060674190521240e-01
1.356955021619796753e-01
1.347386538982391357e-01
1.339802443981170654e-01
1.330936700105667114e-01
1.324032098054885864e-01
1.319198161363601685e-01
1.310638040304183960e-01
1.302901804447174072e-01
1.299856305122375488e-01
1.293355673551559448e-01
1.287810504436492920e-01
1.277352124452590942e-01
1.270764917135238647e-01
1.265742182731628418e-01
1.259758323431015015e-01
1.253439486026763916e-01
1.244996339082717896e-01
1.240666732192039490e-01
1.233667805790901184e-01
1.227945163846015930e-01
1.218697801232337952e-01
1.213167831301689148e-01
1.207530573010444641e-01
1.202669888734817505e-01
1.194237843155860901e-01
1.188984215259552002e-01
1.183792799711227417e-01
1.177086532115936279e-01
1.171444728970527649e-01
1.165694966912269592e-01
1.163225471973419189e-01
1.156281307339668274e-01
1.149206608533859253e-01
1.142446845769882202e-01
1.136325448751449585e-01
1.133067607879638672e-01
1.127546280622482300e-01
1.123109832406044006e-01
1.117078363895416260e-01
1.111312210559844971e-01
1.105914339423179626e-01
1.099458187818527222e-01
1.093752235174179077e-01
1.089657321572303772e-01
1.083546355366706848e-01
1.079993620514869690e-01
1.073568388819694519e-01
1.066613942384719849e-01
1.061069220304489136e-01
1.059386208653450012e-01
1.055939868092536926e-01
1.048981249332427979e-01
1.046198531985282898e-01
1.040098443627357483e-01
1.034204065799713135e-01
1.029786169528961182e-01
1.022909879684448242e-01
1.020941361784934998e-01
1.013059839606285095e-01
1.009599119424819946e-01
1.004686877131462097e-01
9.996008872985839844e-02
9.990509599447250366e-02
9.932525455951690674e-02
