4.559610550000000018e+01
4.892714919999999523e+01
5.227219019999999716e+01
5.559817069999999717e+01
5.893781289999999728e+01
6.226392380000000060e+01
6.558578839999999843e+01
6.892093020000000081e+01
7.224218199999999968e+01
7.556663240000000314e+01
7.889266369999999995e+01
8.222010829999999260e+01
8.556587709999999447e+01
8.889587509999999781e+01
9.223534920000000170e+01
9.559879159999999843e+01
9.893775589999999909e+01
1.022788718999999986e+02
1.056283904999999947e+02
1.089728274999999940e+02
1.123443663999999984e+02
1.156927294000000046e+02
1.190386656000000016e+02
1.224104418999999950e+02
1.257579570000000047e+02
1.291017736000000014e+02
1.324454412999999988e+02
1.357951679999999897e+02
1.391655879999999854e+02
1.425069321999999943e+02
1.458523817999999892e+02
1.492221644999999910e+02
1.525665708999999879e+02
1.559117675999999904e+02
1.592557956999999931e+02
1.625985034999999925e+02
1.659642886000000033e+02
1.693098530000000039e+02
1.726548396000000025e+02
1.760329448999999897e+02
1.793830579000000114e+02
1.827706836000000123e+02
1.861199983999999858e+02
1.894978501999999878e+02
1.929132291999999893e+02
1.962803629000000001e+02
1.997044956999999954e+02
2.030558757000000014e+02
2.064794743999999866e+02
2.101597863000000075e+02
2.135252046999999891e+02
2.178808784999999943e+02
2.212089054999999860e+02
2.245346251999999936e+02
2.278765080000000012e+02
2.312036273999999878e+02
2.345297126000000105e+02
2.378568284000000119e+02
2.411829496999999947e+02
2.445267869999999846e+02
2.478549127999999939e+02
2.511824029999999937e+02
2.545285621999999819e+02
2.578621237000000406e+02
2.612017871000000468e+02
2.645544624999999996e+02
2.679037143000000469e+02
2.712545552000000271e+02
2.745815675000000056e+02
2.779097723000000428e+02
2.812562672000000248e+02
2.845951459999999997e+02
2.879264586000000463e+02
2.912571227000000249e+02
2.945832844000000250e+02
2.979236055000000079e+02
3.012522530000000529e+02
3.045894302000000380e+02
3.079445965000000456e+02
3.112921933000000081e+02
3.146491265000000226e+02
3.179968071000000123e+02
3.213403359000000137e+02
3.247089147000000366e+02
3.280556386000000089e+02
3.314020088000000328e+02
3.347732346000000234e+02
3.381176929000000086e+02
3.414615597000000093e+02
3.448143707000000404e+02
3.481603751000000102e+02
3.515265707000000361e+02
3.548741310999999996e+02
3.587709637000000384e+02
3.620978900000000067e+02
3.654276851000000192e+02
3.687728590000000395e+02
3.720984164000000192e+02
3.754243356000000063e+02
3.787497294000000352e+02
4.765338389000000348e+02
4.871171758000000409e+02
4.976943591000000424e+02
5.083942584000000124e+02
5.189638906999999790e+02
5.296062147000000095e+02
5.401750885999999809e+02
5.508056358000000046e+02
5.614611568000000261e+02
5.720340618999999833e+02
5.827318565000000490e+02
5.935536437000000660e+02
6.041447527999999920e+02
6.148099379000000226e+02
6.253175446000000193e+02
6.376667919999999867e+02
6.483294630999999981e+02
6.588199368000000504e+02
6.694411165999999866e+02
6.799446261000000504e+02
6.905221925000000738e+02
7.012081865999999764e+02
7.117583888000000343e+02
7.224832631000000447e+02
7.330057320000000800e+02
7.479620045000000346e+02
7.587214311000000180e+02
7.692664568000000145e+02
7.799160219999999981e+02
7.904146219000000428e+02
8.009928469000000177e+02
8.116216531000000032e+02
8.221261875000000146e+02
8.400882588000000624e+02
8.555705828999999767e+02
8.660916009000000031e+02
8.767429879000000028e+02
8.872747054999999818e+02
8.993261051000000634e+02
9.101377462000000378e+02
9.207370159000000740e+02
9.314098260000000664e+02
9.420140076000000136e+02
9.531137314999999717e+02
9.637747183000000177e+02
9.742788054000000102e+02
9.850122463000000153e+02
9.955426651000000220e+02
1.007931279800000084e+03
1.018733813199999986e+03
1.029254553900000019e+03
1.039922166500000003e+03
1.050467174399999976e+03
1.061083362899999884e+03
1.073140660099999877e+03
1.083746197100000018e+03
1.094414161999999806e+03
1.106956538499999851e+03
1.117541591799999878e+03
1.128088399699999854e+03
1.138574528999999984e+03
1.149083123799999839e+03
1.159663642799999934e+03
1.170177168199999869e+03
1.180700500700000021e+03
1.191257714699999951e+03
1.201784233899999890e+03
1.212340553099999852e+03
1.222832451099999844e+03
1.233347394099999974e+03
1.243940801899999997e+03
1.254451884699999937e+03
1.264972486899999922e+03
1.275559864899999866e+03
1.286077357499999835e+03
1.296666120899999896e+03
1.307180622399999947e+03
1.317688511599999856e+03
1.333367623599999888e+03
1.347133470099999840e+03
1.359411964699999999e+03
1.370080129399999805e+03
1.380607583699999850e+03
1.391262930199999801e+03
1.401770433799999864e+03
1.412350160499999902e+03
1.427409023799999886e+03
1.437994110200000023e+03
1.448653252199999997e+03
1.459170602700000018e+03
1.469753932699999950e+03
1.480358610600000020e+03
1.490872816999999941e+03
1.504590939699999808e+03
1.515115584599999920e+03
1.532022045699999808e+03
1.542671850399999812e+03
1.553203780299999835e+03
1.563882459100000005e+03
1.574431454699999904e+03
