2.644884288311004639e-01
2.330802530050277710e-01
2.206120043992996216e-01
2.094774246215820312e-01
2.017179280519485474e-01
1.968901306390762329e-01
1.913815140724182129e-01
1.858782172203063965e-01
1.826138943433761597e-01
1.814469844102859497e-01
1.780343800783157349e-01
1.742531061172485352e-01
1.722140908241271973e-01
1.705846786499023438e-01
1.687164306640625000e-01
1.672274023294448853e-01
1.655901670455932617e-01
1.628922522068023682e-01
1.631939560174942017e-01
1.626151353120803833e-01
1.607675403356552124e-01
1.607834845781326294e-01
1.587424427270889282e-01
1.574990302324295044e-01
1.569845825433731079e-01
1.545186191797256470e-01
1.547289937734603882e-01
1.542994379997253418e-01
1.517238765954971313e-01
1.508299857378005981e-01
1.503689289093017578e-01
1.502203196287155151e-01
1.505283117294311523e-01
1.494843810796737671e-01
1.472112089395523071e-01
1.467915624380111694e-01
1.476144939661026001e-01
1.459317356348037720e-01
1.459680944681167603e-01
1.450127214193344116e-01
1.441586762666702271e-01
1.428047269582748413e-01
1.412417441606521606e-01
1.416589617729187012e-01
1.421139091253280640e-01
1.398388296365737915e-01
1.395450979471206665e-01
1.382188051939010620e-01
1.387525200843811035e-01
1.379489451646804810e-01
1.374426931142807007e-01
1.362052410840988159e-01
1.365661025047302246e-01
1.368857622146606445e-01
1.356656402349472046e-01
1.337222456932067871e-01
1.339916437864303589e-01
1.338736861944198608e-01
1.336851865053176880e-01
1.324039548635482788e-01
1.326109468936920166e-01
1.315451711416244507e-01
1.311208158731460571e-01
1.311634629964828491e-01
1.286394745111465454e-01
1.295818239450454712e-01
1.285618543624877930e-01
1.270175874233245850e-01
1.272143572568893433e-01
1.266382485628128052e-01
1.262813210487365723e-01
1.273560971021652222e-01
1.263247430324554443e-01
1.273986846208572388e-01
1.289797127246856689e-01
1.274687647819519043e-01
1.261426061391830444e-01
1.248908936977386475e-01
1.224766373634338379e-01
1.212004721164703369e-01
1.207509711384773254e-01
1.191994249820709229e-01
1.167741939425468445e-01
1.160305887460708618e-01
1.133464425802230835e-01
1.131688505411148071e-01
1.112285926938056946e-01
1.100457981228828430e-01
1.091029793024063110e-01
1.080318987369537354e-01
1.062049493193626404e-01
1.047822758555412292e-01
1.040304303169250488e-01
1.027968302369117737e-01
1.013403609395027161e-01
1.006237193942070007e-01
9.820725023746490479e-02
9.672797471284866333e-02
9.697741270065307617e-02
9.578594565391540527e-02
9.396574646234512329e-02
9.251156449317932129e-02
9.137485921382904053e-02
9.029742330312728882e-02
8.961323648691177368e-02
8.878465741872787476e-02
8.716519922018051147e-02
8.546983450651168823e-02
8.547095209360122681e-02
8.391267061233520508e-02
8.229714632034301758e-02
8.208027482032775879e-02
8.132708817720413208e-02
8.057680726051330566e-02
7.875253260135650635e-02
7.778011262416839600e-02
7.654185593128204346e-02
7.567695528268814087e-02
7.350252568721771240e-02
7.322794198989868164e-02
7.346259802579879761e-02
7.220910489559173584e-02
7.051144540309906006e-02
7.015682756900787354e-02
6.937442719936370850e-02
6.815880537033081055e-02
6.715571880340576172e-02
6.616762280464172363e-02
6.545098870992660522e-02
6.460600346326828003e-02
6.409374624490737915e-02
6.267088651657104492e-02
6.236355751752853394e-02
6.146423518657684326e-02
6.095937266945838928e-02
5.956939235329627991e-02
5.913197249174118042e-02
5.748812854290008545e-02
5.839560180902481079e-02
5.778460204601287842e-02
5.767407268285751343e-02
5.709780007600784302e-02
5.533435940742492676e-02
5.438275635242462158e-02
5.442160740494728088e-02
5.372563377022743225e-02
5.277635902166366577e-02
5.276803672313690186e-02
5.190310999751091003e-02
5.234218388795852661e-02
5.160732939839363098e-02
5.007525905966758728e-02
4.946637153625488281e-02
4.956139251589775085e-02
4.906554520130157471e-02
4.849923402070999146e-02
4.864589497447013855e-02
4.781393334269523621e-02
4.702482372522354126e-02
4.706570133566856384e-02
4.625653102993965149e-02
4.653359204530715942e-02
4.581019282341003418e-02
4.570868238806724548e-02
4.507013037800788879e-02
4.452246800065040588e-02
4.397704452276229858e-02
4.463162645697593689e-02
4.376313462853431702e-02
4.433458298444747925e-02
4.320938512682914734e-02
4.375018179416656494e-02
4.289850592613220215e-02
4.256848990917205811e-02
