5.515154004096984863e-01
5.983586311340332031e-01
6.308393478393554688e-01
6.690025925636291504e-01
7.000948786735534668e-01
7.327333688735961914e-01
7.693493366241455078e-01
8.057766556739807129e-01
8.310611844062805176e-01
8.638573288917541504e-01
8.853842020034790039e-01
9.008513689041137695e-01
9.067224264144897461e-01
9.133195281028747559e-01
9.188754558563232422e-01
9.218426346778869629e-01
9.243682026863098145e-01
9.270510673522949219e-01
9.267985224723815918e-01
9.282825589179992676e-01
9.303974509239196777e-01
9.321970343589782715e-01
9.306501746177673340e-01
9.303026795387268066e-01
9.337121248245239258e-01
9.320073723793029785e-01
9.320390820503234863e-01
9.335222840309143066e-01
9.029780626296997070e-01
9.032244682312011719e-01
9.046242237091064453e-01
9.044563770294189453e-01
9.054175615310668945e-01
9.059435129165649414e-01
9.072529077529907227e-01
9.067172408103942871e-01
9.079278707504272461e-01
9.070845842361450195e-01
9.084336757659912109e-01
9.099311828613281250e-01
9.076399207115173340e-01
9.095245599746704102e-01
9.084830880165100098e-01
9.102486968040466309e-01
9.101402163505554199e-01
9.106861352920532227e-01
9.107852578163146973e-01
9.120948314666748047e-01
9.114888906478881836e-01
9.113215208053588867e-01
9.113802909851074219e-01
9.121937155723571777e-01
9.127983450889587402e-01
9.115183949470520020e-01
9.120339751243591309e-01
9.139091968536376953e-01
9.125809073448181152e-01
9.128184318542480469e-01
9.136520028114318848e-01
9.127784967422485352e-01
9.134730100631713867e-01
9.120244383811950684e-01
