9.155735599999388796e+00
1.636586099999931321e+01
2.362080739999964862e+01
3.086726050000015675e+01
3.816855510000004870e+01
4.541236260000005132e+01
5.267367689999991853e+01
5.994659739999951853e+01
6.715398039999945468e+01
7.441661969999950088e+01
8.165788669999983540e+01
8.887179939999987255e+01
9.609429599999930360e+01
1.032788451999995232e+02
1.104766009999993912e+02
1.176076386999993701e+02
1.247697309999994104e+02
1.319631847000000562e+02
1.391069757999994181e+02
1.462477031999997052e+02
1.534822337999994488e+02
1.606294536999994307e+02
1.678228332999997292e+02
1.749901837999996133e+02
1.822041939000000639e+02
1.893569979999992938e+02
1.964774942999993073e+02
2.035884710999998788e+02
2.308311945999994350e+02
2.580649340999998458e+02
2.853878559999993740e+02
3.126379464999999982e+02
3.399036030999996001e+02
3.672423591999995551e+02
3.946881767999993826e+02
4.215778032999996867e+02
4.485095528000001650e+02
4.754378452999999354e+02
5.024674698999997418e+02
5.296532361999998102e+02
5.575744829999994181e+02
5.854439605999996274e+02
6.131348825999994006e+02
6.401504046999998536e+02
6.671183461000000534e+02
6.941022394000001441e+02
7.211063385999996171e+02
7.480585228999998435e+02
7.750297041999992871e+02
8.020632898999992904e+02
8.290113360999994256e+02
8.559771061000001282e+02
8.830009634999996706e+02
9.099757042000001093e+02
9.369663510000000315e+02
9.639639657999996416e+02
9.909370985999994446e+02
1.017948407799999586e+03
1.044838522500000181e+03
1.071843603899999835e+03
1.098818934399999307e+03
1.125916914800000086e+03
