8.173546195030212402e-01
8.716884851455688477e-01
8.930363059043884277e-01
9.028099775314331055e-01
9.067966938018798828e-01
9.128086566925048828e-01
9.120692610740661621e-01
9.158627986907958984e-01
9.192386269569396973e-01
9.214570522308349609e-01
9.234503507614135742e-01
9.247685670852661133e-01
9.256687760353088379e-01
9.288194179534912109e-01
9.293339252471923828e-01
9.323238134384155273e-01
9.326775074005126953e-01
9.329345822334289551e-01
9.342207312583923340e-01
9.356032013893127441e-01
9.339634776115417480e-01
9.361175894737243652e-01
9.359569549560546875e-01
9.375964999198913574e-01
9.383359551429748535e-01
9.375321269035339355e-01
9.382393956184387207e-01
9.380143284797668457e-01
9.392683506011962891e-01
9.393969774246215820e-01
9.367926120758056641e-01
9.379179477691650391e-01
9.387218356132507324e-01
9.393649101257324219e-01
9.371784925460815430e-01
9.399113059043884277e-01
9.395897388458251953e-01
9.404578208923339844e-01
9.379179477691650391e-01
9.384001493453979492e-01
9.402008056640625000e-01
9.402006864547729492e-01
9.394932389259338379e-01
9.395255446434020996e-01
9.393326640129089355e-01
9.403292536735534668e-01
9.401041865348815918e-01
9.418080449104309082e-01
9.410365819931030273e-01
9.404256343841552734e-01
9.420653581619262695e-01
9.392040371894836426e-01
9.412615299224853516e-01
9.407471418380737305e-01
9.410686492919921875e-01
9.402006864547729492e-01
9.391396641731262207e-01
9.416794776916503906e-01
9.384966492652893066e-01
9.396219849586486816e-01
9.403935074806213379e-01
9.416152834892272949e-01
9.403290748596191406e-01
9.404256343841552734e-01
9.399435520172119141e-01
9.367604851722717285e-01
9.390432834625244141e-01
9.390752315521240234e-01
9.390431642532348633e-01
9.408757686614990234e-01
9.394934177398681641e-01
9.391396045684814453e-01
9.394932389259338379e-01
9.383037090301513672e-01
9.377894401550292969e-01
9.396862387657165527e-01
9.411972761154174805e-01
9.386897087097167969e-01
9.391719102859497070e-01
9.389466643333435059e-01
9.053519368171691895e-01
9.061800241470336914e-01
9.055019021034240723e-01
9.059606194496154785e-01
9.058210849761962891e-01
9.056714773178100586e-01
9.058009386062622070e-01
9.068287014961242676e-01
9.038352370262145996e-01
9.060406088829040527e-01
9.060503840446472168e-01
9.062402844429016113e-01
9.059306383132934570e-01
9.049828052520751953e-01
9.063500761985778809e-01
9.054816961288452148e-01
9.062002897262573242e-01
9.065693020820617676e-01
9.058608412742614746e-01
9.069885611534118652e-01
9.060804247856140137e-01
9.057512879371643066e-01
9.070481657981872559e-01
9.056913852691650391e-01
9.054518938064575195e-01
9.069680571556091309e-01
9.066889882087707520e-01
9.061402678489685059e-01
9.064193964004516602e-01
9.074872732162475586e-01
9.063497781753540039e-01
9.054516553878784180e-01
9.074271917343139648e-01
9.057610034942626953e-01
9.058212637901306152e-01
9.052222967147827148e-01
9.069383144378662109e-01
9.062401056289672852e-01
9.057211875915527344e-01
9.049827456474304199e-01
9.062699079513549805e-01
9.055715799331665039e-01
9.066590666770935059e-01
9.063495993614196777e-01
9.068089723587036133e-01
9.061701297760009766e-01
9.073475599288940430e-01
9.069783687591552734e-01
9.073676466941833496e-01
9.071180224418640137e-01
9.071681499481201172e-01
9.063597917556762695e-01
9.070382714271545410e-01
9.065994620323181152e-01
9.067986011505126953e-01
9.065791368484497070e-01
9.066990613937377930e-01
9.060105681419372559e-01
9.067786931991577148e-01
9.072178006172180176e-01
9.079162478446960449e-01
9.067386388778686523e-01
9.063495993614196777e-01
9.088143706321716309e-01
9.071677923202514648e-01
9.068486690521240234e-01
9.072976708412170410e-01
9.079461693763732910e-01
9.071180224418640137e-01
9.068384170532226562e-01
9.074273705482482910e-01
9.075073599815368652e-01
9.072775840759277344e-01
9.062898755073547363e-01
9.062997102737426758e-01
9.055514335632324219e-01
9.068985581398010254e-01
