7.263622283935546875e-01
7.506676912307739258e-01
7.672943472862243652e-01
7.808493375778198242e-01
7.887286543846130371e-01
7.968082427978515625e-01
7.999465465545654297e-01
8.090277910232543945e-01
8.136352300643920898e-01
8.169070482254028320e-01
8.209134340286254883e-01
8.288595676422119141e-01
8.306623697280883789e-01
8.378738760948181152e-01
8.392761945724487305e-01
8.439503312110900879e-01
8.488916158676147461e-01
8.502269983291625977e-01
8.566372990608215332e-01
8.580395579338073730e-01
8.596420884132385254e-01
8.643829822540283203e-01
8.643831014633178711e-01
8.664530515670776367e-01
8.703258037567138672e-01
8.762687444686889648e-01
8.755341768264770508e-01
8.798743486404418945e-01
8.829461336135864258e-01
8.830127716064453125e-01
8.886886239051818848e-01
8.872863054275512695e-01
8.903579115867614746e-01
8.913595676422119141e-01
8.956330418586730957e-01
9.002403616905212402e-01
8.973023295402526855e-01
8.999065160751342773e-01
9.025106430053710938e-01
9.041801095008850098e-01
9.015090465545654297e-01
9.054486751556396484e-01
9.027109742164611816e-01
9.073851704597473145e-01
9.092547893524169922e-01
9.092549085617065430e-01
9.095219969749450684e-01
9.127938151359558105e-01
9.110577106475830078e-01
9.131945371627807617e-01
9.151308536529541016e-01
9.161992669105529785e-01
9.197381138801574707e-01
9.149305820465087891e-01
9.200052618980407715e-01
9.153979420661926270e-01
9.177349805831909180e-01
9.198049902915954590e-01
9.222756028175354004e-01
9.208734035491943359e-01
9.243456721305847168e-01
9.228765964508056641e-01
9.228098392486572266e-01
9.248130321502685547e-01
9.254139661788940430e-01
9.242787957191467285e-01
9.270166158676147461e-01
9.268162846565246582e-01
9.250800609588623047e-01
9.286858439445495605e-01
9.248130321502685547e-01
9.284855723381042480e-01
9.259482622146606445e-01
9.270833134651184082e-01
9.272837042808532715e-01
9.282184839248657227e-01
9.275506734848022461e-01
9.312899708747863770e-01
9.310897588729858398e-01
9.336939454078674316e-01
9.319578409194946289e-01
9.296875000000000000e-01
9.317573904991149902e-01
9.336938858032226562e-01
9.336939454078674316e-01
9.352297186851501465e-01
9.346288442611694336e-01
9.332932233810424805e-01
9.342948198318481445e-01
9.360309839248657227e-01
9.372328519821166992e-01
9.339609742164611816e-01
9.340944886207580566e-01
9.328259825706481934e-01
9.394363760948181152e-01
9.375668168067932129e-01
9.343617558479309082e-01
9.379675388336181641e-01
9.382345676422119141e-01
9.383680820465087891e-01
9.000525474548339844e-01
9.009408950805664062e-01
9.026970863342285156e-01
9.039889574050903320e-01
9.071784019470214844e-01
9.052407145500183105e-01
9.053820371627807617e-01
9.073400497436523438e-01
9.091166853904724121e-01
9.093589186668395996e-01
9.084907174110412598e-01
9.103078842163085938e-01
9.089751839637756348e-01
9.107923507690429688e-01
9.116198420524597168e-01
9.121649265289306641e-01
9.125889539718627930e-01
9.119832515716552734e-01
9.113774895668029785e-01
9.131137132644653320e-01
9.124677777290344238e-01
9.144865274429321289e-01
9.137193560600280762e-01
9.136384725570678711e-01
9.152131080627441406e-01
9.163436889648437500e-01
9.145269393920898438e-01
9.134570360183715820e-01
9.139817953109741211e-01
9.142644405364990234e-01
9.167676568031311035e-01
9.154351949691772461e-01
9.184632301330566406e-01
9.164848327636718750e-01
9.175547957420349121e-01
9.158793687820434570e-01
9.180797338485717773e-01
9.162630438804626465e-01
9.169291853904724121e-01
9.182614088058471680e-01
9.171712994575500488e-01
9.188268780708312988e-01
9.166262149810791016e-01
9.162426590919494629e-01
9.194524884223937988e-01
9.182412624359130859e-01
9.191091656684875488e-01
9.155564308166503906e-01
9.170704483985900879e-01
9.180392622947692871e-01
9.174134135246276855e-01
9.164648056030273438e-01
9.178577661514282227e-01
9.193919897079467773e-01
9.178780913352966309e-01
9.174135923385620117e-01
9.198562502861022949e-01
9.198361635208129883e-01
9.182816147804260254e-01
9.190286397933959961e-01
9.187662601470947266e-01
9.177972674369812012e-01
9.172924757003784180e-01
9.191294908523559570e-01
9.197351336479187012e-01
9.180595278739929199e-01
9.192505478858947754e-01
9.193313121795654297e-01
9.196544289588928223e-01
9.196139574050903320e-01
