1.347265094518661499e-01
1.220336630940437317e-01
1.151496991515159607e-01
1.105336621403694153e-01
1.071707382798194885e-01
1.022477671504020691e-01
1.003062576055526733e-01
9.674875438213348389e-02
9.475718438625335693e-02
9.267261624336242676e-02
8.928978443145751953e-02
8.731592446565628052e-02
8.539021760225296021e-02
8.327876776456832886e-02
8.126333355903625488e-02
8.013895899057388306e-02
7.763961702585220337e-02
7.564535737037658691e-02
7.351512461900711060e-02
7.255554944276809692e-02
7.120192795991897583e-02
6.922931224107742310e-02
6.764706224203109741e-02
6.626004725694656372e-02
6.493532657623291016e-02
6.355320662260055542e-02
6.224898248910903931e-02
6.107629835605621338e-02
5.990727245807647705e-02
5.839505046606063843e-02
5.682297423481941223e-02
5.731485784053802490e-02
5.491895973682403564e-02
5.444427207112312317e-02
5.370388180017471313e-02
5.166814103722572327e-02
5.090167373418807983e-02
5.051809921860694885e-02
5.006321892142295837e-02
4.924115911126136780e-02
4.848558083176612854e-02
4.872513189911842346e-02
4.827886447310447693e-02
4.636501893401145935e-02
4.539623484015464783e-02
4.532765597105026245e-02
4.538520053029060364e-02
4.443178698420524597e-02
4.349578917026519775e-02
4.340207576751708984e-02
4.291590675711631775e-02
4.236187413334846497e-02
4.168508201837539673e-02
4.119177907705307007e-02
3.977827355265617371e-02
4.004903882741928101e-02
4.013734683394432068e-02
3.928423672914505005e-02
3.866652399301528931e-02
3.831538185477256775e-02
3.765522688627243042e-02
3.743072226643562317e-02
3.689907863736152649e-02
3.692829236388206482e-02
3.645358234643936157e-02
3.591889888048171997e-02
3.600547835230827332e-02
3.490923345088958740e-02
3.536268696188926697e-02
3.507907316088676453e-02
3.552075847983360291e-02
3.401074185967445374e-02
3.339646756649017334e-02
3.385361656546592712e-02
3.274453431367874146e-02
3.300528228282928467e-02
3.241902589797973633e-02
3.191047534346580505e-02
3.161195293068885803e-02
3.129997476935386658e-02
3.049373812973499298e-02
3.199138492345809937e-02
3.013248182833194733e-02
3.003939054906368256e-02
2.972210198640823364e-02
2.980398014187812805e-02
2.936035022139549255e-02
2.893794700503349304e-02
2.895617112517356873e-02
2.867177873849868774e-02
2.876813337206840515e-02
2.892148867249488831e-02
2.836092375218868256e-02
2.783303521573543549e-02
2.707195095717906952e-02
2.638033404946327209e-02
2.670486085116863251e-02
2.614920027554035187e-02
2.621812373399734497e-02
2.598922699689865112e-02
3.395854309201240540e-02
3.301799669861793518e-02
3.173708543181419373e-02
3.121990337967872620e-02
2.993061579763889313e-02
2.967271953821182251e-02
2.909207902848720551e-02
2.900952845811843872e-02
2.774894423782825470e-02
2.719946578145027161e-02
2.680537849664688110e-02
2.633075416088104248e-02
2.566321194171905518e-02
2.486971393227577209e-02
2.473107352852821350e-02
2.386884018778800964e-02
2.398529648780822754e-02
2.290215156972408295e-02
2.251429855823516846e-02
2.246747352182865143e-02
2.227408997714519501e-02
2.155806496739387512e-02
2.148276753723621368e-02
2.102308906614780426e-02
2.044771611690521240e-02
2.028422057628631592e-02
2.009598165750503540e-02
1.963130012154579163e-02
1.985893212258815765e-02
1.929350383579730988e-02
1.896620728075504303e-02
1.920431852340698242e-02
1.831567473709583282e-02
1.802045293152332306e-02
1.777190342545509338e-02
1.778990589082241058e-02
1.728057861328125000e-02
1.764184050261974335e-02
1.728489995002746582e-02
1.707388833165168762e-02
1.690326072275638580e-02
1.665677502751350403e-02
1.628811471164226532e-02
1.682905666530132294e-02
1.606261916458606720e-02
1.611529663205146790e-02
1.600564084947109222e-02
1.576853357255458832e-02
1.561410631984472275e-02
1.559796743094921112e-02
1.551156304776668549e-02
1.513797603547573090e-02
1.483163610100746155e-02
1.497629936784505844e-02
1.456127874553203583e-02
1.477932557463645935e-02
1.460267603397369385e-02
1.458798721432685852e-02
1.444633770734071732e-02
1.426828559488058090e-02
1.429042685776948929e-02
1.435119472444057465e-02
1.436585094779729843e-02
1.402353961020708084e-02
1.372070610523223877e-02
1.372648496180772781e-02
1.360506378114223480e-02
1.355048269033432007e-02
1.362507883459329605e-02
1.367090363055467606e-02
