7.678662538528442383e-01
8.102273344993591309e-01
8.405933976173400879e-01
8.708965182304382324e-01
8.878788352012634277e-01
9.029040336608886719e-01
9.101641774177551270e-01
9.131312370300292969e-01
9.178662896156311035e-01
9.162249565124511719e-01
9.174873828887939453e-01
9.232956767082214355e-01
9.226642847061157227e-01
9.232323169708251953e-01
9.251262545585632324e-01
9.260732531547546387e-01
9.263890385627746582e-01
9.292930364608764648e-01
9.295455217361450195e-01
9.295456409454345703e-01
9.293561577796936035e-01
9.296718835830688477e-01
9.294191598892211914e-01
9.282196760177612305e-01
9.324494600296020508e-01
9.307448863983154297e-01
9.326387047767639160e-01
9.330807924270629883e-01
9.348486661911010742e-01
9.345328807830810547e-01
9.348486661911010742e-01
9.339646100997924805e-01
9.342173337936401367e-01
9.356059432029724121e-01
9.374368190765380859e-01
9.364899396896362305e-01
9.358584880828857422e-01
9.344696998596191406e-01
9.377526640892028809e-01
9.354796409606933594e-01
9.364899992942810059e-01
9.356058835983276367e-01
9.388257265090942383e-01
9.386992454528808594e-01
9.398357868194580078e-01
9.373739361763000488e-01
9.373106360435485840e-01
9.392675161361694336e-01
9.388889670372009277e-01
9.392675757408142090e-01
9.402780532836914062e-01
9.391412734985351562e-01
9.407827854156494141e-01
9.409090280532836914e-01
9.017258286476135254e-01
9.028567075729370117e-01
9.017064571380615234e-01
9.050396084785461426e-01
9.060119390487670898e-01
9.041275382041931152e-01
9.035717844963073730e-01
9.055358171463012695e-01
9.058530330657958984e-01
9.071231484413146973e-01
9.075595736503601074e-01
9.070835709571838379e-01
9.082342386245727539e-01
9.090082049369812012e-01
9.094052314758300781e-01
9.110715985298156738e-01
9.100995659828186035e-01
9.100595712661743164e-01
9.083134531974792480e-01
9.115278720855712891e-01
9.113097190856933594e-01
9.099805355072021484e-01
9.087699651718139648e-01
9.093651175498962402e-01
9.118850231170654297e-01
9.128565192222595215e-01
9.123013019561767578e-01
9.126984477043151855e-01
9.127776026725769043e-01
9.131155014038085938e-01
9.135316014289855957e-01
9.125989675521850586e-01
9.128569960594177246e-01
9.127977490425109863e-01
9.133926033973693848e-01
9.135115146636962891e-01
9.138890504837036133e-01
9.123613834381103516e-01
9.134126305580139160e-01
9.135316610336303711e-01
9.134917259216308594e-01
9.152381420135498047e-01
9.134919047355651855e-01
9.136113524436950684e-01
