1.153176650404930115e-01
9.105411171913146973e-02
7.423876225948333740e-02
5.796312913298606873e-02
4.518117010593414307e-02
3.627945110201835632e-02
3.076579421758651733e-02
2.703842706978321075e-02
2.478330396115779877e-02
2.375089935958385468e-02
2.176055684685707092e-02
1.912363432347774506e-02
1.974379457533359528e-02
1.946598477661609650e-02
1.874535717070102692e-02
1.766068674623966217e-02
1.683796569705009460e-02
1.656718179583549500e-02
1.603811606764793396e-02
1.586268655955791473e-02
1.571490243077278137e-02
1.598938554525375366e-02
1.570692285895347595e-02
1.566684246063232422e-02
1.429222896695137024e-02
1.414109021425247192e-02
1.438266038894653320e-02
1.357228215783834457e-02
1.402847841382026672e-02
1.340962946414947510e-02
1.323621068149805069e-02
1.340683735907077789e-02
1.322718523442745209e-02
1.320078782737255096e-02
1.231419481337070465e-02
1.209511980414390564e-02
1.276963390409946442e-02
1.301981601864099503e-02
1.173244416713714600e-02
1.203804370015859604e-02
1.240854058414697647e-02
1.224481966346502304e-02
1.121022924780845642e-02
1.187925785779953003e-02
1.151478756219148636e-02
1.133939437568187714e-02
1.130577735602855682e-02
1.120836846530437469e-02
1.053443830460309982e-02
1.123069413006305695e-02
1.064697932451963425e-02
1.104889716953039169e-02
1.037691812962293625e-02
1.119726151227951050e-02
1.903503201901912689e-02
1.812374405562877655e-02
1.800796017050743103e-02
1.760241389274597168e-02
1.679304987192153931e-02
1.664134487509727478e-02
1.671661809086799622e-02
1.614714227616786957e-02
1.611819304525852203e-02
1.588296331465244293e-02
1.544099673628807068e-02
1.530041173100471497e-02
1.512128673493862152e-02
1.490488555282354355e-02
1.469906512647867203e-02
1.470331847667694092e-02
1.436025649309158325e-02
1.437304075807332993e-02
1.481736358255147934e-02
1.398941595107316971e-02
1.447860337793827057e-02
1.417669840157032013e-02
1.427671406418085098e-02
1.376413647085428238e-02
1.376557908952236176e-02
1.366718020290136337e-02
1.348932646214962006e-02
1.347619574517011642e-02
1.321792881935834885e-02
1.336019951850175858e-02
1.322537194937467575e-02
1.314034778624773026e-02
1.305180322378873825e-02
1.299213152378797531e-02
1.318221073597669601e-02
1.288385968655347824e-02
1.286293566226959229e-02
1.288235653191804886e-02
1.251716166734695435e-02
1.251287478953599930e-02
1.281975209712982178e-02
1.225109770894050598e-02
1.219961605966091156e-02
1.276890747249126434e-02
