6.259732246398925781e-01
7.196179628372192383e-01
8.031882047653198242e-01
8.734217286109924316e-01
9.222432971000671387e-01
9.469171762466430664e-01
9.575967788696289062e-01
9.620160460472106934e-01
9.631471037864685059e-01
9.652776718139648438e-01
9.652513861656188965e-01
9.654620289802551270e-01
9.668035507202148438e-01
9.672242999076843262e-01
9.684869647026062012e-01
9.663563370704650879e-01
9.660406708717346191e-01
9.654356241226196289e-01
9.661983847618103027e-01
9.664351940155029297e-01
9.650673866271972656e-01
9.657250642776489258e-01
9.659354090690612793e-01
9.656986594200134277e-01
9.655146002769470215e-01
9.667770266532897949e-01
9.648042321205139160e-01
9.659616947174072266e-01
9.660406112670898438e-01
9.651462435722351074e-01
9.652252793312072754e-01
9.650673270225524902e-01
9.655145406723022461e-01
9.666454792022705078e-01
9.666719436645507812e-01
9.665930867195129395e-01
9.673296809196472168e-01
9.677767157554626465e-01
9.681978225708007812e-01
9.670926928520202637e-01
9.680923819541931152e-01
9.682502746582031250e-01
9.681450128555297852e-01
9.676188826560974121e-01
9.683554768562316895e-01
9.682765603065490723e-01
9.676977992057800293e-01
9.689340591430664062e-01
9.693812727928161621e-01
9.698020219802856445e-01
9.713277220726013184e-01
9.683027863502502441e-01
9.702756404876708984e-01
9.695128202438354492e-01
9.692234992980957031e-01
9.697231054306030273e-01
9.711701273918151855e-01
9.699336886405944824e-01
9.709331393241882324e-01
9.713277816772460938e-01
