8.261193335056304932e-02
3.190513700246810913e-02
2.134923450648784637e-02
1.864135079085826874e-02
1.656268537044525146e-02
1.532631460577249527e-02
1.482505723834037781e-02
1.318162214010953903e-02
1.252413447946310043e-02
1.227420661598443985e-02
1.148875802755355835e-02
1.096474286168813705e-02
1.065251696854829788e-02
1.017423719167709351e-02
9.984643198549747467e-03
9.359326213598251343e-03
9.382541291415691376e-03
9.235802106559276581e-03
8.890573866665363312e-03
8.794071152806282043e-03
8.506760001182556152e-03
8.436908945441246033e-03
7.980355992913246155e-03
7.829798385500907898e-03
8.032874204218387604e-03
7.943922653794288635e-03
7.828956469893455505e-03
7.614787667989730835e-03
7.487670518457889557e-03
7.155011873692274094e-03
7.296361029148101807e-03
7.053029723465442657e-03
7.145781069993972778e-03
6.996819749474525452e-03
6.893091835081577301e-03
6.823640316724777222e-03
6.910277530550956726e-03
6.645456422120332718e-03
6.493943277746438980e-03
6.682137958705425262e-03
6.342898122966289520e-03
6.676244083791971207e-03
6.357134785503149033e-03
6.379381287842988968e-03
6.325447466224431992e-03
6.285826675593852997e-03
6.207378115504980087e-03
6.224231794476509094e-03
6.003625225275754929e-03
6.012069061398506165e-03
5.889814347028732300e-03
6.028868723660707474e-03
5.917031317949295044e-03
6.048320326954126358e-03
1.379332039505243301e-02
1.310954336076974869e-02
1.273119077086448669e-02
1.240938343107700348e-02
1.233714073896408081e-02
1.216963864862918854e-02
1.193294022232294083e-02
1.171031314879655838e-02
1.147158257663249969e-02
1.133126392960548401e-02
1.114741340279579163e-02
1.104140374809503555e-02
1.090832892805337906e-02
1.063850428909063339e-02
1.048941630870103836e-02
1.032484602183103561e-02
1.019147969782352448e-02
1.008141413331031799e-02
1.007670443505048752e-02
9.654742665588855743e-03
9.797646664083003998e-03
9.500198066234588623e-03
9.340437129139900208e-03
9.478945285081863403e-03
9.252961724996566772e-03
9.239816106855869293e-03
9.298307821154594421e-03
9.320978075265884399e-03
9.214152581989765167e-03
9.255927987396717072e-03
