6.198107451200485229e-02
2.639440074563026428e-02
2.438022755086421967e-02
2.417253889143466949e-02
2.574019134044647217e-02
2.488827332854270935e-02
2.523853257298469543e-02
2.451261691749095917e-02
2.238559350371360779e-02
2.442292682826519012e-02
2.305060066282749176e-02
2.180527150630950928e-02
2.326850965619087219e-02
2.086701616644859314e-02
2.207378298044204712e-02
1.950522512197494507e-02
1.847204566001892090e-02
1.805114373564720154e-02
1.676482148468494415e-02
1.490121055394411087e-02
1.503837294876575470e-02
1.458389870822429657e-02
1.355567295104265213e-02
1.329766027629375458e-02
1.050946116447448730e-02
9.207202121615409851e-03
8.290553465485572815e-03
5.420175846666097641e-03
4.757854156196117401e-03
4.593591205775737762e-03
3.960781730711460114e-03
3.020525211468338966e-03
3.331356914713978767e-03
2.657302189618349075e-03
1.690281555056571960e-03
1.413500634953379631e-03
1.447089482098817825e-03
1.162159838713705540e-03
1.314515597186982632e-03
1.214431831613183022e-03
1.312372158281505108e-03
1.132786041125655174e-03
1.028536818921566010e-03
7.732965750619769096e-04
9.764620335772633553e-04
7.737391861155629158e-04
8.322635549120604992e-04
6.226021796464920044e-04
8.786329999566078186e-04
7.345344056375324726e-04
6.634730380028486252e-04
6.861722213216125965e-04
9.028835920616984367e-04
7.848594104871153831e-04
8.091988856904208660e-04
9.593094582669436932e-04
1.085383724421262741e-02
8.700365200638771057e-03
7.635742425918579102e-03
6.664883345365524292e-03
5.830716807395219803e-03
5.319969262927770615e-03
4.492804873734712601e-03
4.224129021167755127e-03
3.806971712037920952e-03
3.373106941580772400e-03
3.683292306959629059e-03
3.461415413767099380e-03
2.983186161145567894e-03
2.867907052859663963e-03
2.733209636062383652e-03
2.947995904833078384e-03
2.508485689759254456e-03
2.627464942634105682e-03
2.698550233617424965e-03
2.890029689297080040e-03
2.465078141540288925e-03
2.575368387624621391e-03
2.214573556557297707e-03
2.266263589262962341e-03
2.150265965610742569e-03
2.090736059471964836e-03
2.329861978068947792e-03
1.961275702342391014e-03
1.946486067026853561e-03
2.131425542756915092e-03
2.087098313495516777e-03
2.223555929958820343e-03
2.080739708617329597e-03
1.714771729893982410e-03
1.940394868142902851e-03
2.263397211208939552e-03
