2.560543699999982437e+00
4.045336099999985890e+00
5.510336800000004587e+00
7.001917600000012953e+00
8.484174600000017108e+00
9.953268799999989369e+00
1.144545659999999998e+01
1.294363770000001068e+01
1.442684960000002548e+01
1.593047740000002932e+01
1.741779910000002474e+01
1.890225650000002133e+01
2.040087069999998448e+01
2.190216379999998253e+01
2.339031319999998004e+01
2.487308550000000196e+01
2.635276779999998098e+01
2.787447370000001001e+01
2.936992850000001454e+01
3.085348410000000285e+01
3.232926350000002458e+01
3.382850880000000870e+01
3.533979140000002417e+01
3.683577009999999063e+01
3.833724920000003067e+01
3.984607760000000098e+01
4.133518680000003087e+01
4.283662340000000768e+01
4.433286359999999604e+01
4.582728900000000749e+01
4.772189509999998336e+01
4.922626389999999219e+01
5.070751619999998638e+01
5.222866179999999758e+01
5.372068030000002636e+01
5.522497520000001714e+01
5.672386349999999311e+01
5.822787979999998242e+01
5.970881270000000995e+01
6.121118059999997740e+01
6.271282789999997931e+01
6.420360049999999319e+01
6.571169159999999465e+01
6.721343730000000960e+01
6.871464839999998730e+01
7.023027000000001863e+01
7.173702830000001995e+01
7.324684649999994690e+01
7.476382830000000013e+01
7.628216999999995096e+01
7.777546859999995377e+01
7.929574219999994966e+01
8.079525330000001304e+01
8.228980439999997998e+01
8.380819510000003447e+01
8.530967459999999392e+01
9.072856999999999061e+01
9.616885790000003453e+01
1.015655927000000247e+02
1.069849911000000020e+02
1.124192563999999948e+02
1.178756128999999646e+02
1.233128715999999940e+02
1.287652385999999751e+02
1.341953664000000117e+02
1.396160747000000129e+02
1.450836146999999983e+02
1.505119775000000573e+02
1.559386336999999685e+02
1.613948454000000083e+02
1.668445173999999724e+02
1.723558166000000256e+02
1.777475002999999560e+02
1.831645379999999932e+02
1.885370143000000098e+02
1.939182991999999786e+02
1.993141847000000553e+02
2.047185975999999528e+02
2.101226602000000412e+02
2.155080245999999988e+02
2.209036258999999518e+02
2.262956000000000358e+02
2.316722095000000081e+02
2.370453831999999466e+02
2.423983295000000453e+02
2.477374579999999469e+02
2.531265714999999545e+02
2.584836278999999877e+02
2.638780970999999909e+02
2.692852844000000232e+02
2.746523110000000543e+02
2.800180182999999943e+02
