1.115502044558525085e-01
1.090848967432975769e-01
6.942887604236602783e-02
5.862127244472503662e-02
6.101933121681213379e-02
5.899431928992271423e-02
5.082188546657562256e-02
4.861553013324737549e-02
4.748416319489479065e-02
4.642902687191963196e-02
4.704646393656730652e-02
4.622459039092063904e-02
4.595006629824638367e-02
4.644737765192985535e-02
4.592142999172210693e-02
4.623322561383247375e-02
4.606027528643608093e-02
4.588880017399787903e-02
4.612278938293457031e-02
4.600734636187553406e-02
4.601152241230010986e-02
4.660044983029365540e-02
4.443988204002380371e-02
4.427240416407585144e-02
4.463375732302665710e-02
4.424945265054702759e-02
4.413103684782981873e-02
4.431202635169029236e-02
4.416620358824729919e-02
4.455752298235893250e-02
4.448493197560310364e-02
4.450818896293640137e-02
4.427242651581764221e-02
4.440856352448463440e-02
4.415514692664146423e-02
4.430862516164779663e-02
4.460736736655235291e-02
