9.516927599906921387e-01
9.565103650093078613e-01
9.552083015441894531e-01
9.568141102790832520e-01
9.575085639953613281e-01
9.562066197395324707e-01
9.543402791023254395e-01
9.572049379348754883e-01
9.548610448837280273e-01
9.188177585601806641e-01
9.186858534812927246e-01
9.169406294822692871e-01
9.192141890525817871e-01
9.177896380424499512e-01
9.179120063781738281e-01
9.178085327148437500e-01
9.186855554580688477e-01
9.177042245864868164e-01
9.181385636329650879e-01
9.185537099838256836e-01
9.186387062072753906e-01
9.173935055732727051e-01
9.180912971496582031e-01
9.184122681617736816e-01
9.189594984054565430e-01
9.181197881698608398e-01
9.180912375450134277e-01
