4.964186623692512512e-02
4.803811758756637573e-02
4.891615360975265503e-02
4.784894734621047974e-02
4.790899902582168579e-02
4.813559353351593018e-02
4.923717677593231201e-02
4.723893851041793823e-02
4.975188523530960083e-02
6.572611629962921143e-02
6.573852151632308960e-02
6.631733477115631104e-02
6.588906049728393555e-02
6.641079485416412354e-02
6.636100262403488159e-02
6.629038602113723755e-02
6.626214832067489624e-02
6.608334928750991821e-02
6.583509594202041626e-02
6.535466015338897705e-02
6.584100425243377686e-02
6.604544818401336670e-02
6.622071564197540283e-02
6.592814624309539795e-02
6.599431484937667847e-02
6.611603498458862305e-02
6.643214076757431030e-02
