5.130864381790161133e-01
5.527406930923461914e-01
5.835555791854858398e-01
6.085925698280334473e-01
7.462716102600097656e-01
7.660247683525085449e-01
7.917531728744506836e-01
8.126419782638549805e-01
8.279013037681579590e-01
8.443951010704040527e-01
8.540247082710266113e-01
8.585184812545776367e-01
8.640987873077392578e-01
8.757529854774475098e-01
8.841974735260009766e-01
8.908149003982543945e-01
8.897284269332885742e-01
8.969876170158386230e-01
9.008394479751586914e-01
9.028148055076599121e-01
9.078518152236938477e-01
9.100247025489807129e-01
9.159012436866760254e-01
9.202468395233154297e-01
9.208889007568359375e-01
9.253332018852233887e-01
9.277531504631042480e-01
9.341234564781188965e-01
9.328889846801757812e-01
9.336296916007995605e-01
9.394073486328125000e-01
9.426666498184204102e-01
9.396542906761169434e-01
9.442469477653503418e-01
9.510617256164550781e-01
9.095090031623840332e-01
9.184839725494384766e-01
9.270454645156860352e-01
9.309043288230895996e-01
9.371403455734252930e-01
9.414469003677368164e-01
9.417054057121276855e-01
9.468561410903930664e-01
9.504565000534057617e-01
9.167144894599914551e-01
9.265620112419128418e-01
9.339519143104553223e-01
9.380649328231811523e-01
9.438431262969970703e-01
9.467625021934509277e-01
9.511462450027465820e-01
9.295712113380432129e-01
9.377660751342773438e-01
9.439488053321838379e-01
9.485623836517333984e-01
9.537884593009948730e-01
