7.365455031394958496e-01
8.526693582534790039e-01
8.925617337226867676e-01
9.119627475738525391e-01
9.235583543777465820e-01
9.317074418067932129e-01
9.368788003921508789e-01
9.410109519958496094e-01
9.439430832862854004e-01
9.463081359863281250e-01
9.503226280212402344e-01
9.518023729324340820e-01
9.531829357147216797e-01
9.541998505592346191e-01
9.547257423400878906e-01
9.556880593299865723e-01
9.547460079193115234e-01
9.563391804695129395e-01
9.562108516693115234e-01
9.568784832954406738e-01
9.567204117774963379e-01
9.579177498817443848e-01
9.582784175872802734e-01
9.582614302635192871e-01
9.577255845069885254e-01
9.583870768547058105e-01
9.584285020828247070e-01
9.589002132415771484e-01
9.588991403579711914e-01
9.598723053932189941e-01
9.606782793998718262e-01
9.611442089080810547e-01
9.615888595581054688e-01
9.617476463317871094e-01
9.629460573196411133e-01
9.620586037635803223e-01
9.640201926231384277e-01
9.640673995018005371e-01
9.645160436630249023e-01
9.659244418144226074e-01
9.670296311378479004e-01
9.675683975219726562e-01
9.671015143394470215e-01
9.674949645996093750e-01
9.681794047355651855e-01
9.691292643547058105e-01
9.691440463066101074e-01
9.702745676040649414e-01
9.704680442810058594e-01
9.706639051437377930e-01
9.714640974998474121e-01
9.719406962394714355e-01
9.722482562065124512e-01
9.730462431907653809e-01
9.724729657173156738e-01
9.736862778663635254e-01
9.737837314605712891e-01
9.732524156570434570e-01
9.740396738052368164e-01
9.746576547622680664e-01
9.323802590370178223e-01
9.350611567497253418e-01
9.360114336013793945e-01
9.363933205604553223e-01
9.375413060188293457e-01
9.379243254661560059e-01
9.392391443252563477e-01
9.400268197059631348e-01
9.407571554183959961e-01
9.421547055244445801e-01
9.434828758239746094e-01
9.446984529495239258e-01
9.453679919242858887e-01
9.470837712287902832e-01
9.482674598693847656e-01
9.494621157646179199e-01
9.498484730720520020e-01
9.513990879058837891e-01
9.522829651832580566e-01
9.542421102523803711e-01
9.545742273330688477e-01
9.554453492164611816e-01
9.554855227470397949e-01
9.564950466156005859e-01
9.577702283859252930e-01
9.578548669815063477e-01
9.587362408638000488e-01
9.592853188514709473e-01
9.595771431922912598e-01
9.600307941436767578e-01
9.603799581527709961e-01
9.609454274177551270e-01
9.613575935363769531e-01
9.619588255882263184e-01
9.619758725166320801e-01
9.625135064125061035e-01
9.628707766532897949e-01
9.630366563796997070e-01
