1.771491467952728271e-01
1.250808835029602051e-01
9.954483062028884888e-02
8.197149634361267090e-02
6.788392364978790283e-02
5.658195540308952332e-02
4.853561148047447205e-02
4.270559549331665039e-02
3.862788528203964233e-02
3.587274625897407532e-02
3.286137059330940247e-02
3.068810142576694489e-02
2.908673696219921112e-02
2.809635177254676819e-02
2.735341899096965790e-02
2.676720358431339264e-02
2.635120972990989685e-02
2.571369707584381104e-02
2.529538236558437347e-02
2.458708360791206360e-02
2.449948340654373169e-02
2.386369369924068451e-02
2.374900318682193756e-02
2.315311692655086517e-02
2.315744757652282715e-02
2.232713811099529266e-02
2.187007293105125427e-02
2.107913419604301453e-02
2.109772711992263794e-02
2.077816799283027649e-02
2.022874727845191956e-02
1.953745819628238678e-02
1.922262459993362427e-02
1.853189058601856232e-02
1.785521954298019409e-02
1.768447645008563995e-02
1.692766137421131134e-02
1.647289283573627472e-02
1.630692370235919952e-02
1.570275425910949707e-02
1.520864851772785187e-02
1.472703274339437485e-02
1.421487610787153244e-02
1.411017775535583496e-02
1.381656061857938766e-02
1.339337695389986038e-02
1.297443732619285583e-02
1.250583305954933167e-02
1.261386368423700333e-02
1.209703180938959122e-02
1.169396005570888519e-02
1.151499338448047638e-02
1.114667858928442001e-02
1.075424812734127045e-02
1.077079121023416519e-02
1.032478734850883484e-02
1.013311278074979782e-02
1.013385038822889328e-02
9.792836382985115051e-03
9.802793152630329132e-03
3.975401818752288818e-02
3.611139580607414246e-02
3.413539752364158630e-02
3.287670388817787170e-02
3.157882764935493469e-02
3.058841079473495483e-02
2.927730977535247803e-02
2.840129658579826355e-02
2.720006927847862244e-02
2.587527222931385040e-02
2.496905066072940826e-02
2.387111261487007141e-02
2.290889061987400055e-02
2.162923477590084076e-02
2.065117284655570984e-02
1.995481923222541809e-02
1.927364990115165710e-02
1.847989112138748169e-02
1.780264452099800110e-02
1.697686873376369476e-02
1.655862294137477875e-02
1.599836349487304688e-02
1.598527655005455017e-02
1.544725149869918823e-02
1.467670872807502747e-02
1.449101697653532028e-02
1.409642491489648819e-02
1.370691508054733276e-02
1.351035572588443756e-02
1.328624039888381958e-02
1.308259833604097366e-02
1.282352395355701447e-02
1.251680310815572739e-02
1.231139432638883591e-02
1.218912750482559204e-02
1.195147447288036346e-02
1.172305643558502197e-02
1.157928258180618286e-02
