2.412815839052200317e-01
2.099171727895736694e-01
1.958019286394119263e-01
1.855610162019729614e-01
1.778409928083419800e-01
1.712294816970825195e-01
1.660361886024475098e-01
1.607605963945388794e-01
1.549518555402755737e-01
1.502942144870758057e-01
1.456649750471115112e-01
1.408637315034866333e-01
1.352043151855468750e-01
1.318719685077667236e-01
1.260691732168197632e-01
1.206790134310722351e-01
1.165680289268493652e-01
1.128131374716758728e-01
1.077866703271865845e-01
1.039675846695899963e-01
9.970422834157943726e-02
9.592222422361373901e-02
9.122072160243988037e-02
8.767160028219223022e-02
8.409253507852554321e-02
8.127370476722717285e-02
7.727546989917755127e-02
7.329073548316955566e-02
7.042872160673141479e-02
6.751216948032379150e-02
6.550982594490051270e-02
6.253867596387863159e-02
5.966360121965408325e-02
5.666335299611091614e-02
5.574931576848030090e-02
5.245571956038475037e-02
5.109551548957824707e-02
4.912655428051948547e-02
4.776842892169952393e-02
4.556155204772949219e-02
4.415124282240867615e-02
4.246845096349716187e-02
4.031262174248695374e-02
3.967110812664031982e-02
3.750136494636535645e-02
3.586351498961448669e-02
3.510958701372146606e-02
3.344949707388877869e-02
3.267287835478782654e-02
3.119584172964096069e-02
3.028473816812038422e-02
2.836535684764385223e-02
2.791596949100494385e-02
2.799664624035358429e-02
2.718627825379371643e-02
2.584462612867355347e-02
2.562835067510604858e-02
2.500282414257526398e-02
2.359660714864730835e-02
2.419042773544788361e-02
2.285462431609630585e-02
2.333041653037071228e-02
2.225074917078018188e-02
2.170919999480247498e-02
2.181429788470268250e-02
2.057273313403129578e-02
2.028232440352439880e-02
1.982444338500499725e-02
1.991849206387996674e-02
1.877312362194061279e-02
1.852133497595787048e-02
1.542496774345636368e-02
1.215296424925327301e-02
1.168766152113676071e-02
1.095686201006174088e-02
1.039949245750904083e-02
1.011973246932029724e-02
9.771334007382392883e-03
9.468136355280876160e-03
9.000914171338081360e-03
8.867584168910980225e-03
8.498581126332283020e-03
8.567057549953460693e-03
8.092981763184070587e-03
8.196128532290458679e-03
7.629686966538429260e-03
7.675350643694400787e-03
7.579611614346504211e-03
7.461472414433956146e-03
7.199770770967006683e-03
7.160584907978773117e-03
7.176550105214118958e-03
6.920235697180032730e-03
6.727603264153003693e-03
6.775254383683204651e-03
6.769691128283739090e-03
6.462920922785997391e-03
6.476723589003086090e-03
6.214102264493703842e-03
6.240291055291891098e-03
1.302655693143606186e-02
1.138156279921531677e-02
1.075475569814443588e-02
1.044525951147079468e-02
9.998844005167484283e-03
9.723791852593421936e-03
9.383730590343475342e-03
9.086775593459606171e-03
8.758419193327426910e-03
8.647879585623741150e-03
8.634812198579311371e-03
8.432951755821704865e-03
8.113515563309192657e-03
7.993476465344429016e-03
7.871658541262149811e-03
7.720421068370342255e-03
7.508433423936367035e-03
7.450815755873918533e-03
7.495121564716100693e-03
7.296738214790821075e-03
7.089667487889528275e-03
7.119833957403898239e-03
7.058609277009963989e-03
6.769295316189527512e-03
6.740415934473276138e-03
6.571833975613117218e-03
6.676678545773029327e-03
6.519129965454339981e-03
6.358618848025798798e-03
6.280185189098119736e-03
6.327786482870578766e-03
6.104407832026481628e-03
6.143578793853521347e-03
5.996023304760456085e-03
6.052202079445123672e-03
5.873564165085554123e-03
5.824246443808078766e-03
5.918788723647594452e-03
5.794084630906581879e-03
5.615463946014642715e-03
5.574002861976623535e-03
5.553919356316328049e-03
5.370554979890584946e-03
5.364581011235713959e-03
5.543225910514593124e-03
5.303172860294580460e-03
5.145143717527389526e-03
5.165007896721363068e-03
5.200463812798261642e-03
5.256696138530969620e-03
5.128682125359773636e-03
5.129278171807527542e-03
5.054009146988391876e-03
5.022838246077299118e-03
4.955089185386896133e-03
4.967648535966873169e-03
4.853583406656980515e-03
4.899965133517980576e-03
4.654278513044118881e-03
4.682136233896017075e-03
4.758535884320735931e-03
4.692216403782367706e-03
4.593000281602144241e-03
4.610236734151840210e-03
4.479875322431325912e-03
4.644371103495359421e-03
4.470600746572017670e-03
4.480923060327768326e-03
4.350299015641212463e-03
4.431189037859439850e-03
4.334945697337388992e-03
4.301266279071569443e-03
4.241249524056911469e-03
4.251419566571712494e-03
4.267980810254812241e-03
4.391946829855442047e-03
