3.378267670000000322e+01
3.401681229999999800e+01
3.424893300000000096e+01
3.448289859999999862e+01
3.471624779999999788e+01
3.495161230000000074e+01
3.518665560000000170e+01
3.542224989999999707e+01
3.565591489999999908e+01
3.590766500000000150e+01
3.615244690000000105e+01
3.639487849999999725e+01
3.663412660000000187e+01
3.686790890000000331e+01
3.710218199999999911e+01
3.733619939999999815e+01
3.756999809999999940e+01
3.780177599999999671e+01
3.803516009999999881e+01
3.827285690000000073e+01
3.850929880000000338e+01
3.874731609999999904e+01
3.897998479999999688e+01
3.922005819999999687e+01
3.946113830000000178e+01
3.969587899999999792e+01
3.993755850000000152e+01
4.017117749999999887e+01
4.040689880000000045e+01
4.064361689999999783e+01
4.088326169999999848e+01
4.111821189999999859e+01
4.135347620000000290e+01
4.158874970000000104e+01
4.182897189999999910e+01
4.206398060000000072e+01
4.230038629999999955e+01
4.269025690000000139e+01
4.292656449999999779e+01
4.316507279999999724e+01
4.340148039999999696e+01
4.363650859999999909e+01
4.387163499999999772e+01
4.411408409999999947e+01
4.435323489999999680e+01
4.459030890000000369e+01
4.483147259999999790e+01
4.507280899999999946e+01
4.530965750000000014e+01
4.554240390000000360e+01
4.578232100000000315e+01
4.602365120000000331e+01
4.625939050000000208e+01
4.649773189999999801e+01
4.673140659999999968e+01
4.696777370000000218e+01
8.521035530000000335e+01
8.588485259999998789e+01
8.655762379999998757e+01
8.723316389999999387e+01
8.791363060000000473e+01
8.858419929999999454e+01
8.926258939999999598e+01
8.993375539999999546e+01
9.061057360000000926e+01
9.127955779999999208e+01
9.194842750000000819e+01
9.262262549999999806e+01
9.329054410000000530e+01
9.396067210000001069e+01
9.462914520000001062e+01
9.529911290000001145e+01
