2.494156211614608765e-01
2.258541733026504517e-01
2.111745774745941162e-01
2.015473246574401855e-01
1.938907504081726074e-01
1.857685893774032593e-01
1.793479472398757935e-01
1.734926402568817139e-01
1.681683510541915894e-01
1.636776477098464966e-01
1.589500308036804199e-01
1.530562341213226318e-01
1.496796309947967529e-01
1.443083882331848145e-01
1.398207843303680420e-01
1.355523616075515747e-01
1.305702775716781616e-01
1.258243322372436523e-01
1.214872375130653381e-01
1.168579310178756714e-01
1.123316884040832520e-01
1.079725027084350586e-01
1.035066917538642883e-01
9.824529290199279785e-02
9.428115934133529663e-02
8.937156945466995239e-02
8.520660549402236938e-02
8.075643330812454224e-02
7.652175426483154297e-02
7.250773906707763672e-02
6.856249272823333740e-02
6.424743682146072388e-02
6.092143803834915161e-02
5.724449455738067627e-02
5.387991294264793396e-02
5.007316917181015015e-02
4.689571633934974670e-02
4.416748881340026855e-02
4.135194793343544006e-02
3.866532817482948303e-02
3.665618970990180969e-02
3.353980183601379395e-02
3.157627955079078674e-02
3.007045201957225800e-02
2.799185365438461304e-02
2.625912241637706757e-02
2.455284073948860168e-02
2.377416566014289856e-02
2.268443256616592407e-02
2.107528038322925568e-02
2.001029811799526215e-02
1.900238543748855591e-02
1.799470372498035431e-02
1.692784205079078674e-02
1.609833724796772003e-02
1.528041344135999680e-02
1.481768954545259476e-02
1.422526966780424118e-02
1.353784836828708649e-02
1.269626058638095856e-02
1.222556270658969879e-02
1.174184307456016541e-02
1.160043291747570038e-02
1.093634217977523804e-02
1.102265622466802597e-02
1.060421857982873917e-02
9.952375665307044983e-03
9.958100505173206329e-03
9.627701714634895325e-03
9.356808848679065704e-03
9.062427096068859100e-03
8.900651708245277405e-03
8.328952826559543610e-03
8.167793974280357361e-03
8.126306347548961639e-03
7.778727915138006210e-03
7.691715843975543976e-03
7.410152815282344818e-03
7.555087096989154816e-03
7.293022703379392624e-03
6.962358951568603516e-03
7.050591055303812027e-03
7.184765767306089401e-03
6.835740990936756134e-03
6.670535076409578323e-03
6.640865467488765717e-03
6.573532242327928543e-03
6.582407746464014053e-03
6.410733796656131744e-03
6.329635158181190491e-03
6.359081715345382690e-03
6.148538086563348770e-03
6.225316319614648819e-03
5.985050462186336517e-03
5.998767446726560593e-03
5.675934720784425735e-03
6.028708070516586304e-03
5.923279095441102982e-03
5.793539341539144516e-03
5.741641391068696976e-03
1.221622154116630554e-02
1.099443901330232620e-02
1.057528145611286163e-02
9.959582239389419556e-03
9.780376218259334564e-03
9.486871771514415741e-03
9.222266264259815216e-03
9.130298160016536713e-03
8.900281041860580444e-03
8.606811985373497009e-03
8.608263917267322540e-03
8.472705259919166565e-03
8.369875140488147736e-03
8.161707781255245209e-03
8.016610518097877502e-03
7.936149835586547852e-03
7.787680719047784805e-03
7.694330066442489624e-03
7.600204553455114365e-03
7.545275148004293442e-03
7.289781700819730759e-03
7.359875831753015518e-03
7.191468030214309692e-03
7.029355503618717194e-03
7.126145530492067337e-03
7.025324739515781403e-03
6.793660577386617661e-03
6.810306105762720108e-03
6.842838134616613388e-03
6.737727206200361252e-03
6.620521657168865204e-03
6.581609603017568588e-03
6.440959870815277100e-03
6.264141760766506195e-03
6.399749312549829483e-03
6.343086715787649155e-03
6.230850238353013992e-03
6.183601915836334229e-03
6.145509891211986542e-03
6.111761555075645447e-03
6.140276324003934860e-03
6.022464018315076828e-03
5.845273379236459732e-03
5.844065919518470764e-03
5.862398073077201843e-03
5.909716244786977768e-03
5.803592037409543991e-03
5.678534042090177536e-03
5.648752674460411072e-03
5.607652012258768082e-03
5.645422264933586121e-03
5.460782442241907120e-03
5.392683669924736023e-03
5.398385692387819290e-03
5.434253718703985214e-03
5.318840499967336655e-03
5.244483705610036850e-03
5.301481112837791443e-03
5.352544598281383514e-03
