7.919406294822692871e-01
9.174761772155761719e-01
9.388423562049865723e-01
9.465400576591491699e-01
9.506992697715759277e-01
9.526212215423583984e-01
9.521737694740295410e-01
9.537824988365173340e-01
9.535626769065856934e-01
9.532739520072937012e-01
9.544430375099182129e-01
9.546849131584167480e-01
9.539952874183654785e-01
9.547902345657348633e-01
9.550544023513793945e-01
9.553478360176086426e-01
9.549835920333862305e-01
9.563356041908264160e-01
9.553232192993164062e-01
9.562916159629821777e-01
9.564260840415954590e-01
9.564357399940490723e-01
9.564187526702880859e-01
9.575337171554565430e-01
9.569541811943054199e-01
9.566998481750488281e-01
9.574944972991943359e-01
9.581351280212402344e-01
9.572672247886657715e-01
9.574262499809265137e-01
9.578758478164672852e-01
9.581645727157592773e-01
9.580643177032470703e-01
9.582184553146362305e-01
9.585387706756591797e-01
9.583650231361389160e-01
9.590131640434265137e-01
9.591280221939086914e-01
9.588592052459716797e-01
9.593431949615478516e-01
9.591380357742309570e-01
9.593259692192077637e-01
9.593971371650695801e-01
9.598787426948547363e-01
9.593749642372131348e-01
9.595705270767211914e-01
9.599886536598205566e-01
9.603458642959594727e-01
9.600864648818969727e-01
9.596611261367797852e-01
9.597394466400146484e-01
9.608029723167419434e-01
9.605488181114196777e-01
9.604411721229553223e-01
9.609106183052062988e-01
9.605707526206970215e-01
9.607005715370178223e-01
9.614975452423095703e-01
9.605317711830139160e-01
9.603165388107299805e-01
9.355245828628540039e-01
9.373284578323364258e-01
9.378131031990051270e-01
9.380586147308349609e-01
9.390138387680053711e-01
9.388762116432189941e-01
9.392812252044677734e-01
9.393448233604431152e-01
9.396288394927978516e-01
9.401010274887084961e-01
9.403208494186401367e-01
9.405271410942077637e-01
9.410786628723144531e-01
9.409375190734863281e-01
9.412519335746765137e-01
9.412525892257690430e-01
9.411759376525878906e-01
9.416430592536926270e-01
9.420008659362792969e-01
9.422028660774230957e-01
9.427357912063598633e-01
9.427069425582885742e-01
9.432384371757507324e-01
9.427524805068969727e-01
9.433450698852539062e-01
9.433544874191284180e-01
9.430482983589172363e-01
9.443131089210510254e-01
9.433927536010742188e-01
9.439815282821655273e-01
9.452322721481323242e-01
9.450373649597167969e-01
9.453566074371337891e-01
9.453621506690979004e-01
9.452113509178161621e-01
9.459809660911560059e-01
9.461778402328491211e-01
9.453324675559997559e-01
9.461872577667236328e-01
9.461748600006103516e-01
9.469701051712036133e-01
9.473003745079040527e-01
9.472435116767883301e-01
9.476253390312194824e-01
9.479800462722778320e-01
9.471009373664855957e-01
9.478641152381896973e-01
9.484871029853820801e-01
9.488181471824645996e-01
9.488497972488403320e-01
9.490690827369689941e-01
9.498389363288879395e-01
9.503450393676757812e-01
9.504066109657287598e-01
9.507023096084594727e-01
9.501354098320007324e-01
9.506117105484008789e-01
9.507630467414855957e-01
9.507776498794555664e-01
9.512632489204406738e-01
9.512166976928710938e-01
9.516424536705017090e-01
9.517526626586914062e-01
9.519085288047790527e-01
9.516344070434570312e-01
9.520623087882995605e-01
9.518146514892578125e-01
9.527095556259155273e-01
9.518105387687683105e-01
9.534326195716857910e-01
9.533640742301940918e-01
9.526938796043395996e-01
9.526626467704772949e-01
9.536364078521728516e-01
9.532361030578613281e-01
9.537178277969360352e-01
9.531287550926208496e-01
9.535635113716125488e-01
9.538543224334716797e-01
9.543091654777526855e-01
9.542431235313415527e-01
9.537444114685058594e-01
9.550308585166931152e-01
9.540122747421264648e-01
9.550012350082397461e-01
9.551064372062683105e-01
9.541701674461364746e-01
9.549374580383300781e-01
9.546823501586914062e-01
9.550973773002624512e-01
9.556339383125305176e-01
9.553372263908386230e-01
9.548255801200866699e-01
9.549252390861511230e-01
9.559819698333740234e-01
9.555468559265136719e-01
9.561029076576232910e-01
9.560236334800720215e-01
9.554488658905029297e-01
9.553578495979309082e-01
