1.510126441717147827e-01
7.273346185684204102e-02
4.579541832208633423e-02
3.692638874053955078e-02
3.284137696027755737e-02
3.070925921201705933e-02
3.009510971605777740e-02
2.916932106018066406e-02
2.842963300645351410e-02
2.795208990573883057e-02
2.770022116601467133e-02
2.688945643603801727e-02
2.686168253421783447e-02
2.606707252562046051e-02
2.567420899868011475e-02
2.591236680746078491e-02
2.563393674790859222e-02
2.517852187156677246e-02
2.478434331715106964e-02
2.477123402059078217e-02
2.448162436485290527e-02
2.412314899265766144e-02
2.418886497616767883e-02
2.359901554882526398e-02
2.331544086337089539e-02
2.315316349267959595e-02
2.319674752652645111e-02
2.300583198666572571e-02
2.265737205743789673e-02
2.252355590462684631e-02
2.251380495727062225e-02
2.247840166091918945e-02
2.205661311745643616e-02
2.218485996127128601e-02
2.221928723156452179e-02
2.188822440803050995e-02
2.188392169773578644e-02
2.150395326316356659e-02
2.173404395580291748e-02
2.165693417191505432e-02
2.153426595032215118e-02
2.127879112958908081e-02
2.122363075613975525e-02
2.127038314938545227e-02
2.105591073632240295e-02
2.087060734629631042e-02
2.085958607494831085e-02
2.049379236996173859e-02
2.070393413305282593e-02
2.053088881075382233e-02
2.065008133649826050e-02
2.024388685822486877e-02
2.020692825317382812e-02
2.029928937554359436e-02
1.997702941298484802e-02
2.013900317251682281e-02
1.996379531919956207e-02
1.995906978845596313e-02
2.001676149666309357e-02
2.011832036077976227e-02
3.548515960574150085e-02
3.315584361553192139e-02
3.210388123989105225e-02
3.125489130616188049e-02
3.060741163790225983e-02
3.012542054057121277e-02
2.954441308975219727e-02
2.910424955189228058e-02
2.870851010084152222e-02
2.863272652029991150e-02
2.819642052054405212e-02
2.782977744936943054e-02
2.759111300110816956e-02
2.735604159533977509e-02
2.690605260431766510e-02
2.681847475469112396e-02
2.675081975758075714e-02
2.624973468482494354e-02
2.604877017438411713e-02
2.579994313418865204e-02
2.551111951470375061e-02
2.528657577931880951e-02
2.502653375267982483e-02
2.495133318006992340e-02
2.479437738656997681e-02
2.461687475442886353e-02
2.445030584931373596e-02
2.420073002576828003e-02
2.408734709024429321e-02
2.380393072962760925e-02
2.333888038992881775e-02
2.315627969801425934e-02
2.314394153654575348e-02
2.286730334162712097e-02
2.275962568819522858e-02
2.248402684926986694e-02
2.205925248563289642e-02
2.220658585429191589e-02
2.212479524314403534e-02
2.181935869157314301e-02
2.144941315054893494e-02
2.110449783504009247e-02
2.125956863164901733e-02
2.104008384048938751e-02
2.070649527013301849e-02
2.098389156162738800e-02
2.049512974917888641e-02
2.035297639667987823e-02
2.010020241141319275e-02
2.009174227714538574e-02
1.994944922626018524e-02
1.951785944402217865e-02
1.943204924464225769e-02
1.935872435569763184e-02
1.912399753928184509e-02
1.917173527181148529e-02
1.892491988837718964e-02
1.881661824882030487e-02
1.883240044116973877e-02
1.877666637301445007e-02
1.835010200738906860e-02
1.840020529925823212e-02
1.840302534401416779e-02
1.814878545701503754e-02
1.829435303807258606e-02
1.799232512712478638e-02
1.799154467880725861e-02
1.788879185914993286e-02
1.790876314043998718e-02
1.771892979741096497e-02
1.736294105648994446e-02
1.745808869600296021e-02
1.750477962195873260e-02
1.722431555390357971e-02
1.725986599922180176e-02
1.717017404735088348e-02
1.721478439867496490e-02
1.695291884243488312e-02
1.676751300692558289e-02
1.671967469155788422e-02
1.684485189616680145e-02
1.661792024970054626e-02
1.659438200294971466e-02
1.656661368906497955e-02
1.642508618533611298e-02
1.618349738419055939e-02
1.645536720752716064e-02
1.620735973119735718e-02
1.624379865825176239e-02
1.603695005178451538e-02
1.595990359783172607e-02
1.589727587997913361e-02
1.587162166833877563e-02
1.587789319455623627e-02
1.580544374883174896e-02
1.559890620410442352e-02
1.564264670014381409e-02
1.556251663714647293e-02
1.566952466964721680e-02
1.576165854930877686e-02
