3.459019989999978861e+01
3.793902410000009695e+01
4.130058959999951185e+01
4.467942419999963022e+01
4.804177159999926516e+01
5.142111529999965569e+01
5.477561839999907534e+01
5.814002859999891371e+01
6.153954429999976128e+01
6.490656259999923350e+01
6.827170589999877848e+01
7.165152969999871857e+01
7.501657749999867519e+01
7.840326639999875624e+01
8.174946449999879405e+01
8.509844789999988279e+01
8.846708760000001348e+01
9.181378429999858781e+01
9.516002569999909610e+01
9.852723629999854893e+01
1.018746209000000817e+02
1.052370126999994682e+02
1.085829285999989224e+02
1.119259843999989243e+02
1.152943015000000742e+02
1.186520848999989539e+02
1.219921426000000793e+02
1.253622836999984429e+02
1.287000148999995872e+02
1.320643775999997160e+02
1.354055063999985578e+02
1.387501970999983314e+02
1.421150357999995322e+02
1.454605959000000439e+02
1.488010453999995661e+02
1.521568131999993057e+02
1.554989141999994899e+02
1.588629969999983587e+02
1.621996827999992092e+02
1.655428007999998954e+02
1.689046642999983305e+02
1.722406203999998979e+02
1.756130752999997640e+02
1.789505532999992283e+02
1.822837173999996594e+02
1.856548613999984809e+02
1.889964320999988558e+02
1.923508944999994128e+02
1.956955803000000742e+02
1.990274992999984534e+02
2.031312162999984139e+02
2.064518915999997262e+02
2.097950390999994852e+02
2.131199275999988458e+02
2.164504017999988719e+02
2.198027826999987155e+02
2.231408195999993040e+02
2.264878713999987667e+02
2.298612438999989536e+02
2.332104033999985404e+02
2.980926295999997819e+02
3.076407504999988305e+02
3.171958438999990904e+02
3.266484811999998783e+02
3.361217516999986401e+02
3.456697108999996999e+02
3.551512703999997029e+02
3.646327617999995709e+02
3.741508679999988090e+02
3.836333267999998498e+02
3.931576620999985607e+02
4.026361922999985836e+02
4.121377326999991055e+02
4.216882009000000835e+02
4.311625352999999450e+02
4.406967061999985162e+02
4.501767320999988442e+02
4.641465719999996509e+02
4.758632717999989836e+02
4.853456099999984872e+02
4.977422397999998793e+02
5.072443289999991975e+02
5.183529419999995298e+02
5.296857034999993630e+02
5.392863383999992948e+02
5.488641570999989199e+02
5.584658939000000828e+02
5.680177710999996634e+02
5.776859803999996075e+02
5.872044504999994388e+02
5.967209144999997079e+02
6.063134340999986307e+02
6.158238218999995297e+02
6.253556712999998126e+02
6.348195185999993555e+02
6.443068267999988166e+02
6.539084819999989122e+02
6.633893276999988302e+02
6.729678926999986288e+02
6.824442416999991110e+02
6.919801496000000043e+02
7.015282339999994292e+02
7.110303502999995544e+02
7.205208373999994365e+02
7.301823760999996011e+02
7.397636905999988812e+02
7.507861856999988959e+02
7.607269372999999177e+02
7.710000194999993255e+02
7.805615713999995933e+02
7.900653597000000445e+02
7.996280674999998155e+02
8.091315934999984165e+02
8.187049841999996715e+02
8.299028813999993872e+02
8.394630904999994527e+02
8.490442493999998987e+02
8.602546770999997534e+02
8.698156161999995675e+02
8.792991447999993397e+02
8.887611873999994714e+02
8.982502906999998231e+02
9.078306170999985625e+02
9.173086727999998402e+02
9.267780408999988140e+02
9.363037907999987510e+02
9.457672379999985424e+02
9.552704539999995177e+02
9.648182113999991998e+02
9.743355218999986391e+02
9.838613005999995949e+02
9.964576927999987674e+02
1.009879489499999181e+03
1.022845591299999796e+03
1.034342339899998478e+03
1.044804981499999485e+03
1.055172811200000069e+03
1.066640499699999054e+03
1.077048474499999429e+03
1.087393849499998396e+03
1.097842638699999952e+03
1.108193070499999521e+03
1.118572863199999119e+03
1.129033449900000051e+03
1.139750969499998973e+03
1.150193556099999114e+03
1.160738559899999018e+03
1.171431644299998879e+03
1.182226075099999434e+03
1.192643219899999167e+03
1.203821485499998744e+03
1.214423346099998525e+03
1.224879327899998316e+03
1.235438386199999513e+03
1.245943760099999054e+03
1.256535217099999500e+03
1.267063366599999426e+03
1.277792938499998854e+03
1.288581992599998557e+03
1.299203159899998354e+03
