7.190955877304077148e-01
8.534271717071533203e-01
9.011059999465942383e-01
9.233218431472778320e-01
9.378858208656311035e-01
9.421858191490173340e-01
9.450874328613281250e-01
9.482300877571105957e-01
9.522488713264465332e-01
9.562918543815612793e-01
9.580199122428894043e-01
9.605838060379028320e-01
9.588477611541748047e-01
9.599248170852661133e-01
9.603185653686523438e-01
9.608812332153320312e-01
9.606482386589050293e-01
9.614840745925903320e-01
9.617332816123962402e-01
9.622316360473632812e-01
9.616367816925048828e-01
9.627700448036193848e-01
9.629629850387573242e-01
9.628745317459106445e-01
9.631960391998291016e-01
9.624726772308349609e-01
9.368988871574401855e-01
9.392949938774108887e-01
9.396133422851562500e-01
9.419049620628356934e-01
9.422779679298400879e-01
9.426344633102416992e-01
9.436228871345520020e-01
9.433732628822326660e-01
9.448813199996948242e-01
9.452759027481079102e-01
9.454594850540161133e-01
9.454646110534667969e-01
9.467042684555053711e-01
9.473858475685119629e-01
9.472005963325500488e-01
9.472724199295043945e-01
