1.836187094449996948e-01
1.211900711059570312e-01
8.757906407117843628e-02
6.450092047452926636e-02
4.707628488540649414e-02
3.793809935450553894e-02
3.242864459753036499e-02
2.856056578457355499e-02
2.494916878640651703e-02
2.105986885726451874e-02
1.999961771070957184e-02
1.828888989984989166e-02
1.762061007320880890e-02
1.678043231368064880e-02
1.704527251422405243e-02
1.631128229200839996e-02
1.591337099671363831e-02
1.567076891660690308e-02
1.526110246777534485e-02
1.504746545106172562e-02
1.484896242618560791e-02
1.441140752285718918e-02
1.399295311421155930e-02
1.384580042213201523e-02
1.369308680295944214e-02
1.391854602843523026e-02
2.514433674514293671e-02
2.298152633011341095e-02
2.146748267114162445e-02
2.057022228837013245e-02
1.984066329896450043e-02
1.905873976647853851e-02
1.823113113641738892e-02
1.811676099896430969e-02
1.758422702550888062e-02
1.709955930709838867e-02
1.683050580322742462e-02
1.640745997428894043e-02
1.612965017557144165e-02
1.584361121058464050e-02
1.550039276480674744e-02
1.559789478778839111e-02
