8.289758116006851196e-02
5.342429503798484802e-02
4.322164133191108704e-02
3.788818418979644775e-02
3.351436927914619446e-02
3.017107024788856506e-02
2.712961472570896149e-02
2.413121797144412994e-02
2.259033173322677612e-02
1.995032839477062225e-02
1.864163950085639954e-02
1.745522394776344299e-02
1.602875441312789917e-02
1.519007701426744461e-02
1.417545042932033539e-02
1.353338453918695450e-02
1.245763897895812988e-02
1.202503219246864319e-02
1.187030132859945297e-02
1.081345602869987488e-02
1.076098438352346420e-02
1.057366654276847839e-02
9.889001958072185516e-03
9.402164258062839508e-03
9.496603161096572876e-03
9.281022474169731140e-03
9.019497781991958618e-03
9.092633612453937531e-03
8.834822103381156921e-03
8.385525085031986237e-03
8.082977496087551117e-03
7.721154019236564636e-03
7.783824112266302109e-03
7.914309389889240265e-03
7.582782767713069916e-03
7.570958230644464493e-03
7.336205337196588516e-03
7.291215471923351288e-03
7.259141653776168823e-03
7.034652400761842728e-03
7.170236669480800629e-03
6.765433587133884430e-03
6.881528533995151520e-03
6.765399128198623657e-03
6.689518690109252930e-03
6.757925730198621750e-03
6.765816826373338699e-03
6.537302862852811813e-03
6.487844511866569519e-03
6.374800112098455429e-03
6.429256871342658997e-03
6.122114602476358414e-03
6.348852068185806274e-03
6.204348523169755936e-03
6.117146927863359451e-03
6.132387090474367142e-03
6.082212086766958237e-03
5.936085712164640427e-03
6.105796433985233307e-03
5.996245425194501877e-03
5.904430057853460312e-03
6.027578376233577728e-03
5.729169119149446487e-03
5.859854631125926971e-03
5.842468701303005219e-03
5.835883785039186478e-03
5.590739194303750992e-03
5.712181795388460159e-03
5.511951632797718048e-03
5.566838197410106659e-03
5.268260836601257324e-03
5.365055054426193237e-03
5.419299006462097168e-03
5.376557353883981705e-03
5.442421883344650269e-03
5.270075052976608276e-03
5.405535455793142319e-03
1.295726466923952103e-02
1.220158021897077560e-02
1.193533837795257568e-02
1.173184812068939209e-02
1.129556912928819656e-02
1.090723928064107895e-02
1.088339556008577347e-02
1.078917365521192551e-02
1.028007082641124725e-02
1.021895371377468109e-02
1.008497644215822220e-02
9.977090172469615936e-03
9.815263561904430389e-03
9.599884971976280212e-03
9.556691162288188934e-03
9.587042964994907379e-03
9.555647149682044983e-03
9.262635372579097748e-03
9.067238308489322662e-03
8.871537633240222931e-03
8.991511538624763489e-03
8.786383084952831268e-03
8.957336656749248505e-03
8.562736213207244873e-03
8.672848343849182129e-03
8.551780134439468384e-03
8.416542783379554749e-03
8.308984339237213135e-03
8.113002404570579529e-03
8.186222054064273834e-03
8.093502372503280640e-03
7.975260727107524872e-03
7.926154881715774536e-03
7.937896996736526489e-03
7.851427420973777771e-03
7.730421144515275955e-03
7.678770925849676132e-03
7.725221570581197739e-03
7.629817817360162735e-03
7.711545564234256744e-03
7.695654407143592834e-03
