2.890574932098388672e-01
2.526721358299255371e-01
2.351647168397903442e-01
2.207202613353729248e-01
2.075645029544830322e-01
1.994153857231140137e-01
1.921223700046539307e-01
1.898985356092453003e-01
1.820399165153503418e-01
1.705450266599655151e-01
1.672191321849822998e-01
1.641720533370971680e-01
1.578167676925659180e-01
1.544761359691619873e-01
1.465052515268325806e-01
1.509230881929397583e-01
1.477643996477127075e-01
1.443482786417007446e-01
1.422183066606521606e-01
1.359178721904754639e-01
1.353427916765213013e-01
1.311417073011398315e-01
1.264096796512603760e-01
1.265421956777572632e-01
1.239860951900482178e-01
1.212038844823837280e-01
1.195550709962844849e-01
1.123782396316528320e-01
1.134111061692237854e-01
1.143744885921478271e-01
1.050421893596649170e-01
1.073455139994621277e-01
1.036898121237754822e-01
1.023661643266677856e-01
9.986758977174758911e-02
9.808660298585891724e-02
1.017575040459632874e-01
9.543614834547042847e-02
9.006751328706741333e-02
9.032060205936431885e-02
8.458014577627182007e-02
8.395830541849136353e-02
8.434419333934783936e-02
8.114675432443618774e-02
7.992087304592132568e-02
8.053701370954513550e-02
7.767379283905029297e-02
7.636361569166183472e-02
7.106263190507888794e-02
7.200773805379867554e-02
7.091654837131500244e-02
6.858243048191070557e-02
6.421349942684173584e-02
6.205486878752708435e-02
6.252063810825347900e-02
5.920979008078575134e-02
6.050356850028038025e-02
5.566445738077163696e-02
5.666578561067581177e-02
5.336684733629226685e-02
5.179311707615852356e-02
5.068681761622428894e-02
5.184206366539001465e-02
4.764432087540626526e-02
4.897049814462661743e-02
4.578374698758125305e-02
4.542534053325653076e-02
4.524986818432807922e-02
4.544817283749580383e-02
4.069061204791069031e-02
4.011206701397895813e-02
4.046988487243652344e-02
3.996669501066207886e-02
4.396616667509078979e-02
3.533402085304260254e-02
3.533313050866127014e-02
3.812366351485252380e-02
3.717582300305366516e-02
3.676005452871322632e-02
7.889184355735778809e-02
7.022388279438018799e-02
6.487756222486495972e-02
6.219873577356338501e-02
6.125700846314430237e-02
5.582688003778457642e-02
5.627476796507835388e-02
5.373369529843330383e-02
5.161338672041893005e-02
5.011263117194175720e-02
4.587358236312866211e-02
4.657970368862152100e-02
4.375965520739555359e-02
4.435857757925987244e-02
4.300914332270622253e-02
3.956484794616699219e-02
3.945717215538024902e-02
4.049685224890708923e-02
3.952204436063766479e-02
3.842540830373764038e-02
3.514884412288665771e-02
3.247045353055000305e-02
3.231588006019592285e-02
3.222433477640151978e-02
3.338278830051422119e-02
3.065355867147445679e-02
3.092886321246623993e-02
3.118088282644748688e-02
3.164057806134223938e-02
2.710428461432456970e-02
2.949549071490764618e-02
2.866219729185104370e-02
3.619174286723136902e-02
3.240118175745010376e-02
