2.691410360000000068e+01
2.701791580000000081e+01
2.711785070000000175e+01
2.721342070000000035e+01
2.730871940000000109e+01
2.740450799999999987e+01
2.749811019999999928e+01
2.759395190000000042e+01
2.768708950000000257e+01
2.778111450000000104e+01
2.787667860000000175e+01
2.797015160000000122e+01
2.806437719999999914e+01
2.815804250000000053e+01
2.825110550000000131e+01
2.834729480000000024e+01
2.844115719999999925e+01
2.853523900000000069e+01
2.862899370000000232e+01
2.872251400000000032e+01
2.881792259999999928e+01
2.891304009999999991e+01
2.900653030000000143e+01
2.910174400000000006e+01
2.919477970000000155e+01
2.929015010000000174e+01
2.938390670000000071e+01
2.947827069999999949e+01
2.957086290000000162e+01
2.966686190000000067e+01
2.976255420000000029e+01
2.985565139999999928e+01
2.994868220000000036e+01
3.004254770000000008e+01
3.013557099999999878e+01
3.023122299999999996e+01
3.032355780000000323e+01
3.041722180000000009e+01
3.051074440000000010e+01
3.060446740000000432e+01
3.082807760000000030e+01
3.092132949999999880e+01
3.101534310000000261e+01
3.111417339999999854e+01
3.120826950000000011e+01
3.131103759999999880e+01
3.140874200000000371e+01
3.150241669999999772e+01
3.159709329999999738e+01
3.169054260000000056e+01
3.178861110000000423e+01
3.188270049999999856e+01
3.197665539999999851e+01
3.207037230000000250e+01
3.216504079999999988e+01
3.226700329999999894e+01
3.236676930000000141e+01
3.246005360000000195e+01
3.255394400000000132e+01
3.264821309999999954e+01
3.274369630000000342e+01
3.283729770000000059e+01
3.293258260000000348e+01
3.303775809999999780e+01
3.314199340000000404e+01
3.324260800000000415e+01
3.334519710000000003e+01
3.344718459999999993e+01
3.354734700000000203e+01
3.364757740000000297e+01
3.374906640000000380e+01
3.384822549999999808e+01
3.394200250000000096e+01
3.403589010000000314e+01
3.413231960000000242e+01
3.422844150000000241e+01
3.432285569999999808e+01
3.441709190000000262e+01
3.451135829999999771e+01
5.997348240000000175e+01
6.018638419999999911e+01
6.040401640000000327e+01
6.061464130000000239e+01
6.082062299999999766e+01
6.104964360000000312e+01
6.125866549999999933e+01
6.146438299999999799e+01
6.167336949999999973e+01
6.201186990000000065e+01
6.221668580000000048e+01
6.242232209999999526e+01
6.262900520000000171e+01
6.284239280000000605e+01
6.305192319999999739e+01
6.327373960000000608e+01
6.348214979999999485e+01
6.368755610000000189e+01
6.390208820000000145e+01
6.412335410000000024e+01
6.433756879999999967e+01
6.454223839999998802e+01
6.474956739999998945e+01
6.495763529999999264e+01
6.516449469999999167e+01
6.537565089999999657e+01
6.559612079999999423e+01
6.581204289999999446e+01
6.602043399999999451e+01
6.622587809999998854e+01
6.643196179999999629e+01
6.663722569999998768e+01
6.684238339999998857e+01
6.705635839999999348e+01
