2.245463877916336060e-01
1.895577758550643921e-01
1.730514168739318848e-01
1.604633778333663940e-01
1.497406065464019775e-01
1.395862549543380737e-01
1.302319914102554321e-01
1.207960098981857300e-01
1.115671172738075256e-01
1.019251942634582520e-01
9.348307549953460693e-02
8.551444858312606812e-02
7.791865617036819458e-02
7.108680903911590576e-02
6.433589756488800049e-02
5.863070115447044373e-02
5.317023023962974548e-02
4.815966263413429260e-02
4.409312456846237183e-02
4.038210958242416382e-02
3.711825236678123474e-02
3.378372266888618469e-02
3.099725767970085144e-02
2.873267605900764465e-02
2.666176855564117432e-02
2.466635778546333313e-02
2.278901264071464539e-02
1.946238428354263306e-02
1.758872717618942261e-02
1.546270214021205902e-02
1.310311164706945419e-02
1.194905675947666168e-02
1.093621924519538879e-02
1.036320719867944717e-02
9.735669009387493134e-03
9.266868233680725098e-03
8.695144206285476685e-03
8.416391909122467041e-03
7.823436520993709564e-03
7.397944107651710510e-03
7.132937666028738022e-03
6.933011580258607864e-03
6.729818880558013916e-03
6.464777979999780655e-03
6.337710190564393997e-03
6.282461341470479965e-03
6.138740573078393936e-03
6.119073368608951569e-03
5.979552399367094040e-03
5.897521506994962692e-03
5.873935762792825699e-03
5.703657399863004684e-03
5.779753439128398895e-03
5.446535535156726837e-03
4.971047863364219666e-03
4.810028243809938431e-03
4.767397884279489517e-03
4.565847106277942657e-03
4.550214391201734543e-03
4.453294444829225540e-03
4.531356506049633026e-03
4.358632024377584457e-03
4.313013982027769089e-03
4.355128854513168335e-03
4.261666443198919296e-03
4.244744312018156052e-03
4.205132368952035904e-03
4.278014879673719406e-03
4.242958966642618179e-03
4.185230471193790436e-03
4.246530588716268539e-03
4.119130317121744156e-03
4.086499102413654327e-03
3.958284389227628708e-03
4.042720887809991837e-03
3.964903764426708221e-03
3.945744596421718597e-03
3.939932212233543396e-03
3.914207685738801956e-03
3.756236284971237183e-03
3.855917137116193771e-03
3.910593688488006592e-03
8.572705090045928955e-03
7.249243091791868210e-03
6.921037100255489349e-03
6.657592952251434326e-03
6.411396898329257965e-03
6.191165186464786530e-03
5.974181927740573883e-03
5.869216751307249069e-03
5.686441902071237564e-03
5.552456714212894440e-03
5.460732150822877884e-03
5.353717599064111710e-03
5.221172701567411423e-03
5.137524101883172989e-03
5.091856233775615692e-03
4.906466696411371231e-03
4.846592433750629425e-03
4.761569667607545853e-03
4.692919552326202393e-03
4.618138074874877930e-03
4.488072823733091354e-03
4.496629815548658371e-03
4.368122201412916183e-03
4.379695281386375427e-03
4.289261065423488617e-03
4.223514813929796219e-03
4.186432342976331711e-03
4.108524881303310394e-03
4.001133143901824951e-03
4.023555666208267212e-03
3.932376392185688019e-03
3.883775556460022926e-03
3.888288279995322227e-03
3.847330342978239059e-03
3.775738412514328957e-03
3.713663900271058083e-03
3.667289856821298599e-03
3.629276063293218613e-03
3.625892568379640579e-03
3.521484322845935822e-03
3.568444168195128441e-03
3.468439914286136627e-03
3.455603495240211487e-03
3.463701810687780380e-03
3.355441382154822350e-03
3.379151923581957817e-03
3.314801026135683060e-03
3.286208026111125946e-03
3.295984584838151932e-03
3.259179182350635529e-03
3.229051595553755760e-03
3.179098246619105339e-03
3.160324413329362869e-03
3.114367602393031120e-03
3.109644865617156029e-03
3.043019678443670273e-03
3.086942713707685471e-03
3.055549692362546921e-03
3.015029476955533028e-03
3.012494649738073349e-03
2.944145118817687035e-03
2.948924200609326363e-03
2.930315677076578140e-03
2.943745581433176994e-03
2.886159811168909073e-03
2.863621106371283531e-03
