9.136837124824523926e-01
9.450019001960754395e-01
9.481645822525024414e-01
9.515162706375122070e-01
9.521591067314147949e-01
9.522347450256347656e-01
9.529113769531250000e-01
9.511479139328002930e-01
9.519075155258178711e-01
9.515200853347778320e-01
9.517093300819396973e-01
9.530612230300903320e-01
9.538984894752502441e-01
9.541661739349365234e-01
9.551638960838317871e-01
9.537382721900939941e-01
9.546521306037902832e-01
9.554054141044616699e-01
9.548462033271789551e-01
9.297596216201782227e-01
9.309850335121154785e-01
9.316222071647644043e-01
9.321629405021667480e-01
9.321293234825134277e-01
9.317046403884887695e-01
9.316285848617553711e-01
