6.245362386107444763e-02
4.130103811621665955e-02
3.859194740653038025e-02
3.691127896308898926e-02
3.639500960707664490e-02
3.591483458876609802e-02
3.483242914080619812e-02
3.301175683736801147e-02
3.196527808904647827e-02
3.062555193901062012e-02
2.928858995437622070e-02
2.806225791573524475e-02
2.755131386220455170e-02
2.707805857062339783e-02
2.624004334211349487e-02
2.652559056878089905e-02
2.621499635279178619e-02
2.601441554725170135e-02
2.616304159164428711e-02
3.988118469715118408e-02
3.869994729757308960e-02
3.827999904751777649e-02
3.806886076927185059e-02
3.792017325758934021e-02
3.792895749211311340e-02
3.777478262782096863e-02
