8.131634443998336792e-02
3.000686131417751312e-02
1.900628954172134399e-02
1.575178653001785278e-02
1.355939544737339020e-02
1.251156721264123917e-02
1.122046448290348053e-02
1.009942498058080673e-02
9.410537779331207275e-03
8.998514153063297272e-03
8.178848773241043091e-03
7.885300554335117340e-03
7.328595966100692749e-03
7.130114827305078506e-03
6.616052705794572830e-03
6.291166413575410843e-03
6.045036483556032181e-03
6.075126584619283676e-03
5.899343173950910568e-03
5.737401545047760010e-03
5.522447172552347183e-03
5.427165422588586807e-03
5.026194732636213303e-03
5.295209120959043503e-03
5.023748148232698441e-03
5.044176708906888962e-03
4.813934676349163055e-03
4.730005282908678055e-03
4.562130663543939590e-03
4.784206859767436981e-03
4.707464482635259628e-03
4.658746067434549332e-03
4.643359687179327011e-03
4.366778768599033356e-03
4.486756864935159683e-03
4.379305988550186157e-03
4.209075588732957840e-03
4.336253739893436432e-03
4.285856615751981735e-03
4.068007227033376694e-03
4.052235279232263565e-03
4.265291150659322739e-03
8.481768891215324402e-03
8.015797473490238190e-03
7.660779170691967010e-03
7.344020996242761612e-03
7.177672348916530609e-03
7.008724380284547806e-03
6.936972495168447495e-03
6.747534498572349548e-03
6.492007058113813400e-03
6.410134024918079376e-03
6.286336574703454971e-03
6.268557626754045486e-03
6.028113421052694321e-03
5.966569297015666962e-03
5.571856629103422165e-03
5.572999361902475357e-03
5.375356413424015045e-03
5.285588093101978302e-03
5.194840487092733383e-03
5.104875192046165466e-03
4.918330814689397812e-03
4.946581553667783737e-03
4.798896145075559616e-03
4.810614977031946182e-03
4.748462699353694916e-03
4.665931686758995056e-03
4.580650478601455688e-03
4.490158054977655411e-03
4.476958885788917542e-03
4.350268281996250153e-03
4.333401098847389221e-03
4.458679351955652237e-03
4.310943651944398880e-03
4.236305132508277893e-03
4.217911977320909500e-03
4.323206841945648193e-03
4.232283215969800949e-03
4.140987060964107513e-03
4.084122367203235626e-03
4.033486358821392059e-03
4.020909778773784637e-03
4.046879243105649948e-03
3.921313211321830750e-03
4.037403501570224762e-03
3.924434073269367218e-03
3.906227415427565575e-03
3.908681683242321014e-03
3.862451063469052315e-03
3.881397191435098648e-03
3.899639938026666641e-03
