7.312801480293273926e-01
9.326690435409545898e-01
9.467425346374511719e-01
9.497787952423095703e-01
9.525631666183471680e-01
9.529319405555725098e-01
9.515565633773803711e-01
9.522444009780883789e-01
9.547774791717529297e-01
9.555320143699645996e-01
9.563373327255249023e-01
9.556160569190979004e-01
9.550456404685974121e-01
9.580313563346862793e-01
9.577127099037170410e-01
9.565891027450561523e-01
9.572933912277221680e-01
9.581654667854309082e-01
9.572933316230773926e-01
9.304024577140808105e-01
9.339484572410583496e-01
9.362845420837402344e-01
9.387264251708984375e-01
9.377272725105285645e-01
9.394292831420898438e-01
9.385460019111633301e-01
9.376423358917236328e-01
