1.664175093173980713e-01
4.697094485163688660e-02
2.595571056008338928e-02
2.330430038273334503e-02
2.210420928895473480e-02
2.133159153163433075e-02
2.146868593990802765e-02
2.091390080749988556e-02
1.956428401172161102e-02
1.912404224276542664e-02
1.883555203676223755e-02
1.893199421465396881e-02
1.880974322557449341e-02
1.795720122754573822e-02
1.738699153065681458e-02
1.730003580451011658e-02
1.722607389092445374e-02
1.653321087360382080e-02
1.728615537285804749e-02
2.862991392612457275e-02
2.646535821259021759e-02
2.458172850310802460e-02
2.335845679044723511e-02
2.329267747700214386e-02
2.280317246913909912e-02
2.252119407057762146e-02
2.337775379419326782e-02
