9.085229635238647461e-01
9.324179887771606445e-01
9.370264410972595215e-01
9.411931633949279785e-01
9.421242475509643555e-01
9.426608681678771973e-01
9.449809789657592773e-01
9.455491900444030762e-01
9.455493688583374023e-01
9.463071227073669434e-01
9.486584663391113281e-01
9.499684572219848633e-01
9.496213197708129883e-01
9.492110013961791992e-01
9.509468674659729004e-01
9.510416388511657715e-01
9.517835378646850586e-01
9.523990750312805176e-01
9.526515603065490723e-01
9.518151283264160156e-01
9.529356360435485840e-01
9.518780112266540527e-01
9.527620077133178711e-01
9.534721970558166504e-01
9.527303576469421387e-01
9.530147314071655273e-01
9.536142349243164062e-01
9.539455175399780273e-01
9.535037875175476074e-01
9.549556374549865723e-01
9.538193941116333008e-01
9.545138478279113770e-01
9.536300897598266602e-01
9.532514214515686035e-01
9.549400210380554199e-01
9.536458849906921387e-01
9.539930224418640137e-01
9.542296528816223145e-01
9.551452398300170898e-01
9.540403485298156738e-01
9.544507265090942383e-01
9.560922384262084961e-01
9.548138976097106934e-01
9.543561935424804688e-01
9.201040863990783691e-01
9.257838726043701172e-01
9.265820384025573730e-01
9.245833158493041992e-01
9.242065548896789551e-01
9.221726655960083008e-01
9.207886457443237305e-01
9.212303161621093750e-01
9.212450385093688965e-01
9.214436411857604980e-01
9.218150973320007324e-01
9.220835566520690918e-01
9.232787489891052246e-01
9.225246906280517578e-01
9.226388931274414062e-01
9.220436215400695801e-01
9.223808050155639648e-01
9.225844740867614746e-01
9.230853915214538574e-01
9.229068160057067871e-01
9.228966236114501953e-01
9.241318106651306152e-01
9.231695532798767090e-01
9.227679371833801270e-01
9.232040643692016602e-01
9.236707687377929688e-01
9.233383536338806152e-01
9.238443374633789062e-01
9.235913157463073730e-01
