1.072672049999982846e+01
1.885253249999982472e+01
2.724707019999982549e+01
3.548993679999989581e+01
4.348236719999999877e+01
5.190986199999997552e+01
6.032578719999992245e+01
6.836245299999995950e+01
7.684438139999997475e+01
8.520910359999993489e+01
9.376735119999989365e+01
1.021055254000000332e+02
1.101142551999998886e+02
1.180928791999999703e+02
1.257727566999999453e+02
1.342842431999999917e+02
1.420680354999999508e+02
1.500251676999998836e+02
1.690991271999998844e+02
1.885497333999999228e+02
2.081307970999998815e+02
2.278532536999998683e+02
2.475114788999999291e+02
2.666888916000000336e+02
2.856194932999999310e+02
3.050395229999999174e+02
3.240943336000000272e+02
3.431114665999998579e+02
3.619027351999998245e+02
3.808603588999999374e+02
