1.137236079999911453e+01
2.181742189999931725e+01
3.233076119999986986e+01
4.294405849999930069e+01
5.349033889999918756e+01
6.392226579999987734e+01
7.467607889999999315e+01
8.537276969999948051e+01
9.593116819999977452e+01
1.064522626999996646e+02
1.170814840999992157e+02
1.274985216999994009e+02
1.383042284999992262e+02
1.487496630999994522e+02
1.598123334999991130e+02
1.703795293999992282e+02
1.809330419999996593e+02
1.914304191999999603e+02
2.020313068999994357e+02
2.126977418999995280e+02
2.232188410999997359e+02
2.340260364999994636e+02
2.445631333999999697e+02
2.549924902999991900e+02
2.656007876999992732e+02
2.762471090999997614e+02
2.869718337999993309e+02
2.976665579999998954e+02
3.080665194999992309e+02
3.186583064999995258e+02
3.291606772999994064e+02
3.397552707999993800e+02
3.503103095999995276e+02
3.609750414999998611e+02
3.716264540999991368e+02
3.821256006999992678e+02
3.927778625999999349e+02
4.034694283999997424e+02
4.141527748999997129e+02
4.248125081999996837e+02
4.355348177999994732e+02
4.460697952999998961e+02
4.568790793999996822e+02
4.675810181999995621e+02
4.781123086999996303e+02
4.888893342999999732e+02
4.996537964999997712e+02
5.102031749999996464e+02
5.207313692999996420e+02
5.315139888999992763e+02
5.427590557999992598e+02
5.533011988999996902e+02
5.642347295999998096e+02
5.749801479999996445e+02
5.858482341999997516e+02
5.968210892999995849e+02
6.074930065999997169e+02
6.185575045999994472e+02
6.293684554999999818e+02
6.397408149999992020e+02
6.507851241999997001e+02
6.613340316999992865e+02
6.723476966999996876e+02
6.831719873999991250e+02
6.937101820999996562e+02
7.045939488999993046e+02
7.154848269999993136e+02
7.264130912999999055e+02
7.373656146999992416e+02
7.484153107999991335e+02
7.594072163999999248e+02
7.703012015999993309e+02
7.812059565999998085e+02
7.921204131999993479e+02
8.030211233999998512e+02
8.140157128999999259e+02
8.250236331999994945e+02
8.358723108999993201e+02
8.465920837999992727e+02
8.577083182999995188e+02
8.685864146999992954e+02
8.795888699999995879e+02
8.906295334999995248e+02
9.015334140999993906e+02
9.122773722999991151e+02
9.232362182999995639e+02
9.512743188999993436e+02
9.794552814999997281e+02
1.007611707699999897e+03
1.035352895299999545e+03
1.063162618299999849e+03
1.090972035299999334e+03
1.118212839399999211e+03
1.146309445599999890e+03
1.174316218199999639e+03
1.201694087099999706e+03
1.229830033499999445e+03
1.257424000999999407e+03
1.285309764799999357e+03
1.313008685399999194e+03
1.341201229699999203e+03
1.369421082499999102e+03
1.396987840799999503e+03
1.424949607099999412e+03
1.452614812099999654e+03
1.481387657699999181e+03
1.509304973499999505e+03
1.537532301399999596e+03
1.565081651699999384e+03
1.593148682999999437e+03
1.621129749599999741e+03
1.648989942899999733e+03
1.677030594399999245e+03
1.704968957599999158e+03
1.733078364599999986e+03
1.761094415499999741e+03
1.789288993199999823e+03
1.817504405399999996e+03
1.845774529099999199e+03
1.873782535899999857e+03
1.901907669999999598e+03
1.930107865899999524e+03
1.958410541999999623e+03
1.986706607899999653e+03
2.015035047199999099e+03
2.042967321499999343e+03
2.072284310000000005e+03
2.100737873999999465e+03
2.129091631899999811e+03
2.157311952499999279e+03
2.185610954799999490e+03
2.214263397899999291e+03
2.242609544299999470e+03
2.271429160400000001e+03
