2.225213029999986247e+01
4.222043409999992036e+01
6.218706619999989016e+01
8.218008149999991474e+01
1.021614319000000251e+02
1.221289412999999513e+02
1.421363673999999264e+02
1.621042059000001245e+02
1.821176431999997476e+02
2.021094520000001467e+02
2.221138332999998966e+02
2.420884713999998894e+02
2.620588231000001542e+02
2.820158585999997740e+02
3.019555124999997133e+02
3.219077409999999873e+02
3.418709665000001223e+02
3.618040574999999990e+02
3.818097511000000850e+02
4.450318269999997938e+02
5.082905350999999428e+02
5.715721100999999180e+02
6.348225299999999152e+02
6.981733110999998644e+02
7.614352608999997756e+02
8.246908948999998756e+02
8.880451011999998627e+02
9.513170814000000064e+02
1.014631211699999767e+03
