8.731892108917236328e-01
8.750039339065551758e-01
8.747356534004211426e-01
8.739777207374572754e-01
8.757494091987609863e-01
9.139318466186523438e-01
9.371604323387145996e-01
9.418203234672546387e-01
9.467327594757080078e-01
9.560802578926086426e-01
9.613757133483886719e-01
9.626975059509277344e-01
9.626936912536621094e-01
9.637230634689331055e-01
9.635772109031677246e-01
9.317722916603088379e-01
9.380607604980468750e-01
9.411839246749877930e-01
9.435688257217407227e-01
9.454368352890014648e-01
9.470082521438598633e-01
9.482418298721313477e-01
9.489461183547973633e-01
9.503546357154846191e-01
9.498952031135559082e-01
9.510208368301391602e-01
9.515035748481750488e-01
9.520211219787597656e-01
9.525948762893676758e-01
9.529126882553100586e-01
9.530751109123229980e-01
9.530481696128845215e-01
9.537325501441955566e-01
9.540552496910095215e-01
9.540906548500061035e-01
9.542228579521179199e-01
9.548156857490539551e-01
9.546261429786682129e-01
9.552022814750671387e-01
9.549046158790588379e-01
9.551386237144470215e-01
