2.274825569999999786e+01
4.053704840000000331e+01
5.850042830000000293e+01
7.641754349999999363e+01
9.431528779999999301e+01
1.121090423999999928e+02
1.300266036999999812e+02
1.480030842999999834e+02
1.659492266000000029e+02
1.839967904000000090e+02
2.019884049000000061e+02
2.198296657999999866e+02
2.377713013000000046e+02
2.555400044999999807e+02
2.735918356000000244e+02
3.355158979000000272e+02
3.974992215999999985e+02
4.593801621000000068e+02
5.216755031000000145e+02
5.839987826000000268e+02
6.455873182999999926e+02
7.074735648000000765e+02
7.697734645000000455e+02
8.314156864999999925e+02
8.928817377999999962e+02
9.542201683000000685e+02
1.015896222500000022e+03
1.077667148699999871e+03
1.139617833000000019e+03
1.201613289799999848e+03
1.263096632399999862e+03
1.324877671099999816e+03
1.386127689099999998e+03
1.447524635799999942e+03
1.509310837499999934e+03
1.570649246799999901e+03
1.631890039899999920e+03
1.693274033899999949e+03
1.754401547899999969e+03
1.815330894199999875e+03
1.876702318399999967e+03
