4.700730399999883957e+00
6.682012100000065402e+00
8.645801799999389914e+00
1.046353099999942060e+01
1.242315400000006775e+01
1.438497279999955936e+01
1.622677959999964514e+01
1.818844230000013340e+01
2.014020219999929395e+01
2.207648229999995237e+01
2.400758239999959187e+01
2.596344359999966400e+01
2.781519560000015190e+01
2.968828769999981887e+01
3.163204519999999320e+01
3.348530320000008942e+01
3.533197539999946457e+01
3.731377340000017284e+01
3.915347279999969032e+01
4.100756599999931495e+01
4.296472029999949882e+01
4.481161379999957717e+01
4.675728849999995873e+01
4.869161669999994047e+01
5.053139359999931912e+01
5.237893219999932626e+01
5.435251160000007076e+01
5.618522369999936927e+01
5.802902389999962907e+01
5.999313609999990149e+01
6.180890309999995225e+01
6.365410849999989296e+01
6.565387589999954798e+01
6.747654599999987113e+01
7.261646779999955470e+01
7.787260030000015831e+01
8.301685409999936383e+01
8.828899679999994987e+01
9.340553980000004231e+01
9.864232129999982135e+01
1.037687651999995069e+02
1.088893119999993360e+02
1.140460560999999871e+02
1.193167370999999548e+02
1.245680389999997715e+02
1.298576870999995663e+02
1.353486210999999457e+02
1.406255694999999832e+02
1.457768603999993502e+02
1.510276471999995920e+02
1.562639478999999483e+02
1.614958541999994850e+02
1.666159534999997049e+02
1.717565555000001041e+02
1.768767496999998912e+02
1.820165663999996468e+02
1.874283056999993278e+02
1.926597695000000385e+02
1.978122720999999729e+02
2.030751456999996662e+02
2.081973958999997194e+02
2.133254364999993413e+02
2.184580859999996392e+02
2.237299930999997741e+02
2.288679984999998851e+02
2.341370129999995697e+02
2.393867917999996280e+02
2.446163344999995388e+02
2.498451122999995277e+02
2.550999994999992850e+02
2.604759782999999516e+02
2.658165797000001476e+02
2.711575161000000662e+02
2.764263065999994069e+02
2.817812230999998064e+02
2.870290236999999252e+02
2.923804611999994449e+02
2.976160924999994677e+02
3.028449768999998923e+02
3.081231066999998802e+02
3.132978874000000360e+02
3.185732607999998436e+02
3.236906238999999914e+02
3.288699697000001834e+02
3.341719605999996929e+02
3.394464117999996233e+02
3.445863503000000492e+02
3.499132368000000497e+02
3.552779497999999876e+02
3.604966553999993266e+02
3.657532225999993898e+02
3.709994360999999117e+02
