1.619665485620498668e-01
1.532366529107093700e-01
1.467196077108383068e-01
1.385570311546325817e-01
1.369367405772209112e-01
1.303435784578323431e-01
1.252962578833103080e-01
1.224754242599010445e-01
1.169498179852962449e-01
1.151458908617496446e-01
1.089070604741573384e-01
1.040685129165649370e-01
9.952211827039718350e-02
9.597157835960387628e-02
9.133056625723838529e-02
8.676439329981804061e-02
8.279201507568359486e-02
7.887327268719673823e-02
8.149173095822334623e-02
7.573811858892440241e-02
7.417589619755744768e-02
6.892476998269557453e-02
6.470320396125316120e-02
6.067265234887599806e-02
6.317366220057010762e-02
6.232968419790267667e-02
5.796351723372936138e-02
5.515381865203380918e-02
5.290533788502216339e-02
5.077805243432521876e-02
4.948128893971442954e-02
6.211648598313331687e-02
8.237346559762954989e-02
7.394391894340515692e-02
5.701737359166145214e-02
6.678459927439689414e-02
5.367930769920348927e-02
4.825374014675617301e-02
7.004010975360870639e-02
5.942436255514621513e-02
8.102862745523452259e-02
7.187967807054519709e-02
6.747444644570350925e-02
5.276352159678936171e-02
7.593674927949906062e-02
6.730152778327465335e-02
5.708810210227966558e-02
5.144122004508971946e-02
4.815481878817081535e-02
6.910093523561953999e-02
5.230127342045307048e-02
4.720390096306800731e-02
4.429242581129073930e-02
4.143966570496559337e-02
4.009254284203052354e-02
3.838948182761669353e-02
6.787139378488063479e-02
6.380091980099678040e-02
5.560632623732089663e-02
7.051990106701851169e-02
6.230315834283828985e-02
5.521000176668167114e-02
5.089552275836467521e-02
4.858549758791923245e-02
4.624720975756645147e-02
4.469470471143722340e-02
4.326890394091606473e-02
4.159787178039550670e-02
6.225625857710838373e-02
