1.018476705190005305e+02
1.757692289500009792e+02
2.442242254990014771e+02
3.211793904490004934e+02
3.928895909470011247e+02
4.645406321500013291e+02
5.388235639290014660e+02
6.068314911050001683e+02
6.841582222460001503e+02
7.551895621750009013e+02
8.272781551930002024e+02
8.965623716290010634e+02
9.663931369940000877e+02
1.038195162461001019e+03
1.110272429026001191e+03
1.180357337927000117e+03
1.251214974804001031e+03
1.329585367871000926e+03
1.402635860797001442e+03
1.481521510421000130e+03
1.553489254298001470e+03
1.624357323000000179e+03
1.692745047397000235e+03
1.770796075644999291e+03
1.849708287103001567e+03
1.933111797804000162e+03
2.003622167497998817e+03
2.076007788838001943e+03
2.147165627553002196e+03
2.217484374245001163e+03
2.292483762640002169e+03
2.363131756313001461e+03
2.440064305550002246e+03
2.511253511389999403e+03
2.587486121141000694e+03
2.658928205230999083e+03
2.727261349933001839e+03
2.806789703586999167e+03
2.879526939454999592e+03
2.957640306637998947e+03
3.029403754954999386e+03
3.105185235918999751e+03
3.176572609947999808e+03
3.251127435216001686e+03
3.326341011462000097e+03
3.398377033410999502e+03
3.471904072186001940e+03
3.544004066638999575e+03
3.620838056295999195e+03
3.690093667794999419e+03
3.760023200538000310e+03
3.833307891114001904e+03
3.906509135848000369e+03
3.977131156048000776e+03
4.047763668683999640e+03
4.125766046951999670e+03
4.199003522912002154e+03
4.270006556386999364e+03
4.345932039449000513e+03
4.419597975165999742e+03
4.488540144933000192e+03
4.560063478090001809e+03
4.630745247550001295e+03
4.701012466995000068e+03
4.769778287564999118e+03
4.842610272388001249e+03
4.915036057456001799e+03
4.987704807300002358e+03
5.055544139357001768e+03
