8.289942145347595215e-02
5.336843058466911316e-02
4.447277262806892395e-02
3.963571041822433472e-02
3.578051924705505371e-02
3.293487802147865295e-02
3.041035309433937073e-02
2.767362631857395172e-02
2.579653449356555939e-02
2.440180443227291107e-02
2.268453873693943024e-02
2.102635614573955536e-02
1.935733668506145477e-02
1.867483370006084442e-02
1.780826225876808167e-02
1.628813520073890686e-02
1.543555967509746552e-02
1.475846301764249802e-02
1.411364693194627762e-02
1.346160098910331726e-02
1.323338784277439117e-02
1.257243938744068146e-02
1.216546073555946350e-02
1.139386650174856186e-02
1.143614854663610458e-02
1.076577231287956238e-02
1.050416659563779831e-02
1.070569362491369247e-02
1.001086458563804626e-02
9.655714966356754303e-03
9.539171122014522552e-03
9.310062974691390991e-03
9.194041602313518524e-03
8.764211088418960571e-03
8.896001614630222321e-03
8.362128399312496185e-03
8.493684232234954834e-03
8.419537916779518127e-03
8.020255714654922485e-03
7.773041725158691406e-03
7.816772907972335815e-03
7.937498390674591064e-03
7.519614417105913162e-03
7.416471373289823532e-03
7.317090407013893127e-03
7.428321521729230881e-03
7.111558690667152405e-03
6.990551948547363281e-03
7.169706746935844421e-03
6.926932372152805328e-03
6.713081151247024536e-03
6.889962591230869293e-03
7.085117511451244354e-03
6.605472415685653687e-03
6.373722106218338013e-03
6.741180084645748138e-03
6.320652086287736893e-03
6.797989830374717712e-03
6.450723856687545776e-03
6.622245535254478455e-03
6.681308615952730179e-03
6.148802116513252258e-03
6.441019009798765182e-03
6.369259674102067947e-03
6.283367518335580826e-03
6.136476062238216400e-03
6.284138187766075134e-03
6.088497582823038101e-03
5.837003234773874283e-03
6.018083076924085617e-03
6.190132349729537964e-03
6.026919465512037277e-03
5.791393574327230453e-03
5.593771114945411682e-03
5.839559249579906464e-03
5.801132414489984512e-03
5.659538321197032928e-03
5.521634593605995178e-03
5.885720252990722656e-03
1.351623516529798508e-02
1.314315292984247208e-02
1.278498768806457520e-02
1.257685944437980652e-02
1.192565448582172394e-02
1.183663401752710342e-02
1.173631381243467331e-02
1.142066065222024918e-02
1.122546941041946411e-02
1.095493882894515991e-02
1.103525981307029724e-02
1.063333451747894287e-02
1.052818354219198227e-02
1.050014980137348175e-02
1.039532944560050964e-02
1.017661299556493759e-02
1.003625523298978806e-02
1.005267072468996048e-02
9.804704226553440094e-03
9.949955157935619354e-03
9.766942821443080902e-03
9.539559483528137207e-03
9.471416473388671875e-03
9.505294263362884521e-03
9.352214634418487549e-03
9.106093086302280426e-03
8.972340263426303864e-03
9.018195793032646179e-03
9.013526141643524170e-03
8.861435577273368835e-03
9.006051346659660339e-03
8.539040572941303253e-03
8.537536486983299255e-03
8.687650784850120544e-03
8.600192144513130188e-03
8.373257704079151154e-03
8.412758819758892059e-03
8.226942270994186401e-03
8.291625417768955231e-03
8.486477658152580261e-03
8.128978312015533447e-03
8.257074281573295593e-03
8.036310784518718719e-03
8.028176613152027130e-03
7.976555265486240387e-03
7.766628172248601913e-03
7.726783864200115204e-03
7.784018758684396744e-03
7.642377167940139771e-03
7.534355856478214264e-03
7.647284772247076035e-03
7.735679857432842255e-03
7.553243078291416168e-03
7.437544874846935272e-03
7.421724498271942139e-03
7.313448004424571991e-03
7.355669513344764709e-03
7.344857789576053619e-03
7.331165019422769547e-03
7.342357188463211060e-03
7.211490068584680557e-03
7.364066317677497864e-03
