9.192896100000000459e+00
1.480774659999999798e+01
2.069048129999999830e+01
2.641734049999999812e+01
3.252637070000000108e+01
3.848646960000000661e+01
4.443019610000000341e+01
5.030889860000000624e+01
5.608554290000000009e+01
6.185602390000000383e+01
6.761801749999999345e+01
7.341829359999999838e+01
7.929049510000000112e+01
8.505051059999999552e+01
9.091815950000000157e+01
9.672577090000000055e+01
1.024955916999999914e+02
1.081744197000000014e+02
1.139054821000000004e+02
1.194636335000000003e+02
1.253928602000000012e+02
1.311611114000000100e+02
1.369830493000000047e+02
1.429304816000000073e+02
1.489714856000000225e+02
1.548521543000000236e+02
1.605477145000000121e+02
1.661738140000000215e+02
1.719365994999999998e+02
1.774995570000000100e+02
1.830626563000000147e+02
1.888087738000000115e+02
1.943297893000000158e+02
1.998484373000000005e+02
2.056700882000000092e+02
2.113104719000000102e+02
2.171077855999999997e+02
2.227772903000000042e+02
2.284407003000000032e+02
2.337948700999999971e+02
2.396919281000000126e+02
2.452541800000000194e+02
2.508807242999999971e+02
2.565197348000000375e+02
2.620848660999999993e+02
2.677453047999999853e+02
2.734630836000000045e+02
2.790420909000000051e+02
2.846640970000000266e+02
2.902853094999999826e+02
2.959348312999999848e+02
3.016020857000000319e+02
3.073581575000000043e+02
3.129260280000000307e+02
3.184376543000000197e+02
3.238895934999999895e+02
3.296838392999999883e+02
3.353578512000000273e+02
3.410355418000000327e+02
3.471530478000000244e+02
3.530790635000000179e+02
3.590021131000000310e+02
3.647810051000000158e+02
3.708685770000000161e+02
3.767915687000000275e+02
3.825812157999999954e+02
3.883876531000000227e+02
3.944696693999999866e+02
4.001286423000000241e+02
4.062806866999999897e+02
4.121468889999999874e+02
4.179059002999999848e+02
4.236791580000000295e+02
4.295688875000000166e+02
4.352850592000000347e+02
4.409522924999999987e+02
4.468818544000000088e+02
4.525285362000000191e+02
4.580746383000000037e+02
4.636231989000000340e+02
4.691658682000000340e+02
4.747347255999999902e+02
4.807823773000000074e+02
4.867116191000000072e+02
4.927200980000000072e+02
4.985607621000000336e+02
5.048468639000000167e+02
5.109372611999999663e+02
5.170983903000000055e+02
5.228652375000000347e+02
5.291088369000000284e+02
5.351183413999999630e+02
5.409983885000000328e+02
5.468096284000000651e+02
5.525812772000000450e+02
5.585163363000000345e+02
5.642230260999999700e+02
5.699872844999999870e+02
5.753978201999999555e+02
5.813793137999999772e+02
5.979631643999999824e+02
6.146079980000000660e+02
6.313306701000000203e+02
6.478901964000000362e+02
6.644233001000000058e+02
6.809290049999999610e+02
6.976161432999999761e+02
7.144734614999999849e+02
7.315487269000000197e+02
7.480269160999999940e+02
7.645493652999999767e+02
7.813733509999999569e+02
7.977188820000000078e+02
8.145242359000000079e+02
8.309980758000000378e+02
8.476687663000000157e+02
8.646516054999999596e+02
8.819715796000000410e+02
8.986518452000000252e+02
9.153562463000000662e+02
9.321182028000000628e+02
9.488000508999999738e+02
9.655752051000000620e+02
9.827794523000000027e+02
1.000085198999999989e+03
1.016971549200000027e+03
1.033802377299999989e+03
1.050414299999999912e+03
1.066749573800000007e+03
1.083572582699999884e+03
1.100352608899999950e+03
1.117788580799999863e+03
1.135428320299999996e+03
1.153194921499999964e+03
1.171062690399999838e+03
1.188913011499999811e+03
1.206887320499999987e+03
1.224848397900000009e+03
1.242729768699999795e+03
1.261006875099999888e+03
1.278220144299999902e+03
1.295485885499999995e+03
1.312400953599999866e+03
1.329298939999999902e+03
1.346828640699999823e+03
1.364783719399999882e+03
1.381937646899999891e+03
1.399078962199999978e+03
1.417421536399999923e+03
1.435399562500000002e+03
1.455449992099999918e+03
1.472636251199999833e+03
1.489499519199999895e+03
1.506812184899999920e+03
1.524082630599999902e+03
1.541008694999999989e+03
1.557628658099999939e+03
1.574628629499999988e+03
1.591522009699999899e+03
1.608701921699999957e+03
1.625742070199999944e+03
1.642783980599999950e+03
1.659712080299999798e+03
1.676640218199999936e+03
1.693860799199999974e+03
1.710883307399999921e+03
1.727917502999999897e+03
1.744735730699999976e+03
1.761781594999999925e+03
1.779004802699999800e+03
1.795926162199999908e+03
1.812720244199999797e+03
1.829608701399999973e+03
1.846723868499999980e+03
1.863685573299999987e+03
1.880890200800000002e+03
1.898106122299999925e+03
1.916130441999999903e+03
1.933313123700000006e+03
1.950835576899999978e+03
1.968318549299999859e+03
1.985576220899999953e+03
2.002558799799999861e+03
2.019234936999999945e+03
2.038066676999999800e+03
2.056165359600000102e+03
2.073861171600000034e+03
2.091928247999999712e+03
