5.372568964958190918e-01
5.432985424995422363e-01
5.457291603088378906e-01
5.537848472595214844e-01
5.472222566604614258e-01
5.499306321144104004e-01
5.444095730781555176e-01
5.523957610130310059e-01
5.477083325386047363e-01
5.516666173934936523e-01
5.557639598846435547e-01
5.521180629730224609e-01
5.520486235618591309e-01
5.506944060325622559e-01
5.538542270660400391e-01
5.519096851348876953e-01
5.547568798065185547e-01
5.488541126251220703e-01
5.561805367469787598e-01
5.567360520362854004e-01
5.536804795265197754e-01
5.576387643814086914e-01
5.543749332427978516e-01
5.537848472595214844e-01
5.727430582046508789e-01
5.714235901832580566e-01
5.770833492279052734e-01
5.797569751739501953e-01
5.731945037841796875e-01
5.833680629730224609e-01
5.818749666213989258e-01
5.876736640930175781e-01
5.853125452995300293e-01
5.884374976158142090e-01
5.943403244018554688e-01
5.907986164093017578e-01
5.896179676055908203e-01
5.848958492279052734e-01
5.901735424995422363e-01
5.948264598846435547e-01
5.920138359069824219e-01
5.936458706855773926e-01
5.913193821907043457e-01
5.934374928474426270e-01
5.912847518920898438e-01
5.874652862548828125e-01
5.870138406753540039e-01
5.767013430595397949e-01
5.861805081367492676e-01
5.929861068725585938e-01
5.958333611488342285e-01
5.912500619888305664e-01
6.005902886390686035e-01
6.000346541404724121e-01
6.009374856948852539e-01
6.011459231376647949e-01
6.035416126251220703e-01
6.123957633972167969e-01
6.125000119209289551e-01
6.108334064483642578e-01
6.125347018241882324e-01
6.168749332427978516e-01
6.215277314186096191e-01
6.175000667572021484e-01
6.158680915832519531e-01
6.123263835906982422e-01
6.210764050483703613e-01
6.178472638130187988e-01
6.230556368827819824e-01
6.192361712455749512e-01
6.212500333786010742e-01
6.245833039283752441e-01
6.226389408111572266e-01
6.254166960716247559e-01
6.296874880790710449e-01
6.271527409553527832e-01
6.303125619888305664e-01
6.305555701255798340e-01
6.252431273460388184e-01
6.298958063125610352e-01
6.297222971916198730e-01
6.292361617088317871e-01
6.347569823265075684e-01
6.342012882232666016e-01
6.325693726539611816e-01
6.137152910232543945e-01
6.286804676055908203e-01
6.284375190734863281e-01
6.357986330986022949e-01
6.311458349227905273e-01
6.434374451637268066e-01
6.452082991600036621e-01
6.470834612846374512e-01
6.487846970558166504e-01
6.565277576446533203e-01
6.545486450195312500e-01
6.539584398269653320e-01
6.601041555404663086e-01
6.588541269302368164e-01
6.668056249618530273e-01
6.644444465637207031e-01
6.674305796623229980e-01
6.663541197776794434e-01
6.697570681571960449e-01
6.727777719497680664e-01
6.740278601646423340e-01
6.715278029441833496e-01
6.780555248260498047e-01
6.768055558204650879e-01
6.776389479637145996e-01
6.815277338027954102e-01
6.835762858390808105e-01
6.761111617088317871e-01
6.834722161293029785e-01
6.883680224418640137e-01
6.837846636772155762e-01
6.849653124809265137e-01
6.853125691413879395e-01
6.866664886474609375e-01
6.859722137451171875e-01
6.879513263702392578e-01
6.921526193618774414e-01
6.895139813423156738e-01
6.918403506278991699e-01
6.959027051925659180e-01
6.892359852790832520e-01
6.978471875190734863e-01
6.954165697097778320e-01
6.946874856948852539e-01
6.940626502037048340e-01
7.014583349227905273e-01
6.975694298744201660e-01
7.017360925674438477e-01
6.949999928474426270e-01
6.993749737739562988e-01
7.035416960716247559e-01
6.971181631088256836e-01
6.901735067367553711e-01
6.938540935516357422e-01
6.955902576446533203e-01
7.020140290260314941e-01
6.960416436195373535e-01
7.010070681571960449e-01
6.978125572204589844e-01
6.978124380111694336e-01
7.002778053283691406e-01
6.987152695655822754e-01
7.030903100967407227e-01
7.012152671813964844e-01
7.051040530204772949e-01
7.012847661972045898e-01
7.011111378669738770e-01
