6.977386027574539185e-02
4.761226102709770203e-02
4.751719161868095398e-02
4.746445640921592712e-02
4.746850952506065369e-02
4.764289408922195435e-02
4.753490909934043884e-02
4.756903275847434998e-02
4.750001057982444763e-02
4.761639237403869629e-02
4.767661914229393005e-02
4.749756306409835815e-02
4.736201092600822449e-02
4.204040393233299255e-02
2.035413682460784912e-02
1.544864755123853683e-02
1.194874942302703857e-02
7.734443992376327515e-03
6.251265760511159897e-03
6.026348564773797989e-03
5.336221773177385330e-03
5.125547293573617935e-03
4.832777660340070724e-03
4.672220908105373383e-03
4.375383257865905762e-03
4.100877791643142700e-03
3.927933517843484879e-03
3.824118990451097488e-03
3.513611387461423874e-03
3.425844712182879448e-03
3.286578692495822906e-03
3.257144475355744362e-03
3.198150545358657837e-03
3.040048293769359589e-03
3.021698677912354469e-03
2.843568101525306702e-03
2.842057263478636742e-03
2.802432281896471977e-03
2.672937931492924690e-03
2.710738917812705040e-03
2.656612312421202660e-03
2.571458462625741959e-03
2.539681503549218178e-03
2.467137295752763748e-03
2.494821092113852501e-03
2.382789971306920052e-03
2.447645878419280052e-03
2.304548863321542740e-03
2.377298660576343536e-03
2.377376658841967583e-03
2.345800632610917091e-03
2.185896271839737892e-03
2.222961047664284706e-03
2.267217729240655899e-03
2.241122536361217499e-03
2.215117448940873146e-03
2.189481863752007484e-03
2.138245850801467896e-03
2.187245292589068413e-03
2.167504513636231422e-03
2.150794025510549545e-03
2.162678400054574013e-03
2.122172387316823006e-03
2.061217324808239937e-03
2.139172982424497604e-03
2.159900264814496040e-03
