1.227748090000000047e+01
1.880877050000000139e+01
2.524646699999999910e+01
3.180912200000000212e+01
3.840427669999999694e+01
4.487518159999999767e+01
5.123812279999999930e+01
5.806175180000000324e+01
6.431350449999999341e+01
7.097043879999999660e+01
8.868921629999999823e+01
1.058283092000000067e+02
1.234978482000000071e+02
1.407598937999999862e+02
1.580088134999999738e+02
1.754174767000000088e+02
1.928604257000000075e+02
2.106719747999999868e+02
2.280919240000000059e+02
2.455130892999999901e+02
2.630813172999999665e+02
2.803361218999999664e+02
2.978453258999999775e+02
3.150248728999999912e+02
3.322220504000000005e+02
3.492973943000000077e+02
3.669061256999999614e+02
3.842955273000000034e+02
4.019392520000000104e+02
4.192185359999999719e+02
4.368306678999999804e+02
4.539880325999999968e+02
4.711693336999999815e+02
4.885124382999999852e+02
5.054431083999999714e+02
5.228917029000000412e+02
5.399663550999999870e+02
5.573154433999999355e+02
5.751487770999999611e+02
5.923497489000000087e+02
6.097780149999999821e+02
6.270615193999999519e+02
6.441673256000000265e+02
6.610908393999999362e+02
6.783669786000000386e+02
6.952336043999999902e+02
7.125461177999999336e+02
7.294956597000000329e+02
7.464042820999999321e+02
7.635628215000000409e+02
7.805852255999999443e+02
7.974138636999999790e+02
8.147059186000000182e+02
8.317752901000000065e+02
8.486694363999999950e+02
8.655640234999999620e+02
8.825631489999999530e+02
8.993302669999999353e+02
9.163677241000000322e+02
9.334735756999999694e+02
9.506066492999999582e+02
9.674737655000000132e+02
9.844962604999999485e+02
1.001438217799999961e+03
1.018564184299999965e+03
1.035708727199999885e+03
