4.555153399999999131e+00
6.497614400000000678e+00
8.476148299999998414e+00
1.043387720000000130e+01
1.251370509999999925e+01
1.451478660000000076e+01
1.653260720000000106e+01
1.822727030000000070e+01
2.026871039999999979e+01
2.249915449999999950e+01
2.450128570000000039e+01
2.661931350000000052e+01
2.836247029999999825e+01
3.056809679999999929e+01
3.232560159999999883e+01
3.457662760000000191e+01
3.629339039999999983e+01
3.854856300000000147e+01
4.034292080000000169e+01
4.264793219999999963e+01
4.465786529999999743e+01
4.637725869999999873e+01
4.841207220000000433e+01
5.059145060000000171e+01
5.261510760000000175e+01
5.429777760000000342e+01
5.647369300000000436e+01
5.845103620000000433e+01
6.060173820000000688e+01
6.259711089999999700e+01
6.462470019999999238e+01
6.662664819999999111e+01
6.865946889999999314e+01
7.038509109999999680e+01
7.231788069999998925e+01
7.482116639999999563e+01
7.692388210000000015e+01
7.895050839999998971e+01
8.096202639999999917e+01
8.296428729999999518e+01
8.502008449999999584e+01
8.702854209999999568e+01
8.903610289999998884e+01
9.116147269999999025e+01
9.291734109999998736e+01
9.485331479999999260e+01
9.685725549999999373e+01
9.908278549999999996e+01
1.010706872999999888e+02
1.030546919999999886e+02
1.049376592999999929e+02
1.070403486999999956e+02
1.091556428999999895e+02
1.111987687999999963e+02
1.132209562999999974e+02
1.152111329999999896e+02
1.168902961999999945e+02
1.191615450999999979e+02
1.208821105999999901e+02
1.231138848999999880e+02
1.251217115000000035e+02
1.270757841999999869e+02
1.292266462999999987e+02
1.308888285999999823e+02
1.331563234999999850e+02
1.351556225999999867e+02
1.368730510000000038e+02
1.390737691999999868e+02
1.411000831000000062e+02
1.431272096999999803e+02
1.451489757999999881e+02
1.468920834999999840e+02
1.493056221999999877e+02
1.513173952999999869e+02
1.533155365000000074e+02
1.553367831999999851e+02
1.573971367000000043e+02
1.593973747999999944e+02
1.613840957999999830e+02
1.634255485999999848e+02
1.654637296999999876e+02
1.674488915999999961e+02
1.693534724999999810e+02
1.716374536999999805e+02
1.733777031999999849e+02
1.756895870999999829e+02
1.774343518999999958e+02
1.797244995000000074e+02
1.817153689999999813e+02
1.837520083000000000e+02
1.857829401999999845e+02
1.876025828999999874e+02
1.897922420999999815e+02
1.919861871999999892e+02
1.939940775999999971e+02
1.960282732999999951e+02
1.980492060999999921e+02
1.998564307999999983e+02
2.018106094999999982e+02
2.040982680999999843e+02
2.089347257000000013e+02
2.137546514000000002e+02
2.186980954999999938e+02
2.238251156999999978e+02
2.283968512999999803e+02
2.333238891999999964e+02
2.386219366999999920e+02
2.436061589999999910e+02
2.487592555999999888e+02
2.538626001000000088e+02
2.594921147000000019e+02
2.642530368000000180e+02
2.699257038999999736e+02
2.749973173999999858e+02
2.797814306999999872e+02
2.850164191000000073e+02
2.904218412000000171e+02
2.954096145999999976e+02
3.007988073999999870e+02
3.056292212000000177e+02
3.108003924000000211e+02
3.154463026999999897e+02
3.202135526999999797e+02
3.256419080000000008e+02
3.301795840999999996e+02
3.355422695999999974e+02
3.401585761000000048e+02
3.451256343999999672e+02
3.502479174000000057e+02
3.549517792999999983e+02
3.598383003999999801e+02
3.650783288000000084e+02
3.699872823000000039e+02
3.749047143999999889e+02
3.799338270999999736e+02
3.850787717999999700e+02
3.895172046000000137e+02
3.948558393999999794e+02
3.994627312000000074e+02
4.043659849999999665e+02
4.098116569000000027e+02
4.147697911000000204e+02
4.193993626999999833e+02
4.242107098000000178e+02
4.291123097999999914e+02
4.339793280999999752e+02
4.392129294000000073e+02
4.439282393999999954e+02
4.492341930000000048e+02
4.538175534000000084e+02
4.589474369999999794e+02
4.638095974999999953e+02
4.684112294999999904e+02
4.738686141999999677e+02
4.784346611999999936e+02
4.836607273000000191e+02
4.882656815999999935e+02
4.931472471000000155e+02
4.984714834000000110e+02
5.035520816999999738e+02
5.084529966000000059e+02
5.130713554000000158e+02
5.178824988000000076e+02
5.228952993000000333e+02
5.277921214000000418e+02
5.330511338000000023e+02
5.377400506000000178e+02
