7.624304890632629395e-01
7.730903029441833496e-01
7.779861688613891602e-01
7.754862308502197266e-01
7.700695991516113281e-01
7.688888311386108398e-01
7.723610401153564453e-01
7.875346541404724121e-01
7.711805701255798340e-01
7.776387929916381836e-01
7.776389122009277344e-01
7.671874761581420898e-01
7.705901265144348145e-01
7.701388597488403320e-01
7.819443345069885254e-01
7.198265194892883301e-01
7.120834589004516602e-01
7.073611617088317871e-01
7.099652290344238281e-01
7.071875929832458496e-01
7.048611640930175781e-01
7.165277004241943359e-01
7.077082991600036621e-01
7.288194894790649414e-01
7.224305868148803711e-01
7.247917056083679199e-01
7.201388478279113770e-01
7.221181392669677734e-01
7.222222089767456055e-01
7.134028077125549316e-01
7.197569012641906738e-01
7.168055772781372070e-01
7.154861688613891602e-01
7.152431011199951172e-01
7.186110615730285645e-01
7.078818678855895996e-01
7.122915387153625488e-01
7.164582014083862305e-01
7.303472757339477539e-01
7.242012619972229004e-01
7.250346541404724121e-01
7.303472757339477539e-01
7.254167795181274414e-01
7.179167270660400391e-01
7.275347113609313965e-01
7.259027957916259766e-01
7.259027361869812012e-01
7.306945323944091797e-01
7.264235615730285645e-01
7.250346541404724121e-01
7.255901098251342773e-01
7.196528911590576172e-01
7.336110472679138184e-01
7.185416221618652344e-01
7.288193702697753906e-01
7.269098162651062012e-01
7.291666269302368164e-01
7.213541269302368164e-01
7.228818535804748535e-01
7.245833873748779297e-01
7.252430915832519531e-01
7.344791889190673828e-01
7.305556535720825195e-01
7.298611998558044434e-01
7.239235639572143555e-01
