4.873701557517051697e-02
4.702579602599143982e-02
4.796382039785385132e-02
4.808236658573150635e-02
4.970863461494445801e-02
4.713264852762222290e-02
4.792327806353569031e-02
4.826189577579498291e-02
4.602192714810371399e-02
4.612555354833602905e-02
4.658906161785125732e-02
4.867377132177352905e-02
4.897303879261016846e-02
4.656970128417015076e-02
4.904498159885406494e-02
5.157443508505821228e-02
4.846021533012390137e-02
5.057437717914581299e-02
4.859275743365287781e-02
4.753984883427619934e-02
4.965904727578163147e-02
4.942676052451133728e-02
5.006732419133186340e-02
5.078965798020362854e-02
4.982693493366241455e-02
5.086685344576835632e-02
5.753686279058456421e-02
5.584523081779479980e-02
5.695610493421554565e-02
5.689737200736999512e-02
5.721008777618408203e-02
5.626719444990158081e-02
5.578738823533058167e-02
5.606311932206153870e-02
5.668331682682037354e-02
5.714622884988784790e-02
5.616259947419166565e-02
5.716507136821746826e-02
6.680215150117874146e-02
6.687162071466445923e-02
6.714520603418350220e-02
6.629104167222976685e-02
6.730534136295318604e-02
6.674212217330932617e-02
6.562048196792602539e-02
6.669683754444122314e-02
6.624852120876312256e-02
6.655828654766082764e-02
6.706091761589050293e-02
6.586921215057373047e-02
6.656081229448318481e-02
6.618585437536239624e-02
6.647235155105590820e-02
6.740119308233261108e-02
6.709799170494079590e-02
6.709738075733184814e-02
6.685859709978103638e-02
6.618357449769973755e-02
6.649445742368698120e-02
6.636168062686920166e-02
6.695025414228439331e-02
6.669070571660995483e-02
6.667411327362060547e-02
6.601326167583465576e-02
6.732059270143508911e-02
