1.863774760000001152e+01
3.615546930000004977e+01
5.445536859999992885e+01
7.231657210000003033e+01
8.986889959999984967e+01
1.082509181999998873e+02
1.261203351999999995e+02
1.435202835000000050e+02
1.619778879999998935e+02
1.800022632999998677e+02
1.973139283999998952e+02
2.156705653999999868e+02
2.336364472000000205e+02
2.509722640999998475e+02
2.698084335999999439e+02
2.877505286999999043e+02
3.056570899999999256e+02
3.235441984999999931e+02
3.412248382000000220e+02
3.595726721999999427e+02
3.777697005999998510e+02
3.952020512999999937e+02
4.137505945000000338e+02
4.315167152999999871e+02
4.488851970999999139e+02
4.676263613999999507e+02
4.857160080999999536e+02
5.033363202999998975e+02
5.215991870000000290e+02
5.398623893999999837e+02
5.572122664999999415e+02
5.755535710999999992e+02
5.933912485999999262e+02
6.114860564999999042e+02
6.295579637999999250e+02
6.471182956999998623e+02
6.655346156000000519e+02
6.835860877999998593e+02
7.012481815000001006e+02
7.193680441000001338e+02
7.374251346000000922e+02
7.549865995000000112e+02
7.737126659999998992e+02
7.917413864999998623e+02
8.090915390000000116e+02
8.283158432999998695e+02
8.463596552999997584e+02
8.641552551999998286e+02
8.826674076999997851e+02
9.009896364999999605e+02
9.184540475999997398e+02
9.369560467000001154e+02
9.551261506000000736e+02
9.725700467000001481e+02
9.915668246999998701e+02
1.009906341899999916e+03
1.027337907900000118e+03
1.045832136500000161e+03
1.064081993199999943e+03
1.081556808199999978e+03
1.100241219099999853e+03
1.118482565599999816e+03
1.136265642599999865e+03
1.154898232399999870e+03
1.173145658999999796e+03
