9.160639499999888358e+00
1.635716740000043501e+01
2.358074240000041755e+01
3.081210190000001603e+01
3.803477939999993396e+01
4.527115709999998217e+01
5.251828300000033778e+01
5.977274579999993875e+01
6.699969700000019657e+01
7.424679699999978766e+01
8.149613270000008924e+01
8.873322900000039226e+01
9.597888960000000225e+01
1.031965786999999182e+02
1.104266177999998035e+02
1.176596208000000843e+02
1.248938416999999390e+02
1.321319874000000709e+02
1.393619752000004155e+02
1.465897506999999678e+02
1.538203816000004736e+02
1.862720998000004329e+02
2.187288140000000567e+02
2.512057679999998072e+02
2.836557651000002807e+02
3.160855738999998721e+02
3.485334425999999439e+02
3.809613839000003281e+02
4.134087077000003774e+02
4.458690957999997408e+02
4.782881796000001486e+02
5.107566637999998420e+02
5.431614046000004237e+02
5.756161133000005066e+02
6.080244362000003093e+02
6.404593757000002370e+02
6.728967606000005617e+02
7.053029671000003873e+02
7.376971620000003895e+02
7.700980030999999144e+02
8.027312447000003885e+02
8.351366477999999915e+02
8.675482799999999770e+02
8.999947466000003260e+02
9.324305249999997613e+02
9.648615421000004062e+02
9.973181973000000653e+02
1.029753595700000005e+03
1.062213970499999959e+03
1.094664279100000385e+03
1.127098530400000527e+03
1.159509505900000477e+03
1.191963880500000414e+03
1.224405935300000237e+03
1.256802803100000347e+03
1.289230774100000417e+03
1.321666532100000040e+03
1.354072039800000312e+03
1.386514040099999875e+03
1.418956156400000509e+03
1.451353549299999941e+03
1.483766793200000393e+03
1.516197033800000099e+03
1.548583786600000167e+03
1.581003139700000247e+03
1.613415833600000042e+03
