5.987949371337890625e-01
6.521447300910949707e-01
6.819647550582885742e-01
7.054942250251770020e-01
7.241831421852111816e-01
7.396242618560791016e-01
7.571691870689392090e-01
7.733455896377563477e-01
7.895424962043762207e-01
8.064541816711425781e-01
8.216706514358520508e-01
8.362950086593627930e-01
8.512459993362426758e-01
8.663808703422546387e-01
8.819239735603332520e-01
8.923813700675964355e-01
9.070876240730285645e-01
9.213644862174987793e-01
9.310456514358520508e-01
9.402776360511779785e-01
9.477736353874206543e-01
9.537175893783569336e-01
9.622142314910888672e-01
9.669935107231140137e-01
9.713237285614013672e-01
9.746324419975280762e-01
9.773488640785217285e-01
9.806781411170959473e-01
9.809029102325439453e-01
9.822302460670471191e-01
9.839867949485778809e-01
9.848037958145141602e-01
9.851512312889099121e-01
9.853350520133972168e-01
9.859883785247802734e-01
9.860293865203857422e-01
9.864991307258605957e-01
9.863356351852416992e-01
9.871120452880859375e-01
9.871321916580200195e-01
9.864784479141235352e-01
9.880101680755615234e-01
9.888682365417480469e-01
9.891542196273803711e-01
9.898693561553955078e-01
9.891543388366699219e-01
9.895220398902893066e-01
9.888275265693664551e-01
9.889298677444458008e-01
9.890523552894592285e-01
9.888685345649719238e-01
9.888073205947875977e-01
9.883986711502075195e-01
9.885619282722473145e-01
9.887458086013793945e-01
9.884802699089050293e-01
9.883986711502075195e-01
9.887459874153137207e-01
9.884191155433654785e-01
9.885415434837341309e-01
9.883169531822204590e-01
9.895629882812500000e-01
9.893177747726440430e-01
9.890115261077880859e-01
9.893382191658020020e-01
9.891542196273803711e-01
9.885825514793395996e-01
9.888479709625244141e-01
9.891133904457092285e-01
9.889297485351562500e-01
9.893381595611572266e-01
9.890115261077880859e-01
9.885417222976684570e-01
9.889499545097351074e-01
9.889295697212219238e-01
9.891138672828674316e-01
9.889094829559326172e-01
9.895834326744079590e-01
9.888480901718139648e-01
9.900122880935668945e-01
9.890117049217224121e-01
9.883783459663391113e-01
9.891543388366699219e-01
9.891747236251831055e-01
9.885415434837341309e-01
9.886030554771423340e-01
9.889091253280639648e-01
9.893381595611572266e-01
9.891952276229858398e-01
9.887051582336425781e-01
9.895420670509338379e-01
9.896038174629211426e-01
9.883580207824707031e-01
9.891135096549987793e-01
9.895425438880920410e-01
9.890115261077880859e-01
9.897060394287109375e-01
9.890724420547485352e-01
9.888070225715637207e-01
9.893790483474731445e-01
9.599545598030090332e-01
9.644380807876586914e-01
9.652906656265258789e-01
9.653156995773315430e-01
9.658180475234985352e-01
9.661240577697753906e-01
9.658881425857543945e-01
9.653477072715759277e-01
9.658691883087158203e-01
9.660531878471374512e-01
9.656531810760498047e-01
9.665748476982116699e-01
9.666448235511779785e-01
9.668359160423278809e-01
9.666451811790466309e-01
9.667976498603820801e-01
9.671979546546936035e-01
9.667021632194519043e-01
9.671345949172973633e-01
9.671097397804260254e-01
9.671540260314941406e-01
9.687752723693847656e-01
9.678914546966552734e-01
9.679741859436035156e-01
9.678087830543518066e-01
9.679104685783386230e-01
9.686611294746398926e-01
9.683299064636230469e-01
9.688135981559753418e-01
9.682981371879577637e-01
9.682796001434326172e-01
9.686991572380065918e-01
9.689411520957946777e-01
9.688706398010253906e-01
9.689665436744689941e-01
9.687627553939819336e-01
9.696657657623291016e-01
9.692652225494384766e-01
9.702254533767700195e-01
