2.474292516708374023e-01
2.186289131641387939e-01
2.023564130067825317e-01
1.912461072206497192e-01
1.818260103464126587e-01
1.741252392530441284e-01
1.664225459098815918e-01
1.588565260171890259e-01
1.516948640346527100e-01
1.445923000574111938e-01
1.377372443675994873e-01
1.306386590003967285e-01
1.243956536054611206e-01
1.170222908258438110e-01
1.095770448446273804e-01
1.031686589121818542e-01
9.609822928905487061e-02
8.914576470851898193e-02
8.294740319252014160e-02
7.624588161706924438e-02
7.024246454238891602e-02
6.483476608991622925e-02
5.905176699161529541e-02
5.384780839085578918e-02
4.893182218074798584e-02
4.479163512587547302e-02
4.049301147460937500e-02
3.685230389237403870e-02
3.421641513705253601e-02
3.138726577162742615e-02
2.837910130620002747e-02
2.614639140665531158e-02
2.437087520956993103e-02
2.270201779901981354e-02
2.130860090255737305e-02
1.964687183499336243e-02
1.837663166224956512e-02
1.726230978965759277e-02
1.613065972924232483e-02
1.521633751690387726e-02
1.403108239173889160e-02
1.301095075905323029e-02
1.146632526069879532e-02
1.066092774271965027e-02
9.942742995917797089e-03
9.568929672241210938e-03
9.269426576793193817e-03
8.789358660578727722e-03
8.533164858818054199e-03
8.053822442889213562e-03
7.830304093658924103e-03
7.478123065084218979e-03
7.354745641350746155e-03
7.120502181351184845e-03
6.927082780748605728e-03
6.762658245861530304e-03
6.587827112525701523e-03
6.377066485583782196e-03
6.295098923146724701e-03
5.781850311905145645e-03
5.426185205578804016e-03
5.144767928868532181e-03
4.969859961420297623e-03
4.903628490865230560e-03
4.815466236323118210e-03
4.681582562625408173e-03
4.710510373115539551e-03
4.647412803024053574e-03
4.437006544321775436e-03
4.484352190047502518e-03
4.310861229896545410e-03
4.240405745804309845e-03
4.298381507396697998e-03
4.122918006032705307e-03
4.057783633470535278e-03
4.099558573216199875e-03
4.051036201417446136e-03
4.012304823845624924e-03
3.907655365765094757e-03
3.821506164968013763e-03
3.856498748064041138e-03
3.820040030404925346e-03
3.805461805313825607e-03
3.728418145328760147e-03
3.761307569220662117e-03
3.805597312748432159e-03
3.694088663905858994e-03
3.578334348276257515e-03
3.518912009894847870e-03
3.571649780496954918e-03
3.432845463976264000e-03
3.462891327217221260e-03
3.449880285188555717e-03
3.513850970193743706e-03
3.315588692203164101e-03
3.422834677621722221e-03
3.359266323968768120e-03
3.337430534884333611e-03
3.332376945763826370e-03
3.323959652334451675e-03
8.425014093518257141e-03
7.099240552634000778e-03
6.619463209062814713e-03
6.287069059908390045e-03
5.983977112919092178e-03
5.772834643721580505e-03
5.601578392088413239e-03
5.375875625759363174e-03
5.304477177560329437e-03
5.018296185880899429e-03
5.087550263851881027e-03
4.922864027321338654e-03
4.798386711627244949e-03
4.650834947824478149e-03
4.565191920846700668e-03
4.440712276846170425e-03
4.394838586449623108e-03
4.285434260964393616e-03
4.189694765955209732e-03
4.059607163071632385e-03
3.984637092798948288e-03
3.873447421938180923e-03
3.883724333718419075e-03
3.824347630143165588e-03
3.737176768481731415e-03
3.713304409757256508e-03
3.648727200925350189e-03
3.565064631402492523e-03
3.475221106782555580e-03
3.479507518932223320e-03
3.391207195818424225e-03
3.332537366077303886e-03
3.279118565842509270e-03
3.232640214264392853e-03
3.191464580595493317e-03
3.136503044515848160e-03
3.131703240796923637e-03
3.067315788939595222e-03
2.987775951623916626e-03
