1.423575159999973039e+01
2.663122729999986404e+01
3.902420989999973244e+01
5.140080919999991238e+01
6.380514279999988503e+01
7.619830129999991186e+01
8.860863949999975375e+01
1.010234091999996053e+02
1.134216953000000103e+02
1.258150206000000253e+02
1.382117479999997158e+02
1.506040193999997427e+02
1.629953854999998839e+02
1.753886410000000069e+02
1.877798500999997486e+02
2.001822045999997499e+02
2.125704314999998132e+02
2.249664334999997664e+02
2.373629978999997547e+02
2.497602722999999969e+02
2.621495531999999002e+02
2.745379703999997218e+02
2.869281304999999520e+02
2.993143830999997590e+02
3.116947188999997707e+02
3.240759795999997550e+02
3.364561743999997816e+02
3.488379125999999815e+02
3.613343448999999055e+02
4.178328443999998854e+02
4.742879718999997749e+02
5.307455883999996331e+02
5.871865161999999145e+02
6.436097547999997914e+02
7.000352055999996992e+02
7.564624597999995785e+02
8.129083148999998230e+02
8.693957776999995986e+02
9.258626377999999022e+02
9.823379995000000235e+02
1.038804431699999895e+03
1.095253798899999765e+03
1.151700158699999974e+03
1.208108003800000006e+03
1.264518379399999958e+03
1.320930160199999591e+03
1.377336570999999822e+03
1.433748170200000004e+03
1.490153665399999682e+03
1.546589169399999719e+03
1.602982391699999880e+03
1.659362644499999988e+03
1.715745008100000177e+03
1.772121313199999804e+03
1.828512623399999484e+03
1.884896518000000015e+03
1.941269710199999736e+03
1.997652003300000160e+03
2.054054372399999465e+03
2.110441772399999991e+03
2.166804467399999794e+03
2.223164786699999695e+03
2.279546557600000142e+03
2.335902624299999388e+03
