8.837696909904479980e-02
6.781354546546936035e-02
6.360089778900146484e-02
6.088802590966224670e-02
6.024631857872009277e-02
5.934229865670204163e-02
5.839803069829940796e-02
5.733152106404304504e-02
5.752773210406303406e-02
5.665827542543411255e-02
5.561246722936630249e-02
5.457476526498794556e-02
5.260442569851875305e-02
5.184775963425636292e-02
5.294481292366981506e-02
5.363612249493598938e-02
5.414444580674171448e-02
5.322669818997383118e-02
5.260462686419487000e-02
4.926224425435066223e-02
5.020403489470481873e-02
4.932683333754539490e-02
4.893541336059570312e-02
4.871143400669097900e-02
4.808779060840606689e-02
4.711810126900672913e-02
4.549846053123474121e-02
4.567749053239822388e-02
4.655719548463821411e-02
4.667515307664871216e-02
4.649212211370468140e-02
4.771987348794937134e-02
6.746461987495422363e-02
6.712997704744338989e-02
6.624734401702880859e-02
6.562320888042449951e-02
6.485606729984283447e-02
6.527113914489746094e-02
6.523529440164566040e-02
6.573495268821716309e-02
6.426988542079925537e-02
6.311842054128646851e-02
6.324562430381774902e-02
6.431102007627487183e-02
6.412304192781448364e-02
6.443123519420623779e-02
