5.637230949999980112e+01
8.511211259999981849e+01
1.138801937999999154e+02
1.427345346999998128e+02
1.715447746999998344e+02
2.002718698999999560e+02
2.290187149000000773e+02
2.577627461999998104e+02
2.865584689999998318e+02
3.152806638999998086e+02
3.441238784999998188e+02
3.728685057999998662e+02
4.015891747999996824e+02
4.304529995999998846e+02
4.593125583999997161e+02
4.880776402999997572e+02
5.168309609999998884e+02
5.455781503000000612e+02
5.743140252000000601e+02
6.030266389999999319e+02
6.319172143999996933e+02
6.606730160999998134e+02
6.894395935000000009e+02
7.181654694000001200e+02
7.469383821999997508e+02
7.756632586999996875e+02
8.043912097999998423e+02
8.331736803999999665e+02
8.619215342999998484e+02
8.906740345000000616e+02
9.194103726000000734e+02
9.481605557000000317e+02
1.084862663999999995e+03
1.167436585400000013e+03
1.249779809500000056e+03
1.332062998699999980e+03
1.414369349800000009e+03
1.496644152600000098e+03
1.578957421399999703e+03
1.663400146299999733e+03
1.747332467200000110e+03
1.831243251600000121e+03
1.915203416399999924e+03
1.999199705299999778e+03
2.083109299200000351e+03
2.167021442499999466e+03
