1.188078671693801880e-01
1.016316413879394531e-01
9.113033115863800049e-02
8.122447878122329712e-02
7.383754849433898926e-02
6.712035834789276123e-02
6.152275204658508301e-02
5.622982233762741089e-02
5.265723541378974915e-02
4.977085068821907043e-02
4.698234423995018005e-02
4.433422535657882690e-02
4.207537323236465454e-02
3.992543742060661316e-02
3.812124207615852356e-02
3.663297742605209351e-02
3.526348993182182312e-02
3.326201438903808594e-02
3.201974183320999146e-02
3.094525635242462158e-02
2.982684411108493805e-02
2.856176160275936127e-02
2.740676701068878174e-02
2.663004212081432343e-02
2.552732266485691071e-02
2.417240664362907410e-02
2.350272051990032196e-02
2.243787609040737152e-02
2.195498533546924591e-02
2.107551135122776031e-02
2.024647407233715057e-02
1.966037228703498840e-02
1.890304312109947205e-02
1.865245588123798370e-02
1.721798814833164215e-02
1.703494042158126831e-02
1.655728369951248169e-02
1.554074510931968689e-02
1.526166405528783798e-02
1.483686920255422592e-02
1.447098981589078903e-02
1.383312325924634933e-02
1.335704140365123749e-02
1.287483982741832733e-02
1.247149240225553513e-02
1.207868196070194244e-02
1.151472330093383789e-02
1.139004249125719070e-02
1.121606584638357162e-02
1.077399589121341705e-02
1.036719884723424911e-02
1.007427833974361420e-02
1.000792626291513443e-02
9.747421368956565857e-03
9.554615244269371033e-03
9.184387512505054474e-03
9.091296233236789703e-03
9.064509533345699310e-03
8.667917922139167786e-03
8.445142768323421478e-03
8.245927281677722931e-03
8.107188157737255096e-03
7.830005139112472534e-03
7.696804124861955643e-03
7.612631190568208694e-03
7.571034133434295654e-03
7.384064607322216034e-03
7.417401298880577087e-03
7.295556366443634033e-03
6.950516719371080399e-03
6.867902819067239761e-03
6.977073382586240768e-03
6.764318794012069702e-03
6.588743999600410461e-03
6.639860570430755615e-03
6.365504115819931030e-03
6.432260386645793915e-03
6.369611248373985291e-03
6.162889301776885986e-03
6.287210620939731598e-03
6.135254632681608200e-03
5.984418559819459915e-03
6.066755391657352448e-03
5.993238184601068497e-03
5.723523907363414764e-03
5.687729455530643463e-03
5.735437851399183273e-03
5.749837961047887802e-03
5.573931615799665451e-03
5.439221393316984177e-03
5.490066949278116226e-03
5.342452321201562881e-03
5.402345210313796997e-03
5.305537953972816467e-03
5.265132989734411240e-03
5.252575967460870743e-03
5.196643527597188950e-03
5.157890263944864273e-03
5.113538354635238647e-03
5.203218664973974228e-03
1.472163107246160507e-02
1.396012213081121445e-02
1.352233067154884338e-02
1.308192498981952667e-02
1.275428384542465210e-02
1.255188137292861938e-02
1.250988431274890900e-02
1.213042531162500381e-02
1.199489552527666092e-02
1.185093354433774948e-02
1.171941868960857391e-02
1.148497685790061951e-02
1.136154774576425552e-02
1.100882701575756073e-02
1.104470994323492050e-02
1.087124459445476532e-02
1.071471720933914185e-02
1.056522596627473831e-02
1.054093334823846817e-02
1.038829982280731201e-02
1.010426878929138184e-02
1.008879207074642181e-02
9.995465166866779327e-03
9.833217598497867584e-03
9.861247614026069641e-03
9.632099419832229614e-03
9.604082442820072174e-03
9.505244903266429901e-03
9.398745372891426086e-03
9.236712940037250519e-03
9.203067980706691742e-03
8.985628373920917511e-03
8.961731567978858948e-03
8.882561698555946350e-03
8.771829307079315186e-03
8.681704290211200714e-03
8.598125539720058441e-03
8.592514321208000183e-03
8.418730460107326508e-03
8.494003675878047943e-03
8.286061696708202362e-03
8.213455788791179657e-03
8.187533356249332428e-03
8.043194189667701721e-03
7.900162599980831146e-03
8.017585612833499908e-03
7.878663018345832825e-03
7.787023205310106277e-03
7.714122533798217773e-03
7.681376766413450241e-03
7.612951099872589111e-03
7.554014679044485092e-03
7.550260517746210098e-03
7.404655218124389648e-03
7.372465915977954865e-03
7.354200817644596100e-03
7.281016092747449875e-03
7.191343232989311218e-03
7.204241119325160980e-03
7.104921154677867889e-03
7.091676816344261169e-03
7.043730933219194412e-03
6.910752039402723312e-03
6.907542701810598373e-03
6.834475789219141006e-03
6.852013524621725082e-03
6.788994185626506805e-03
6.643765140324831009e-03
6.676047109067440033e-03
6.620961707085371017e-03
6.548001896589994431e-03
6.562253460288047791e-03
6.451460067182779312e-03
6.421853322535753250e-03
6.464539095759391785e-03
6.432452239096164703e-03
6.373418960720300674e-03
6.337472237646579742e-03
6.239872891455888748e-03
6.351829040795564651e-03
6.261471193283796310e-03
6.249162834137678146e-03
6.091971416026353836e-03
6.139010190963745117e-03
6.136890035122632980e-03
6.019538268446922302e-03
6.020611152052879333e-03
5.990333389490842819e-03
5.928207654505968094e-03
5.832512862980365753e-03
5.889671854674816132e-03
5.853242240846157074e-03
5.731042940169572830e-03
5.782725289463996887e-03
5.703561007976531982e-03
5.819214507937431335e-03
5.716675892472267151e-03
5.661098286509513855e-03
5.622638855129480362e-03
5.689386744052171707e-03
