8.363959799999975075e+00
1.509048320000056265e+01
2.181412749999981315e+01
2.832463230000030308e+01
3.524431280000044353e+01
4.161813189999975293e+01
4.879803670000001148e+01
5.550450760000057926e+01
6.218799870000020746e+01
6.941565280000031635e+01
7.596478759999990871e+01
8.274269830000048387e+01
8.965636850000009872e+01
9.622640640000008716e+01
1.030614892000003238e+02
1.098378007999999681e+02
1.165084451000002446e+02
1.231399522000001525e+02
1.299205996999999115e+02
1.364802514000002702e+02
1.428741663000000699e+02
1.498838201999997182e+02
1.568440285000006043e+02
1.637948201999997764e+02
1.702837969000001976e+02
1.773273874000005890e+02
1.839387275999997655e+02
1.906522290000002613e+02
1.971621878000005381e+02
2.038639838999997664e+02
2.102750795000001744e+02
2.172270613000000594e+02
2.236986741000000620e+02
2.306365169999999125e+02
2.372999245999999403e+02
2.439294503000000987e+02
2.511676085999997667e+02
2.578554733999999371e+02
2.645637441999997463e+02
2.712878430000000662e+02
2.779008079000004727e+02
2.844575292999998055e+02
2.912225969999999506e+02
2.978668077000002086e+02
3.045055456000000049e+02
3.111192713000000367e+02
3.177633142000004227e+02
3.244421687000003658e+02
3.311722150000005058e+02
3.378679311000005328e+02
3.444639636000001701e+02
3.511678931000005832e+02
3.577317166000002544e+02
3.644368884000004982e+02
3.708930789000005461e+02
3.778120229000005565e+02
3.844983090000005177e+02
3.912746274000000994e+02
3.978051166000004741e+02
4.041686459000002287e+02
4.110711313000001610e+02
4.176616867000002458e+02
4.242964657000002262e+02
4.316311430000005203e+02
4.382927608999998483e+02
4.449730958999998620e+02
4.516834098999997877e+02
4.584085388000003150e+02
4.649026860000003580e+02
4.719193147000005411e+02
4.783960994999997638e+02
4.851848752000005334e+02
4.920011278000001766e+02
4.988279686000005313e+02
5.055072187000005215e+02
5.124835795999997572e+02
5.191819390999999086e+02
5.260116806000005454e+02
5.325058730000000651e+02
5.391042007000005469e+02
5.461220043000002988e+02
5.529059404999998151e+02
5.596818208000004233e+02
5.664669718000004650e+02
5.732739368000002287e+02
5.800728653000005579e+02
5.868384833999998591e+02
5.936794441000001825e+02
6.004342855000004420e+02
6.071667379999998957e+02
6.139679652000004353e+02
6.212704297999998744e+02
6.280377319999997781e+02
6.349531242000002749e+02
6.417119334999997591e+02
6.485207688999998936e+02
6.555361171000004106e+02
6.622949164000001474e+02
6.688776022000001831e+02
6.760480122999997548e+02
6.961735495000002629e+02
7.168661952000002202e+02
7.372356731999998374e+02
7.579046925000002375e+02
7.789126814999999624e+02
7.995192346000003454e+02
8.200020452999997360e+02
8.407056130000000849e+02
8.620513914000002842e+02
8.826239292000000205e+02
9.031673255000005156e+02
9.239307662999999593e+02
9.445609610000001339e+02
9.650526049999998577e+02
9.858754319999998188e+02
1.006376807000000554e+03
1.027090297499999906e+03
1.047515470299999834e+03
1.068292972799999916e+03
1.088810165099999722e+03
1.110070560699999987e+03
1.130774533700000575e+03
1.151622895200000130e+03
1.172951541999999790e+03
1.193592641700000058e+03
1.214709948100000474e+03
1.235568789900000411e+03
1.256564301000000341e+03
1.277493287199999941e+03
1.298447793899999851e+03
1.319343945800000256e+03
1.340219875900000261e+03
1.361376770800000486e+03
1.382397228700000596e+03
1.403267503199999737e+03
1.423791514800000186e+03
1.444357032599999911e+03
1.464989199700000427e+03
1.485649067700000160e+03
1.506413186599999790e+03
1.527336389699999927e+03
1.547818027000000257e+03
1.568533526600000187e+03
1.588666096800000560e+03
1.610340797500000008e+03
1.631247170900000128e+03
1.652120206700000381e+03
1.672856358099999852e+03
1.693034964999999829e+03
1.714382668700000067e+03
1.735347805500000504e+03
1.756233420100000330e+03
1.777173450799999955e+03
1.798234444800000347e+03
1.819291376700000001e+03
1.840447943199999827e+03
1.861951720600000044e+03
1.882718523200000163e+03
1.904163610700000390e+03
1.925144306500000312e+03
1.946366053400000055e+03
1.966897751700000299e+03
1.987818993800000499e+03
2.009283556700000190e+03
2.030510178800000176e+03
2.051837004400000296e+03
2.072845738699999856e+03
2.093870130500000414e+03
2.115251546899999994e+03
2.136556530599999860e+03
2.157373881399999846e+03
2.178610750400000143e+03
2.199679535000000214e+03
2.220885203599999841e+03
2.241901382099999864e+03
2.262708881399999882e+03
2.284062544800000069e+03
2.304655523100000210e+03
2.326418578700000580e+03
2.347230659700000615e+03
2.368025348000000122e+03
2.389994494700000359e+03
2.410760474400000021e+03
2.432427208400000382e+03
2.453564094899999873e+03
2.474695380699999987e+03
2.495474616299999980e+03
2.516672795200000110e+03
2.538200027500000033e+03
2.559518992899999830e+03
2.580740023000000292e+03
2.601596240100000614e+03
2.622938044700000319e+03
2.643965128800000457e+03
2.665913776399999733e+03
2.687409301300000152e+03
2.709380662200000188e+03
2.729990003699999761e+03
2.751602963100000125e+03
2.772599206900000354e+03
