7.517678141593933105e-01
7.857322692871093750e-01
8.030304908752441406e-01
8.171717524528503418e-01
8.217172026634216309e-01
8.364900350570678711e-01
8.359849452972412109e-01
8.449494838714599609e-01
8.505051136016845703e-01
8.510101437568664551e-01
8.559340834617614746e-01
8.660351634025573730e-01
8.685606122016906738e-01
8.685606122016906738e-01
8.664140701293945312e-01
8.717171549797058105e-01
8.782828450202941895e-01
8.781566023826599121e-01
8.863636851310729980e-01
8.864899277687072754e-01
8.853535652160644531e-01
8.892675042152404785e-01
8.945706486701965332e-01
8.970959186553955078e-01
8.979797959327697754e-01
9.034090042114257812e-01
9.090906977653503418e-01
9.126263856887817383e-01
9.132575392723083496e-01
9.102271199226379395e-01
9.142677187919616699e-01
9.071970582008361816e-01
9.150252342224121094e-01
9.160354137420654297e-01
9.194445013999938965e-01
9.199495911598205566e-01
9.242423772811889648e-01
9.181818366050720215e-01
9.248736500740051270e-01
9.219696521759033203e-01
9.255050420761108398e-01
9.279040098190307617e-01
9.268940091133117676e-01
9.296716451644897461e-01
9.301765561103820801e-01
9.353535175323486328e-01
9.318181872367858887e-01
9.292929768562316895e-01
9.301767349243164062e-01
9.323233366012573242e-01
9.287881255149841309e-01
9.344698190689086914e-01
9.327018260955810547e-01
9.316917657852172852e-01
9.328281283378601074e-01
9.333333373069763184e-01
9.344696998596191406e-01
9.352272152900695801e-01
9.315657019615173340e-01
9.328283667564392090e-01
9.348486065864562988e-01
9.327019453048706055e-01
9.319444298744201660e-01
9.339646100997924805e-01
9.330806136131286621e-01
9.334596991539001465e-01
9.354799389839172363e-01
9.349748492240905762e-01
9.324494600296020508e-01
9.337123036384582520e-01
9.374999403953552246e-01
9.309344291687011719e-01
8.940081000328063965e-01
8.946030735969543457e-01
8.963891863822937012e-01
8.949999809265136719e-01
8.952382206916809082e-01
8.967459797859191895e-01
8.954761624336242676e-01
8.969842791557312012e-01
8.955956101417541504e-01
8.969046473503112793e-01
8.981745243072509766e-01
9.014685750007629395e-01
8.994442224502563477e-01
8.970237374305725098e-01
8.986110091209411621e-01
9.027777314186096191e-01
9.005950093269348145e-01
9.010716080665588379e-01
8.992461562156677246e-01
9.030556082725524902e-01
9.060714244842529297e-01
9.042461514472961426e-01
9.024207592010498047e-01
9.026587009429931641e-01
9.051192998886108398e-01
9.045236706733703613e-01
9.029363393783569336e-01
9.063097238540649414e-01
9.058334827423095703e-01
9.057542085647583008e-01
9.063093662261962891e-01
9.059128165245056152e-01
9.056348800659179688e-01
9.071031212806701660e-01
9.059127569198608398e-01
9.089287519454956055e-01
9.073409438133239746e-01
9.065079092979431152e-01
9.087302684783935547e-01
9.072220921516418457e-01
9.078175425529479980e-01
9.101191163063049316e-01
9.081347584724426270e-01
9.101586937904357910e-01
9.081350564956665039e-01
9.092459678649902344e-01
