5.432291626930236816e-01
5.663889050483703613e-01
5.638888478279113770e-01
5.656597614288330078e-01
5.571874380111694336e-01
5.682638883590698242e-01
5.651735067367553711e-01
5.622916221618652344e-01
5.605555176734924316e-01
5.699304342269897461e-01
5.878472328186035156e-01
5.912153124809265137e-01
6.031597852706909180e-01
6.042708754539489746e-01
6.058332920074462891e-01
5.934722423553466797e-01
5.994443297386169434e-01
5.999999642372131348e-01
5.989582538604736328e-01
5.980207920074462891e-01
6.268403530120849609e-01
6.402778029441833496e-01
6.498611569404602051e-01
6.490277051925659180e-01
6.531249284744262695e-01
6.634722352027893066e-01
6.572222113609313965e-01
6.548611521720886230e-01
6.581943631172180176e-01
6.682985424995422363e-01
6.659376025199890137e-01
6.703820228576660156e-01
6.673264503479003906e-01
6.680903434753417969e-01
6.686111688613891602e-01
7.010762691497802734e-01
6.993402838706970215e-01
7.034373283386230469e-01
7.042362093925476074e-01
7.079166173934936523e-01
7.045485973358154297e-01
7.082986235618591309e-01
7.108680009841918945e-01
7.113541364669799805e-01
7.065625190734863281e-01
7.057987451553344727e-01
7.106944322586059570e-01
6.990625262260437012e-01
7.001042962074279785e-01
7.068055868148803711e-01
7.060764431953430176e-01
7.109028100967407227e-01
7.140625119209289551e-01
7.076389193534851074e-01
7.058680057525634766e-01
7.054513692855834961e-01
7.078819274902343750e-01
7.104513049125671387e-01
7.149305939674377441e-01
7.140625715255737305e-01
7.111805081367492676e-01
