2.191611030000058236e+01
4.306246979999923497e+01
6.389843289999953413e+01
8.440607119999913266e+01
1.055574734000001627e+02
1.269524404999992839e+02
1.471951640000006591e+02
1.680694819999989704e+02
1.887259857999997621e+02
2.091649479999996402e+02
2.302061185999991721e+02
2.511114001000005373e+02
2.721754239999991114e+02
2.943685924999990675e+02
3.164176072999998723e+02
3.378380500000002939e+02
3.636567381000004389e+02
3.850981074999999691e+02
4.078307437999992544e+02
4.322925120999989304e+02
4.551598035000006348e+02
4.776364770999989560e+02
5.004921967999998742e+02
5.232165488999999070e+02
5.455545855000000302e+02
5.683390959999996994e+02
5.911869267999991280e+02
6.137155598999997892e+02
6.373274863999995432e+02
6.600454411999999138e+02
6.825953749000000244e+02
7.055436456000006729e+02
7.284475211999997555e+02
7.509349089000006643e+02
7.743327386999990267e+02
7.973764474999989034e+02
8.201157401000000391e+02
8.433978568000002269e+02
8.665972141000002011e+02
8.892884410999995453e+02
9.128138041000001976e+02
9.360037548000000243e+02
9.587364765000002080e+02
9.821775183999998262e+02
1.005549470699999802e+03
1.028570461699999214e+03
