9.623238799999999316e+00
1.517959680000000056e+01
2.078558610000000328e+01
2.636292710000000028e+01
3.191204830000000214e+01
3.757229159999999979e+01
4.319079419999999914e+01
4.867700740000000081e+01
5.421328540000000373e+01
5.980562499999999915e+01
6.529620599999999797e+01
7.078371350000000461e+01
7.628862139999999670e+01
8.194103810000000010e+01
8.756263029999999503e+01
9.316307310000000541e+01
9.865883039999999937e+01
1.041888311000000016e+02
1.096827013000000051e+02
1.152240201000000042e+02
1.210610958000000039e+02
1.268753174000000001e+02
1.323298559000000125e+02
1.377749555999999984e+02
1.430968559000000084e+02
1.484804144999999949e+02
1.538321620000000109e+02
1.591401529999999980e+02
1.643763605999999982e+02
1.697134977000000049e+02
1.751403292999999906e+02
1.804331688000000042e+02
1.858656483000000037e+02
1.912128226000000097e+02
1.965099094999999920e+02
2.019095535000000154e+02
2.072585665999999947e+02
2.124942157000000122e+02
2.177500960000000134e+02
2.230346021000000007e+02
2.282700418999999954e+02
2.337792614999999898e+02
2.389543212000000096e+02
2.442497861999999884e+02
2.496171343999999976e+02
2.549801226000000156e+02
2.602814682000000062e+02
2.655782940999999937e+02
2.709580406000000039e+02
2.762062475999999833e+02
2.814767277999999919e+02
2.867647319000000152e+02
2.920307882000000177e+02
2.973041496999999822e+02
3.025434758000000102e+02
3.079666528000000199e+02
3.131402530000000297e+02
3.185542293999999970e+02
3.237501770999999735e+02
3.290602228000000196e+02
3.344132685000000151e+02
3.396614142000000243e+02
3.449475681000000122e+02
3.503124788000000081e+02
3.556204367000000275e+02
3.609292882999999961e+02
3.662170775999999819e+02
3.715095969000000196e+02
3.768279504999999858e+02
3.821108224000000178e+02
3.875993996000000266e+02
3.929067119000000048e+02
3.982220887999999945e+02
4.034903358000000253e+02
4.088779700000000048e+02
4.141435774999999921e+02
4.194899090000000115e+02
4.248420434000000228e+02
4.301533787999999845e+02
4.354936797999999953e+02
4.409005111999999826e+02
4.462046253999999976e+02
4.514854836999999748e+02
4.568183205999999927e+02
4.622075720999999930e+02
4.674819396999999981e+02
4.730343212999999878e+02
4.782788975000000278e+02
4.836023210999999833e+02
4.890162907999999788e+02
4.942806287000000225e+02
4.996095487000000048e+02
5.049633274000000256e+02
5.101639305000000491e+02
5.154651137999999264e+02
5.208022553999999218e+02
5.260713389000000006e+02
5.314281904999999142e+02
5.368037983999998914e+02
5.421603399999999056e+02
5.576826377999999522e+02
5.733340140999999903e+02
5.888530687999999600e+02
6.047738117999999758e+02
6.204504704999999376e+02
6.361451582999999346e+02
6.517617100999999593e+02
6.674634834999999384e+02
6.830685192999999344e+02
6.986447902999999542e+02
7.144696139999999787e+02
7.301875713999999107e+02
7.458972721999999749e+02
7.616724892999999383e+02
7.776322845999999345e+02
7.933973931999998968e+02
8.091079577999998946e+02
8.248950438999999051e+02
8.405212184999999181e+02
8.564463549999999259e+02
8.720200498999998899e+02
8.876571474999999509e+02
9.034894889999999350e+02
9.191395480999999563e+02
9.347851004999999986e+02
9.507609900999999581e+02
9.663932495999999901e+02
9.821377851999999393e+02
9.980134567999999717e+02
1.013767408699999919e+03
1.029530595400000038e+03
1.045375738100000035e+03
1.061107431299999917e+03
1.076950570799999923e+03
1.092800334799999973e+03
1.108644489900000053e+03
1.124692665799999986e+03
1.140520050099999935e+03
1.156367444699999851e+03
1.172128426900000022e+03
1.188193044599999894e+03
1.204060503199999857e+03
1.219830714100000023e+03
1.235704992899999979e+03
1.251414304599999923e+03
1.267163209499999994e+03
1.283168824399999949e+03
1.298982016299999941e+03
1.315165351299999884e+03
1.331061920599999894e+03
1.346894724999999880e+03
1.362545682799999895e+03
1.378543916699999954e+03
1.394338927799999965e+03
1.410136813299999858e+03
1.426229182000000037e+03
1.442160781000000043e+03
1.458017152099999976e+03
1.474064683199999990e+03
1.489950072099999943e+03
1.506127017699999897e+03
1.522106041799999957e+03
1.538083050799999910e+03
1.553955914699999994e+03
1.570036225199999990e+03
1.585985651299999972e+03
1.601843937099999948e+03
1.617844995700000027e+03
1.633869202399999949e+03
1.649868788999999879e+03
1.665869714599999952e+03
1.681847585799999933e+03
1.697806165699999838e+03
1.713945409100000006e+03
1.730160078500000054e+03
1.746235544200000049e+03
1.762335379899999907e+03
