1.344414700000000096e+01
2.341709519999999856e+01
3.344129519999999900e+01
4.370511040000000236e+01
5.387198020000000298e+01
6.387612859999999415e+01
7.389286910000001285e+01
8.390857470000000262e+01
9.385249659999999494e+01
1.039662782000000050e+02
1.139278902000000073e+02
1.239329923999999892e+02
1.340957211000000200e+02
1.442792752999999948e+02
1.542399149000000023e+02
1.644496125999999947e+02
1.748031606000000124e+02
1.874905026000000134e+02
1.985721060000000193e+02
2.093185852999999952e+02
2.198967746000000147e+02
2.304843046000000015e+02
2.414208581000000038e+02
2.521060769999999991e+02
2.628746055000000297e+02
2.736975476000000072e+02
2.842782799000000296e+02
2.949310641999999802e+02
3.058203823000000057e+02
3.166441166000000180e+02
3.272448666000000230e+02
3.381312068000000295e+02
3.486835826999999881e+02
3.594178410000000099e+02
3.702736224999999877e+02
3.808392076000000088e+02
3.913364215999999942e+02
4.018381588000000306e+02
4.120414319000000205e+02
4.223480981000000156e+02
4.328843162000000007e+02
4.430452783000000068e+02
4.533340921999999864e+02
4.636633856000000264e+02
4.739254705999999828e+02
4.842839912000000027e+02
4.946542635000000132e+02
5.048801310000000058e+02
5.151846266999999671e+02
5.254404802999999902e+02
5.357365968999999950e+02
5.459712934000000359e+02
5.565038871000000427e+02
5.666333039999999528e+02
5.767466131999999561e+02
5.869985966000000417e+02
5.970113553999999567e+02
6.071289011999999730e+02
6.172750929000000042e+02
6.274971233999999640e+02
6.376233075999999755e+02
6.479317951000000448e+02
6.580219749999999976e+02
6.681513975000000300e+02
6.785894061999999849e+02
6.888206657000000632e+02
6.990566221000000269e+02
7.091170909999999594e+02
7.190757853000000068e+02
7.292429521000000250e+02
7.394019018000000187e+02
7.496675255000000107e+02
7.599225496000000248e+02
7.702692352999999912e+02
7.803966755000000148e+02
7.905318711999999550e+02
8.006232485000000452e+02
8.106766639999999597e+02
8.208193046999999751e+02
8.310605033000000503e+02
8.410870535000000245e+02
8.511778271000000586e+02
8.613414142999999967e+02
8.713725527999999940e+02
8.815742354000000205e+02
8.916745970000000625e+02
9.018756422000000157e+02
9.121743662999999742e+02
9.223422874999999976e+02
9.324758166000000301e+02
9.425409100000000535e+02
9.525910090999999511e+02
9.626449059999999918e+02
9.727970209999999724e+02
9.829687198000000308e+02
9.930287564000000202e+02
1.003371806900000024e+03
1.013471195800000032e+03
1.023411814500000105e+03
1.033497280699999919e+03
1.062134748899999977e+03
1.091195705399999952e+03
1.120203001299999869e+03
1.149169514899999967e+03
1.178370678099999850e+03
1.207406247299999904e+03
1.236421060299999908e+03
1.265279965899999979e+03
1.294418828499999790e+03
1.323457823099999814e+03
1.352456711499999983e+03
1.381322528199999851e+03
1.410099289799999951e+03
1.439112036399999852e+03
1.468041227999999819e+03
1.497140933199999836e+03
1.525783047799999849e+03
1.554973650799999859e+03
1.583817093099999965e+03
1.612680789599999798e+03
1.641702105599999868e+03
1.670460390699999834e+03
1.699274465099999816e+03
1.728515312199999926e+03
1.757416882299999997e+03
1.786222291899999846e+03
1.815173487799999975e+03
1.844266047899999876e+03
1.872804830899999843e+03
1.901727759599999899e+03
1.931051551499999960e+03
1.959635825899999872e+03
1.988734162999999853e+03
2.017774317799999835e+03
2.046542455799999743e+03
2.075643884200000230e+03
2.104714551699999902e+03
2.133768904000000020e+03
2.162789362299999993e+03
2.191581096700000217e+03
2.220515111100000013e+03
2.249421126600000207e+03
2.277941821299999901e+03
2.306936905100000331e+03
2.335806379399999969e+03
2.364800603400000000e+03
2.393489773600000262e+03
2.422480374700000084e+03
2.451343632900000102e+03
2.479895402300000114e+03
2.508675925000000007e+03
2.537693565100000342e+03
2.566482100600000194e+03
2.595303306000000248e+03
2.624464030300000104e+03
2.653163713299999927e+03
2.682049969400000009e+03
2.710885794799999985e+03
2.739579303299999992e+03
2.768437166200000320e+03
2.797289230700000189e+03
2.826000920800000131e+03
2.854936187900000277e+03
2.883824191200000314e+03
2.912624052500000289e+03
2.941738995600000180e+03
2.970474773599999935e+03
2.999062337100000150e+03
3.027925371799999994e+03
3.057046814300000278e+03
3.085873637800000324e+03
3.114883761300000060e+03
3.143838816800000131e+03
3.173060358200000337e+03
3.202175517900000159e+03
3.231082225800000288e+03
3.259867255900000146e+03
3.288989118500000131e+03
3.317928463499999907e+03
3.346662286600000243e+03
3.375572620100000222e+03
