5.233333706855773926e-01
5.116667747497558594e-01
5.227777361869812012e-01
5.091667771339416504e-01
5.150000452995300293e-01
5.013888478279113770e-01
5.088890194892883301e-01
5.236110687255859375e-01
5.252777338027954102e-01
5.297222137451171875e-01
5.183334350585937500e-01
5.127778053283691406e-01
5.111111402511596680e-01
5.236111879348754883e-01
5.297222137451171875e-01
5.369444489479064941e-01
5.358334183692932129e-01
5.158332586288452148e-01
5.188888311386108398e-01
5.399999618530273438e-01
5.230556726455688477e-01
5.286111235618591309e-01
5.269445180892944336e-01
5.205555558204650879e-01
5.274999737739562988e-01
5.425000190734863281e-01
5.277778506278991699e-01
5.333333015441894531e-01
5.277777314186096191e-01
5.244444608688354492e-01
5.277777314186096191e-01
5.399999618530273438e-01
5.422222614288330078e-01
5.375000834465026855e-01
5.347222089767456055e-01
5.419444441795349121e-01
5.375000238418579102e-01
5.413888692855834961e-01
5.372222661972045898e-01
5.225000977516174316e-01
5.375001430511474609e-01
5.366666913032531738e-01
5.425000190734863281e-01
5.313889980316162109e-01
5.241666436195373535e-01
5.427777767181396484e-01
5.372222661972045898e-01
5.413888692855834961e-01
5.513888001441955566e-01
5.536111593246459961e-01
5.524999499320983887e-01
5.494444370269775391e-01
5.427777767181396484e-01
5.363888740539550781e-01
5.511110424995422363e-01
5.427777767181396484e-01
5.538889169692993164e-01
5.433332920074462891e-01
5.413889884948730469e-01
5.500000715255737305e-01
5.380554795265197754e-01
5.447222590446472168e-01
5.486110448837280273e-01
5.549999475479125977e-01
5.361111164093017578e-01
5.516665577888488770e-01
5.672222375869750977e-01
5.594444870948791504e-01
5.425000190734863281e-01
5.605555176734924316e-01
5.361111164093017578e-01
5.697222352027893066e-01
5.491666793823242188e-01
5.486111044883728027e-01
5.552777647972106934e-01
5.516666173934936523e-01
5.875000357627868652e-01
5.747222304344177246e-01
5.613889694213867188e-01
5.488888621330261230e-01
5.797223448753356934e-01
5.775000452995300293e-01
5.830555558204650879e-01
5.816667079925537109e-01
5.888887643814086914e-01
5.888888835906982422e-01
5.702779293060302734e-01
5.769444108009338379e-01
5.877778530120849609e-01
5.761111378669738770e-01
