4.530225299999983690e+00
6.793954700000000457e+00
9.255883599999975786e+00
1.171736089999998853e+01
1.412695499999998106e+01
1.662050299999998515e+01
1.899478949999999600e+01
2.137695489999998699e+01
2.380561309999998798e+01
2.625132119999997826e+01
2.861508489999999938e+01
3.117803139999998052e+01
3.354688509999999724e+01
3.593682759999998666e+01
3.839190709999999740e+01
4.089789809999999193e+01
4.326825059999998757e+01
4.570412159999997925e+01
4.820496419999997784e+01
5.053574179999998250e+01
5.307785219999999526e+01
5.548380909999997357e+01
5.777484289999998168e+01
6.027666929999998047e+01
6.272593839999998977e+01
6.504966949999999315e+01
6.747352939999998966e+01
6.992258009999997626e+01
7.225688089999999875e+01
7.475607099999999150e+01
7.712040969999998197e+01
7.952641739999998549e+01
8.208048119999997994e+01
8.453586169999999811e+01
8.695791979999998489e+01
8.938138869999997382e+01
9.184304489999999532e+01
9.423458219999997709e+01
9.678636599999998680e+01
9.920338949999998590e+01
1.016800035999999920e+02
1.041428317999999820e+02
1.066504773999999998e+02
1.090468077999999821e+02
1.115138527999999951e+02
1.139589698999999996e+02
1.163935774999999921e+02
1.189154558999999836e+02
1.213440667000000133e+02
1.237062656999999888e+02
1.265157089999999869e+02
1.289450826999999720e+02
1.313448568999999964e+02
1.338296969999999817e+02
1.362259309999999743e+02
1.386711372999999696e+02
1.411220394999999996e+02
1.435804902000000141e+02
1.459615389999999877e+02
1.485523058999999932e+02
1.509919439999999611e+02
1.533600383000000136e+02
1.558897207999999921e+02
1.584041645999999730e+02
1.608064818999999659e+02
1.633496710999999948e+02
1.657726957000000141e+02
1.682495527000000095e+02
1.707781106999999849e+02
1.732496425999999872e+02
1.756335160000000144e+02
1.782223252999999943e+02
1.806947003999999595e+02
1.830680781000000081e+02
1.857102672000000041e+02
1.881615973000000110e+02
1.906185680999999761e+02
1.930896339999999611e+02
1.955913089999999954e+02
1.979783930000000112e+02
2.005092744000000096e+02
2.029649027999999760e+02
2.053914913000000126e+02
2.079631753999999830e+02
2.104737545999999782e+02
2.128903603999999916e+02
2.153588380999999856e+02
2.177978622999999914e+02
2.203796177000000114e+02
2.229020359000000155e+02
