8.782039284706115723e-01
8.842802643775939941e-01
8.846591114997863770e-01
8.844854235649108887e-01
8.839960694313049316e-01
8.835228085517883301e-01
8.839331269264221191e-01
8.676609396934509277e-01
8.712437748908996582e-01
8.721432685852050781e-01
8.826388716697692871e-01
8.676608800888061523e-01
8.746368885040283203e-01
8.799556493759155273e-01
8.721907138824462891e-01
8.686079978942871094e-01
8.742738366127014160e-01
8.546474575996398926e-01
8.536408543586730957e-01
8.546828627586364746e-01
8.543103933334350586e-01
8.513791561126708984e-01
8.512551188468933105e-01
8.540225625038146973e-01
8.519345521926879883e-01
8.518452644348144531e-01
8.519594669342041016e-01
8.523911237716674805e-01
8.523265719413757324e-01
8.522219657897949219e-01
