8.375989198684692383e-01
7.544890046119689941e-01
7.301985025405883789e-01
6.274265646934509277e-01
5.718066096305847168e-01
5.313912034034729004e-01
4.935991764068603516e-01
4.653351306915283203e-01
4.395939707756042480e-01
4.183396995067596436e-01
3.997756540775299072e-01
3.811636567115783691e-01
3.677553832530975342e-01
3.507039248943328857e-01
3.374766707420349121e-01
3.260740339756011963e-01
3.141065239906311035e-01
3.014301061630249023e-01
2.901582419872283936e-01
2.795991003513336182e-01
2.703258991241455078e-01
2.636283934116363525e-01
2.536196112632751465e-01
2.470131665468215942e-01
2.396780848503112793e-01
2.311165034770965576e-01
2.238692492246627808e-01
2.196874767541885376e-01
2.125529944896697998e-01
2.069362848997116089e-01
2.010695189237594604e-01
1.965707540512084961e-01
1.911082714796066284e-01
1.850998401641845703e-01
1.809820681810379028e-01
1.782543659210205078e-01
1.733711063861846924e-01
1.686990112066268921e-01
1.649360209703445435e-01
1.609137505292892456e-01
1.587737649679183960e-01
1.534613519906997681e-01
1.502203196287155151e-01
1.474394053220748901e-01
1.453455984592437744e-01
1.416933089494705200e-01
2.296328544616699219e-01
2.094458937644958496e-01
1.975940465927124023e-01
1.874632239341735840e-01
1.791291683912277222e-01
1.715984940528869629e-01
1.626917719841003418e-01
1.574803441762924194e-01
1.523748040199279785e-01
1.461637914180755615e-01
1.408316493034362793e-01
1.364375054836273193e-01
1.328257471323013306e-01
1.278712004423141479e-01
1.247872635722160339e-01
1.214598044753074646e-01
1.171630546450614929e-01
1.143955364823341370e-01
1.112768799066543579e-01
1.077398881316184998e-01
1.054442748427391052e-01
1.025270968675613403e-01
1.002177223563194275e-01
9.843011200428009033e-02
9.607446193695068359e-02
