6.003728508949279785e-01
6.624870896339416504e-01
6.939301490783691406e-01
7.168209552764892578e-01
7.354679703712463379e-01
7.500321865081787109e-01
7.646604180335998535e-01
7.813143134117126465e-01
7.965213060379028320e-01
8.101529479026794434e-01
8.215985298156738281e-01
8.350371718406677246e-01
8.474795818328857422e-01
8.539093136787414551e-01
8.686341643333435059e-01
8.756752014160156250e-01
8.845486044883728027e-01
8.930683732032775879e-01
9.028420448303222656e-01
9.069572091102600098e-01
9.149306416511535645e-01
9.190456867218017578e-01
9.264081120491027832e-01
9.296875000000000000e-01
9.346707463264465332e-01
9.343813657760620117e-01
9.400721192359924316e-01
9.439622163772583008e-01
9.465019702911376953e-01
9.500707983970642090e-01
9.502636790275573730e-01
9.517747163772583008e-01
9.554720520973205566e-01
9.588478207588195801e-01
9.598765373229980469e-01
9.625450968742370605e-01
9.619021415710449219e-01
9.644739627838134766e-01
9.647634029388427734e-01
9.652457833290100098e-01
9.670782685279846191e-01
9.691357612609863281e-01
9.693928956985473633e-01
9.693608880043029785e-01
9.718363881111145020e-01
9.725115299224853516e-01
9.712898135185241699e-01
9.743440151214599609e-01
9.736046195030212402e-01
9.746336936950683594e-01
9.748585820198059082e-01
9.768518805503845215e-01
9.766910672187805176e-01
9.769160747528076172e-01
9.765304327011108398e-01
9.778485298156738281e-01
9.773020744323730469e-01
9.775270819664001465e-01
9.783626794815063477e-01
9.780735373497009277e-01
9.783629775047302246e-01
9.778805971145629883e-01
9.791987538337707520e-01
9.790381193161010742e-01
9.777198433876037598e-01
9.794881343841552734e-01
9.798095822334289551e-01
9.791988134384155273e-01
9.794559478759765625e-01
9.809992909431457520e-01
9.804528355598449707e-01
9.838284254074096680e-01
9.880722761154174805e-01
9.870434403419494629e-01
9.879758358001708984e-01
9.880400896072387695e-01
9.872363805770874023e-01
9.869148731231689453e-01
9.875900149345397949e-01
9.874615669250488281e-01
9.876863956451416016e-01
9.882650971412658691e-01
9.875899553298950195e-01
9.879759550094604492e-01
9.875578880310058594e-01
9.886832237243652344e-01
9.880722165107727051e-01
9.879757761955261230e-01
9.873007535934448242e-01
9.890366792678833008e-01
9.875578284263610840e-01
9.877828955650329590e-01
9.875578880310058594e-01
9.881688356399536133e-01
9.873005747795104980e-01
9.883937835693359375e-01
9.883296489715576172e-01
9.879436492919921875e-01
9.882329106330871582e-01
9.888117313385009766e-01
9.585727453231811523e-01
9.622246623039245605e-01
9.625839591026306152e-01
9.628431200981140137e-01
9.639108777046203613e-01
9.632225632667541504e-01
9.635514616966247559e-01
9.629331827163696289e-01
9.631924629211425781e-01
9.632125496864318848e-01
9.622445702552795410e-01
9.626935124397277832e-01
9.630130529403686523e-01
9.633121490478515625e-01
9.636813402175903320e-01
9.631922245025634766e-01
9.639009237289428711e-01
9.637112021446228027e-01
9.629130959510803223e-01
9.629229903221130371e-01
9.643100500106811523e-01
9.639109373092651367e-01
9.639807343482971191e-01
9.644198417663574219e-01
9.642800688743591309e-01
9.647591114044189453e-01
9.646091461181640625e-01
9.640204906463623047e-01
9.650780558586120605e-01
9.651477932929992676e-01
9.657168388366699219e-01
9.655672311782836914e-01
9.654971361160278320e-01
9.645096063613891602e-01
9.649682641029357910e-01
9.664350748062133789e-01
9.664652347564697266e-01
9.658664464950561523e-01
9.656269550323486328e-01
9.659863114356994629e-01
9.667544364929199219e-01
9.673135876655578613e-01
9.672930240631103516e-01
9.668843746185302734e-01
9.663754105567932129e-01
9.667444229125976562e-01
9.667740464210510254e-01
9.665846824645996094e-01
9.663652181625366211e-01
9.672235250473022461e-01
9.674829244613647461e-01
9.677622318267822266e-01
9.677221179008483887e-01
9.673132896423339844e-01
9.686999917030334473e-01
9.684906005859375000e-01
9.679517149925231934e-01
9.673830866813659668e-01
9.686402678489685059e-01
9.686599969863891602e-01
9.685304760932922363e-01
9.676723480224609375e-01
9.690892100334167480e-01
9.693288803100585938e-01
9.687001109123229980e-01
9.684109687805175781e-01
9.691489934921264648e-01
9.692189693450927734e-01
9.702966809272766113e-01
9.693986773490905762e-01
9.692887067794799805e-01
9.696381688117980957e-01
9.701367020606994629e-01
9.691892862319946289e-01
9.704263806343078613e-01
9.693388938903808594e-01
