8.264673948287963867e-01
9.105110168457031250e-01
9.213220477104187012e-01
9.237369894981384277e-01
9.266103506088256836e-01
9.285508394241333008e-01
9.303190708160400391e-01
9.310602545738220215e-01
9.327332377433776855e-01
9.317390322685241699e-01
9.342171549797058105e-01
9.336170554161071777e-01
9.352904558181762695e-01
9.346749186515808105e-01
9.360159635543823242e-01
9.363161921501159668e-01
9.363474845886230469e-01
9.352113008499145508e-01
9.363949894905090332e-01
9.367738366127014160e-01
9.367418885231018066e-01
9.368363022804260254e-01
9.372789263725280762e-01
9.366000890731811523e-01
9.379739165306091309e-01
9.368370771408081055e-01
9.375156760215759277e-01
9.383837580680847168e-01
9.374521970748901367e-01
9.379737973213195801e-01
9.382414817810058594e-01
9.376257658004760742e-01
9.381939768791198730e-01
9.380362629890441895e-01
9.382098317146301270e-01
9.389050006866455078e-01
9.391722083091735840e-01
9.380360841751098633e-01
9.381468892097473145e-01
9.388257861137390137e-01
9.389519691467285156e-01
9.392362236976623535e-01
9.056938886642456055e-01
9.070003032684326172e-01
9.072968363761901855e-01
9.073813557624816895e-01
9.079369306564331055e-01
9.081999063491821289e-01
9.073122143745422363e-01
9.078572988510131836e-01
9.093654155731201172e-01
9.092212915420532227e-01
9.092807173728942871e-01
9.091171622276306152e-01
9.090033769607543945e-01
9.093903303146362305e-01
9.107430577278137207e-01
9.106494784355163574e-01
9.100899100303649902e-01
9.111808538436889648e-01
9.117116928100585938e-01
9.115878939628601074e-01
9.122176766395568848e-01
9.118699431419372559e-01
9.114776849746704102e-01
9.114334583282470703e-01
9.121487736701965332e-01
9.120836257934570312e-01
9.115474224090576172e-01
9.117512106895446777e-01
9.120398759841918945e-01
9.122024774551391602e-01
9.123661518096923828e-01
9.120646715164184570e-01
9.124516844749450684e-01
9.129474759101867676e-01
9.125190973281860352e-01
9.122966527938842773e-01
9.125702977180480957e-01
9.124901294708251953e-01
9.124355912208557129e-01
9.127078056335449219e-01
9.123415946960449219e-01
9.133287668228149414e-01
9.128032326698303223e-01
9.132199287414550781e-01
9.132889509201049805e-01
9.132297039031982422e-01
9.132194519042968750e-01
9.130759835243225098e-01
9.126496911048889160e-01
9.131199717521667480e-01
