4.503819346427917480e-01
4.510417282581329346e-01
4.109374582767486572e-01
4.082291722297668457e-01
4.126737117767333984e-01
4.167361557483673096e-01
4.108680784702301025e-01
4.142708480358123779e-01
4.122917056083679199e-01
4.120485782623291016e-01
4.113541543483734131e-01
4.121875464916229248e-01
5.230902433395385742e-01
4.861804544925689697e-01
4.766665995121002197e-01
4.748263657093048096e-01
4.703471660614013672e-01
5.284027457237243652e-01
5.313888788223266602e-01
5.187500119209289551e-01
5.605556368827819824e-01
6.430555582046508789e-01
6.494444012641906738e-01
6.463890075683593750e-01
5.852777957916259766e-01
6.013889312744140625e-01
6.418055891990661621e-01
6.384721994400024414e-01
6.358333230018615723e-01
5.949652194976806641e-01
6.247569322586059570e-01
6.442361474037170410e-01
6.061805486679077148e-01
6.346529126167297363e-01
6.373611092567443848e-01
6.366665959358215332e-01
6.353819966316223145e-01
6.381942629814147949e-01
6.373957991600036621e-01
6.257985830307006836e-01
7.164236307144165039e-01
7.174652814865112305e-01
7.194443345069885254e-01
7.193750143051147461e-01
7.136805057525634766e-01
7.146528363227844238e-01
7.164236307144165039e-01
7.189235687255859375e-01
7.005556225776672363e-01
6.967709064483642578e-01
7.164582610130310059e-01
7.154166698455810547e-01
7.146179676055908203e-01
7.133333683013916016e-01
7.162153124809265137e-01
7.158679962158203125e-01
7.093055844306945801e-01
7.153819799423217773e-01
7.176389098167419434e-01
7.168401479721069336e-01
7.147568464279174805e-01
7.150345444679260254e-01
7.076735496520996094e-01
