2.026173110000013367e+01
3.826065310000012687e+01
5.564658110000004854e+01
7.398987740000006852e+01
9.202019910000012715e+01
1.095837257000000591e+02
1.279010836000002200e+02
1.456193110000001525e+02
1.629776904000000286e+02
1.814504482000002099e+02
1.994509283000002142e+02
2.167245744000001650e+02
2.350528388000000177e+02
2.531199871000001167e+02
2.704478574000002027e+02
2.887621227000001909e+02
3.060080580000001191e+02
3.239302044000000933e+02
3.413880275000001348e+02
3.578880615000000489e+02
3.758241467000000284e+02
3.935011226000001443e+02
4.102896067000001494e+02
4.284934820000000855e+02
4.458865067000001545e+02
4.629707327000000987e+02
4.809146807000001900e+02
4.981968455000001086e+02
5.150658500000001823e+02
5.332022292000001471e+02
5.506608129000001099e+02
5.677000140000000101e+02
5.856502516000000469e+02
6.026552700000002005e+02
6.207184210000000348e+02
6.381552369000000908e+02
6.549377736000001278e+02
6.729116650000000845e+02
6.904087767000000895e+02
7.074258560000000671e+02
7.253096735000001445e+02
7.430754156000000421e+02
7.598524007000000893e+02
7.778778061000000434e+02
7.953132636000000275e+02
8.126543055000001914e+02
8.305671164000000317e+02
8.480492136000000301e+02
8.650161037000000306e+02
8.828117404000001898e+02
9.003592618000000130e+02
9.171754662000000735e+02
9.353356987000001936e+02
9.531459522000000106e+02
9.707677877999999509e+02
9.889790183000000070e+02
1.006681606300000112e+03
1.023823852400000305e+03
1.041971280100000058e+03
1.059600947100000212e+03
1.076774928199999977e+03
1.095203764899999896e+03
1.112924533100000190e+03
