8.497080802917480469e-01
8.544111847877502441e-01
8.573784828186035156e-01
8.571890592575073242e-01
8.554530739784240723e-01
8.607717156410217285e-01
8.550741672515869141e-01
8.594932556152343750e-01
8.279215693473815918e-01
8.310095071792602539e-01
8.563864827156066895e-01
9.271824359893798828e-01
9.467707872390747070e-01
9.501610398292541504e-01
9.506150484085083008e-01
9.518847465515136719e-01
9.525939822196960449e-01
9.531743526458740234e-01
9.530185461044311523e-01
9.536089301109313965e-01
9.537918567657470703e-01
