6.546396762132644653e-02
4.443436861038208008e-02
4.409094899892807007e-02
4.408659413456916809e-02
4.409382492303848267e-02
4.408266767859458923e-02
4.407883062958717346e-02
4.407943785190582275e-02
3.951805457472801208e-02
3.946242108941078186e-02
2.777583524584770203e-02
3.896692534908652306e-03
5.037295049987733364e-04
3.006910555996000767e-04
2.643149928189814091e-04
2.355546166654676199e-04
2.059088437817990780e-04
1.823946804506704211e-04
1.785269851097837090e-04
1.621838455321267247e-04
1.590400788700208068e-04
