1.778492059999999952e+01
2.800364490000000117e+01
3.813166089999999997e+01
4.825118390000000090e+01
5.874062139999999488e+01
6.886817279999999641e+01
7.928977139999999224e+01
8.943318879999999638e+01
1.137422272999999961e+02
1.378789949000000092e+02
1.623054553000000055e+02
1.868619411000000241e+02
2.111577706000000205e+02
2.357247009000000162e+02
2.598799187999999845e+02
2.839836106999999856e+02
3.088869298999999842e+02
3.332753480000000081e+02
3.575673864999999978e+02
3.815808357000000228e+02
4.065935448999999835e+02
