2.225919829999998001e+01
4.269523969999977453e+01
6.312779879999993682e+01
8.356437649999975292e+01
1.039931164000001900e+02
1.243714766999999028e+02
1.447431868999999551e+02
1.651250547000001916e+02
2.295903838000001542e+02
2.940539983999999549e+02
3.585644163999998000e+02
4.247568810999998732e+02
4.945348486999998840e+02
5.641220617000001312e+02
6.515739461000000574e+02
7.311895163000001503e+02
7.994343520999998418e+02
8.708177518999998483e+02
9.441556923000000552e+02
1.012301150800000187e+03
1.082431660599999987e+03
