7.701041698455810547e-01
7.664930224418640137e-01
7.743749022483825684e-01
7.782292366027832031e-01
7.655206322669982910e-01
7.736112475395202637e-01
7.724999785423278809e-01
7.811458110809326172e-01
7.672570943832397461e-01
7.739236354827880859e-01
7.675694227218627930e-01
7.773610949516296387e-01
7.759026288986206055e-01
7.831249833106994629e-01
7.788195013999938965e-01
7.230208516120910645e-01
7.071527838706970215e-01
7.106944918632507324e-01
6.984027624130249023e-01
7.023265361785888672e-01
7.077430486679077148e-01
7.004166245460510254e-01
7.276389598846435547e-01
7.198957800865173340e-01
7.222916483879089355e-01
7.149303555488586426e-01
7.164931297302246094e-01
7.148612141609191895e-01
7.147221565246582031e-01
7.170485854148864746e-01
7.177082896232604980e-01
7.285069823265075684e-01
7.284376025199890137e-01
7.278818488121032715e-01
7.259028553962707520e-01
7.284028530120849609e-01
7.275695204734802246e-01
7.264930605888366699e-01
7.271526455879211426e-01
7.287499308586120605e-01
7.228819131851196289e-01
7.277084589004516602e-01
7.174305915832519531e-01
7.265971302986145020e-01
7.245138287544250488e-01
7.314930558204650879e-01
