2.638196945190429688e-01
2.289662659168243408e-01
1.982018202543258667e-01
1.666903197765350342e-01
1.401923596858978271e-01
1.158719658851623535e-01
1.006476506590843201e-01
9.021460264921188354e-02
8.432940393686294556e-02
7.875203341245651245e-02
7.708597183227539062e-02
7.423698157072067261e-02
7.365940511226654053e-02
7.250119745731353760e-02
7.233481109142303467e-02
6.900699436664581299e-02
6.838394701480865479e-02
6.822776794433593750e-02
6.818439066410064697e-02
6.408057361841201782e-02
6.608646363019943237e-02
6.323060393333435059e-02
6.562941521406173706e-02
6.377736479043960571e-02
6.315243989229202271e-02
6.590893864631652832e-02
6.156464666128158569e-02
6.109770759940147400e-02
5.988800153136253357e-02
6.129771843552589417e-02
6.020499393343925476e-02
6.178111210465431213e-02
7.356460392475128174e-02
7.432761043310165405e-02
7.367139309644699097e-02
7.202754169702529907e-02
7.141662389039993286e-02
7.021383196115493774e-02
6.990792602300643921e-02
7.099599391222000122e-02
7.107023894786834717e-02
7.014478743076324463e-02
6.812305748462677002e-02
6.888101994991302490e-02
6.820527464151382446e-02
6.699319928884506226e-02
6.627686321735382080e-02
6.559944897890090942e-02
6.718583405017852783e-02
6.651406735181808472e-02
6.645327806472778320e-02
6.549544632434844971e-02
6.481979042291641235e-02
6.456927210092544556e-02
6.411134451627731323e-02
6.427814811468124390e-02
6.377233564853668213e-02
6.432592868804931641e-02
6.405291706323623657e-02
6.372171640396118164e-02
6.230860948562622070e-02
6.248004734516143799e-02
6.312025338411331177e-02
6.336079537868499756e-02
6.343280524015426636e-02
6.191992759704589844e-02
6.194212287664413452e-02
6.249583140015602112e-02
6.144349649548530579e-02
6.181378662586212158e-02
6.086498126387596130e-02
6.031815707683563232e-02
6.044379621744155884e-02
6.104269251227378845e-02
6.068481504917144775e-02
6.010644510388374329e-02
6.035107374191284180e-02
5.898127332329750061e-02
5.889300629496574402e-02
5.886371433734893799e-02
5.941542610526084900e-02
6.027878820896148682e-02
6.091207265853881836e-02
