6.634176522493362427e-02
4.536668956279754639e-02
4.524653032422065735e-02
4.527351260185241699e-02
4.522367939352989197e-02
4.524187743663787842e-02
4.524532333016395569e-02
4.525616765022277832e-02
4.523899778723716736e-02
4.529587551951408386e-02
4.526151344180107117e-02
4.269991815090179443e-02
4.232508689165115356e-02
4.226280748844146729e-02
3.633583709597587585e-02
2.003720216453075409e-02
8.228419348597526550e-03
4.320940934121608734e-03
3.309502499178051949e-03
2.689327811822295189e-03
2.144975587725639343e-03
2.020627260208129883e-03
1.811430091038346291e-03
1.682398491539061069e-03
1.601356896571815014e-03
1.417813589796423912e-03
1.482568681240081787e-03
1.410690369084477425e-03
1.362250070087611675e-03
1.291370484977960587e-03
1.239789300598204136e-03
1.267595333047211170e-03
1.220278791151940823e-03
1.102599548175930977e-03
1.113915932364761829e-03
1.107463147491216660e-03
1.100413501262664795e-03
1.029301318340003490e-03
1.033759326674044132e-03
1.004903810098767281e-03
9.824743028730154037e-04
1.043350319378077984e-03
9.789558826014399529e-04
9.484900510869920254e-04
8.894216734915971756e-04
9.880306897684931755e-04
