8.093162000000120315e+00
1.530268360000013672e+01
2.220899170000006961e+01
2.927761220000002140e+01
3.648890610000012202e+01
4.345415760000014416e+01
5.036554249999994681e+01
5.783365660000004027e+01
6.492198570000005020e+01
7.192580100000009224e+01
7.902685950000000048e+01
9.947407730000008996e+01
1.196093581000000086e+02
1.402964750000001004e+02
1.601406524000001355e+02
1.806877772000000277e+02
2.014016734000001634e+02
2.216181834999999865e+02
2.417088129999999637e+02
2.622130068000001302e+02
2.826762794999999642e+02
3.031625428999998348e+02
3.233738323000000037e+02
3.437215592000000015e+02
3.638029687999999169e+02
3.843366149999999379e+02
4.044810193999999228e+02
4.253595364000000245e+02
4.457092545000002701e+02
4.661186072000002696e+02
4.864435221000001093e+02
5.067730671000001621e+02
5.266817471000001660e+02
5.469697941000001720e+02
5.668843184999998357e+02
5.873224026999998841e+02
6.074114538999999695e+02
6.275601933999998892e+02
6.477003461000001607e+02
6.678056456000001617e+02
6.885631381999999121e+02
7.085569874999998774e+02
7.285808174999999665e+02
7.488346312999999554e+02
7.688544044000002486e+02
7.890517535000001317e+02
