3.591440021991729736e-01
3.092532753944396973e-01
2.767529487609863281e-01
2.539935708045959473e-01
2.441179901361465454e-01
2.373054474592208862e-01
2.347098588943481445e-01
2.312725633382797241e-01
2.279234975576400757e-01
2.252164483070373535e-01
2.257554382085800171e-01
2.248269617557525635e-01
2.228770405054092407e-01
2.217471450567245483e-01
2.206895500421524048e-01
2.193567305803298950e-01
2.199980616569519043e-01
2.200368195772171021e-01
2.186607718467712402e-01
2.176164686679840088e-01
2.178740650415420532e-01
2.186287045478820801e-01
2.166165411472320557e-01
2.184561342000961304e-01
2.173041105270385742e-01
2.162092924118041992e-01
2.175442725419998169e-01
