1.087174830000000014e+02
2.254383096999999907e+02
3.399077033000000370e+02
4.551399226000000340e+02
5.692374362000000474e+02
6.850696434999999838e+02
8.009311902000000600e+02
9.165592090000000098e+02
1.033271142099999906e+03
1.148916473600000018e+03
1.263964373600000044e+03
1.378367013900000074e+03
1.495392636100000118e+03
1.611940998900000068e+03
1.727596301999999923e+03
1.841956428499999902e+03
1.955942122400000017e+03
2.073888448399999561e+03
2.189867608799999743e+03
2.304369779699999981e+03
2.422233734799999638e+03
2.540629144499999711e+03
2.657942853899999591e+03
2.774214142399999673e+03
2.889199653899999703e+03
3.006980932599999960e+03
3.123292439699999704e+03
