7.521622180938720703e-01
7.904673218727111816e-01
8.114425539970397949e-01
8.319760560989379883e-01
8.489741086959838867e-01
8.617109060287475586e-01
8.758205771446228027e-01
8.855589032173156738e-01
8.940342068672180176e-01
8.995738625526428223e-01
9.083650112152099609e-01
9.124526381492614746e-01
9.133996367454528809e-01
9.181185364723205566e-01
9.220957756042480469e-01
9.253156781196594238e-01
9.286300539970397949e-01
9.319442510604858398e-01
9.319444298744201660e-01
9.325757622718811035e-01
9.357480406761169434e-01
9.384626746177673340e-01
9.377209544181823730e-01
9.406722784042358398e-01
9.411932229995727539e-01
9.408934116363525391e-01
9.420455694198608398e-01
9.431187510490417480e-01
9.438604712486267090e-01
9.440340995788574219e-01
9.453442096710205078e-01
9.448864459991455078e-01
9.459121227264404297e-01
9.468435049057006836e-01
9.465749859809875488e-01
9.467488527297973633e-01
9.477746486663818359e-01
9.475535154342651367e-01
9.486899375915527344e-01
9.499527215957641602e-01
9.496528506278991699e-01
9.494948387145996094e-01
9.495106339454650879e-01
9.499053359031677246e-01
9.482480883598327637e-01
9.483899474143981934e-01
9.500474333763122559e-01
9.512310624122619629e-01
9.509626626968383789e-01
9.512311220169067383e-01
9.506313204765319824e-01
9.504103660583496094e-01
9.505681991577148438e-01
9.512941241264343262e-01
9.513099789619445801e-01
9.507259726524353027e-01
9.519411921501159668e-01
9.523988962173461914e-01
9.524306654930114746e-01
9.514361023902893066e-01
9.522568583488464355e-01
9.526988863945007324e-01
9.518465995788574219e-01
9.522410035133361816e-01
9.532668590545654297e-01
9.542613625526428223e-01
9.524778723716735840e-01
9.526673555374145508e-01
9.535826444625854492e-01
9.518938064575195312e-01
9.531093835830688477e-01
9.528093338012695312e-01
9.541983008384704590e-01
9.527934789657592773e-01
9.524938464164733887e-01
9.526990652084350586e-01
9.529513120651245117e-01
9.532983899116516113e-01
9.543874859809875488e-01
9.530935287475585938e-01
9.540563225746154785e-01
9.515308737754821777e-01
9.534722566604614258e-01
9.538354277610778809e-01
9.544193148612976074e-01
9.529513120651245117e-01
9.532986879348754883e-01
9.536299705505371094e-01
9.536773562431335449e-01
9.531723260879516602e-01
9.535827636718750000e-01
9.531880617141723633e-01
9.543876051902770996e-01
9.522886276245117188e-01
9.545613527297973633e-01
9.541508555412292480e-01
9.549716711044311523e-01
9.542771577835083008e-01
9.549874067306518555e-01
9.549400806427001953e-01
9.164335131645202637e-01
9.176140427589416504e-01
9.177035689353942871e-01
9.178969860076904297e-01
9.179562926292419434e-01
9.183679223060607910e-01
9.177479743957519531e-01
9.184425473213195801e-01
9.187103509902954102e-01
9.188491106033325195e-01
9.200493693351745605e-01
9.200744032859802246e-01
9.205158948898315430e-01
9.187846183776855469e-01
9.211955070495605469e-01
9.195389151573181152e-01
9.203174710273742676e-01
9.201436042785644531e-01
9.210761189460754395e-01
9.213591814041137695e-01
9.203571677207946777e-01
9.213593602180480957e-01
9.203621745109558105e-01
9.204067587852478027e-01
9.209871888160705566e-01
9.206394553184509277e-01
9.217410087585449219e-01
9.215326905250549316e-01
9.212750196456909180e-01
9.223461747169494629e-01
9.217461943626403809e-01
9.222570061683654785e-01
9.214285016059875488e-01
9.214981794357299805e-01
9.222618937492370605e-01
9.227034449577331543e-01
9.219488501548767090e-01
9.219295978546142578e-01
9.214085936546325684e-01
9.228617548942565918e-01
9.217559099197387695e-01
9.230555295944213867e-01
9.229962229728698730e-01
9.224455952644348145e-01
9.231897592544555664e-01
9.225053787231445312e-01
9.233782291412353516e-01
9.235715866088867188e-01
9.235517382621765137e-01
9.219294190406799316e-01
9.229857325553894043e-01
9.231448769569396973e-01
9.226437807083129883e-01
9.235314726829528809e-01
9.237105250358581543e-01
9.228969216346740723e-01
9.225149750709533691e-01
9.237650036811828613e-01
9.239291548728942871e-01
9.241517186164855957e-01
9.235168695449829102e-01
9.245635271072387695e-01
9.237647652626037598e-01
9.235910177230834961e-01
9.233233928680419922e-01
9.250145554542541504e-01
9.242710471153259277e-01
9.240029454231262207e-01
9.237799048423767090e-01
9.244442582130432129e-01
9.233928322792053223e-01
