8.352118134498596191e-01
9.440498948097229004e-01
9.494159221649169922e-01
9.511520862579345703e-01
9.518152475357055664e-01
9.523518681526184082e-01
9.536618590354919434e-01
9.550977349281311035e-01
9.554609656333923340e-01
9.559974074363708496e-01
9.560292363166809082e-01
9.566602706909179688e-01
9.564551711082458496e-01
9.572444558143615723e-01
9.571654796600341797e-01
9.577651023864746094e-01
9.585070013999938965e-01
9.568184614181518555e-01
9.585071802139282227e-01
9.585224390029907227e-01
9.576704502105712891e-01
9.579702615737915039e-01
9.571812152862548828e-01
9.579545259475708008e-01
9.325144886970520020e-01
9.356047511100769043e-01
9.354766607284545898e-01
9.356644749641418457e-01
9.357436895370483398e-01
9.362150430679321289e-01
9.365422725677490234e-01
9.368301033973693848e-01
9.361557364463806152e-01
