1.068024635314941406e-01
5.797868967056274414e-02
4.703768715262413025e-02
4.190907999873161316e-02
3.720369935035705566e-02
3.379271551966667175e-02
3.119227290153503418e-02
2.903403155505657196e-02
2.753722667694091797e-02
2.551897615194320679e-02
2.442676946520805359e-02
2.345013804733753204e-02
2.268751896917819977e-02
2.169220149517059326e-02
2.068658545613288879e-02
2.063515968620777130e-02
1.957851462066173553e-02
1.910600066184997559e-02
1.923803985118865967e-02
1.900015398859977722e-02
1.818658411502838135e-02
1.796360500156879425e-02
1.769606210291385651e-02
1.731421425938606262e-02
1.716720126569271088e-02
1.689097471535205841e-02
1.682708412408828735e-02
1.600104384124279022e-02
1.584566757082939148e-02
1.544186193495988846e-02
1.617868803441524506e-02
1.536140963435173035e-02
1.574287563562393188e-02
1.502783317118883133e-02
1.540670264512300491e-02
1.463234238326549530e-02
1.436875481158494949e-02
1.452193781733512878e-02
1.435278076678514481e-02
1.431940495967864990e-02
1.415196433663368225e-02
1.394215412437915802e-02
1.343072205781936646e-02
1.387050282210111618e-02
1.372167374938726425e-02
1.371443364769220352e-02
1.352441962808370590e-02
1.377598941326141357e-02
1.340620964765548706e-02
1.342577673494815826e-02
1.298215799033641815e-02
1.280611194670200348e-02
1.293962262570858002e-02
1.268362347036600113e-02
1.265956461429595947e-02
1.235121674835681915e-02
1.236197166144847870e-02
1.244740281254053116e-02
1.234179642051458359e-02
1.223155483603477478e-02
1.235107053071260452e-02
2.261392399668693542e-02
2.181822434067726135e-02
2.156984619796276093e-02
2.114571072161197662e-02
2.078579738736152649e-02
2.054913714528083801e-02
2.039789408445358276e-02
2.011598087847232819e-02
2.022635377943515778e-02
1.959299854934215546e-02
1.957694999873638153e-02
1.947455666959285736e-02
1.943120360374450684e-02
1.918669603765010834e-02
1.909463293850421906e-02
1.900752820074558258e-02
1.868161931633949280e-02
1.856236159801483154e-02
1.865521445870399475e-02
1.823928579688072205e-02
1.816403865814208984e-02
1.823752745985984802e-02
1.780080609023571014e-02
1.779463700950145721e-02
1.790012605488300323e-02
1.772290281951427460e-02
1.758947223424911499e-02
1.742886565625667572e-02
1.750635355710983276e-02
1.741108857095241547e-02
1.718435250222682953e-02
1.718866825103759766e-02
1.685476489365100861e-02
1.685945317149162292e-02
1.690187491476535797e-02
1.685987785458564758e-02
1.694619096815586090e-02
1.686128228902816772e-02
