5.761745899999999310e+00
8.110073400000000987e+00
1.041393310000000128e+01
1.270350010000000118e+01
1.499056610000000056e+01
1.727107669999999828e+01
1.961066559999999726e+01
2.190641089999999735e+01
2.420269229999999894e+01
2.650730539999999991e+01
2.883571969999999851e+01
3.117415689999999628e+01
3.345475360000000364e+01
3.580289929999999998e+01
3.809374860000000496e+01
4.058738000000000312e+01
4.289397149999999925e+01
4.526566850000000386e+01
4.760264680000000226e+01
4.990188810000000075e+01
5.220570049999999895e+01
5.450710310000000192e+01
5.679768359999999916e+01
5.908449590000000029e+01
6.138379580000000146e+01
6.370660870000000386e+01
6.599612469999999576e+01
6.829049080000000060e+01
7.058489380000000324e+01
7.287209300000000667e+01
7.527818080000000123e+01
7.771382850000000531e+01
7.998886129999999639e+01
8.229115199999999675e+01
8.457877050000000452e+01
8.691708970000000534e+01
8.925761789999999962e+01
9.158344060000000297e+01
9.392538580000000081e+01
9.631247129999999856e+01
9.865121390000000190e+01
1.010108289000000070e+02
1.034111201999999992e+02
1.057346497999999997e+02
1.080761037999999985e+02
1.104431076000000047e+02
1.127643728999999979e+02
1.151163982000000061e+02
1.174427375000000069e+02
1.197731961000000069e+02
1.220697612000000021e+02
1.244014261000000090e+02
1.267108114999999913e+02
1.290436653999999805e+02
1.313482595999999774e+02
1.336827033999999799e+02
1.360494059999999763e+02
1.383654974999999752e+02
1.406927485999999874e+02
1.430066317999999796e+02
1.453732026999999789e+02
1.537400874999999871e+02
1.620939692999999977e+02
1.704493193999999789e+02
1.788125990999999999e+02
1.871695921999999825e+02
1.956774740999999835e+02
2.040097182999999745e+02
2.123408394999999871e+02
2.207465318999999795e+02
2.290975925999999845e+02
2.374933906999999920e+02
2.458962698999999930e+02
2.543077258000000143e+02
2.626495648999999730e+02
2.709298850999999786e+02
2.792050565999999776e+02
2.874641113999999789e+02
2.957325873999999999e+02
3.039902578999999605e+02
3.122653993999999784e+02
3.205320078999999964e+02
3.287856347000000028e+02
3.370550794999999766e+02
3.453153337999999621e+02
3.535735487999999691e+02
3.618873384999999985e+02
3.701549309000000108e+02
3.784214961000000130e+02
3.867400670999999761e+02
3.950986671999999658e+02
4.034609472999999866e+02
4.117791568000000098e+02
4.201205531999999607e+02
4.284693848999999659e+02
4.367463829999999803e+02
4.450655337000000031e+02
4.533400336999999922e+02
4.615902527000000077e+02
