1.201823651790618896e-01
1.016556695103645325e-01
9.052867442369461060e-02
8.242225646972656250e-02
7.732036709785461426e-02
7.190969586372375488e-02
6.804405897855758667e-02
6.500580906867980957e-02
6.126617640256881714e-02
6.018242985010147095e-02
5.872825533151626587e-02
5.601598694920539856e-02
5.547998473048210144e-02
5.507487803697586060e-02
5.257577076554298401e-02
5.081732571125030518e-02
5.131281167268753052e-02
5.003152042627334595e-02
4.871631041169166565e-02
4.917009919881820679e-02
4.822497814893722534e-02
4.699512198567390442e-02
4.612203314900398254e-02
4.564921185374259949e-02
4.488237947225570679e-02
4.506647586822509766e-02
4.386159032583236694e-02
4.375305399298667908e-02
4.416505247354507446e-02
4.324587807059288025e-02
4.263185709714889526e-02
4.231377691030502319e-02
4.107343405485153198e-02
4.097209870815277100e-02
4.027400538325309753e-02
3.969480842351913452e-02
4.019201174378395081e-02
3.828756511211395264e-02
3.877676278352737427e-02
3.838576376438140869e-02
3.657532483339309692e-02
3.768676146864891052e-02
3.748559579253196716e-02
3.684902936220169067e-02
3.692598640918731689e-02
3.539065271615982056e-02
3.579831495881080627e-02
3.608811274170875549e-02
3.529649600386619568e-02
3.468788415193557739e-02
3.512395173311233521e-02
3.384642302989959717e-02
3.409156203269958496e-02
3.366533666849136353e-02
3.430252522230148315e-02
3.322556987404823303e-02
3.336988389492034912e-02
3.373049572110176086e-02
3.332684934139251709e-02
3.191462904214859009e-02
3.181898221373558044e-02
3.158975765109062195e-02
3.065357916057109833e-02
3.084987401962280273e-02
3.094346635043621063e-02
2.919489517807960510e-02
3.013310022652149200e-02
3.041114658117294312e-02
2.951996773481369019e-02
2.933427505195140839e-02
2.986792474985122681e-02
2.825593203306198120e-02
2.878397330641746521e-02
2.810555323958396912e-02
2.905180118978023529e-02
2.824973128736019135e-02
2.751487307250499725e-02
2.666095644235610962e-02
2.750963717699050903e-02
2.716335840523242950e-02
2.665831521153450012e-02
2.720479108393192291e-02
2.691741660237312317e-02
2.614616230130195618e-02
2.683907561004161835e-02
2.569609694182872772e-02
2.595128491520881653e-02
2.569956891238689423e-02
2.609260194003582001e-02
2.484514564275741577e-02
2.543054893612861633e-02
2.463185787200927734e-02
2.408682368695735931e-02
2.418039366602897644e-02
2.432744763791561127e-02
2.379273436963558197e-02
2.338340878486633301e-02
2.296314761042594910e-02
2.371810935437679291e-02
2.341170795261859894e-02
3.009213693439960480e-02
3.008395805954933167e-02
2.981710247695446014e-02
2.875709719955921173e-02
2.839193493127822876e-02
2.760969474911689758e-02
2.785605005919933319e-02
2.774664759635925293e-02
2.640007622539997101e-02
2.630042470991611481e-02
2.606667950749397278e-02
2.520846202969551086e-02
2.496538311243057251e-02
2.436608448624610901e-02
2.396290749311447144e-02
2.338025532662868500e-02
2.293900772929191589e-02
2.316521480679512024e-02
2.293507754802703857e-02
2.234710566699504852e-02
2.237103134393692017e-02
2.217753045260906219e-02
2.211643569171428680e-02
2.162658050656318665e-02
2.063989453017711639e-02
2.098125219345092773e-02
2.084792964160442352e-02
2.048364095389842987e-02
1.989717409014701843e-02
1.987300999462604523e-02
2.017229050397872925e-02
1.937530934810638428e-02
1.933556795120239258e-02
1.899143867194652557e-02
1.896758191287517548e-02
1.904512010514736176e-02
1.848578639328479767e-02
1.801780983805656433e-02
1.823049783706665039e-02
1.825828105211257935e-02
1.819570921361446381e-02
1.799770072102546692e-02
1.777205988764762878e-02
1.778300292789936066e-02
1.757119596004486084e-02
1.713231205940246582e-02
1.721378415822982788e-02
1.713078655302524567e-02
1.714611798524856567e-02
1.688372343778610229e-02
1.666427403688430786e-02
1.677098870277404785e-02
1.666668057441711426e-02
1.632867380976676941e-02
1.612694934010505676e-02
1.600693352520465851e-02
1.585779152810573578e-02
1.609650440514087677e-02
1.576917804777622223e-02
1.566784642636775970e-02
1.548403780907392502e-02
1.572947017848491669e-02
1.593715697526931763e-02
1.558131631463766098e-02
1.518411003053188324e-02
1.538668572902679443e-02
1.500848587602376938e-02
1.520570646971464157e-02
1.510437019169330597e-02
1.499455794692039490e-02
1.488772220909595490e-02
1.503795012831687927e-02
1.520717237144708633e-02
