5.468793511390686035e-01
5.569965839385986328e-01
5.615365505218505859e-01
5.653817653656005859e-01
5.708508491516113281e-01
5.705382823944091797e-01
5.711936950683593750e-01
5.698525309562683105e-01
5.782029628753662109e-01
6.051477193832397461e-01
6.066189408302307129e-01
6.082332134246826172e-01
6.109678149223327637e-01
6.016057729721069336e-01
5.889106988906860352e-01
5.838889479637145996e-01
5.832945108413696289e-01
5.851215124130249023e-01
5.834764242172241211e-01
5.881727337837219238e-01
5.870181918144226074e-01
5.874435901641845703e-01
5.860805511474609375e-01
6.079947948455810547e-01
6.177125573158264160e-01
6.221307516098022461e-01
6.276128292083740234e-01
6.292319297790527344e-01
6.305254101753234863e-01
6.298219561576843262e-01
6.360027194023132324e-01
6.278733611106872559e-01
6.247048377990722656e-01
6.325089931488037109e-01
6.323395371437072754e-01
6.308943033218383789e-01
6.340320706367492676e-01
6.340191960334777832e-01
6.340363025665283203e-01
6.330252885818481445e-01
6.301907896995544434e-01
6.274694800376892090e-01
6.314194202423095703e-01
6.313453912734985352e-01
6.323524117469787598e-01
6.337324380874633789e-01
6.302345395088195801e-01
6.265971660614013672e-01
6.265020966529846191e-01
6.299219131469726562e-01
6.485674977302551270e-01
6.625695824623107910e-01
6.695268154144287109e-01
6.727820038795471191e-01
6.710417270660400391e-01
6.716926693916320801e-01
6.752864718437194824e-01
6.779903173446655273e-01
6.776818633079528809e-01
6.758074760437011719e-01
6.837887763977050781e-01
6.759204268455505371e-01
6.815499663352966309e-01
6.770615577697753906e-01
6.803386807441711426e-01
6.866316795349121094e-01
6.831248402595520020e-01
6.824695467948913574e-01
6.852300763130187988e-01
6.866539120674133301e-01
6.844184398651123047e-01
6.821529865264892578e-01
6.836761236190795898e-01
6.845356225967407227e-01
6.819657683372497559e-01
6.893664002418518066e-01
6.892536878585815430e-01
6.876864433288574219e-01
6.853514909744262695e-01
7.198091149330139160e-01
7.308766841888427734e-01
7.378987073898315430e-01
7.347831130027770996e-01
7.391403913497924805e-01
7.401041388511657715e-01
7.408984899520874023e-01
7.404384016990661621e-01
7.428732514381408691e-01
7.422959804534912109e-01
7.438850998878479004e-01
7.414629459381103516e-01
7.447441816329956055e-01
7.466058135032653809e-01
7.438197135925292969e-01
7.437457442283630371e-01
7.457330226898193359e-01
7.447352409362792969e-01
7.442101836204528809e-01
7.481076121330261230e-01
7.438450455665588379e-01
7.473609447479248047e-01
7.500869035720825195e-01
7.490193247795104980e-01
7.510806322097778320e-01
7.511112689971923828e-01
7.467015981674194336e-01
7.468405961990356445e-01
7.447137236595153809e-01
7.447650432586669922e-01
7.474956512451171875e-01
7.447265386581420898e-01
7.471571564674377441e-01
7.467619180679321289e-01
7.452995181083679199e-01
7.482334971427917480e-01
7.498612403869628906e-01
7.497443556785583496e-01
7.490969896316528320e-01
7.483853101730346680e-01
7.492143511772155762e-01
7.442056536674499512e-01
7.358200550079345703e-01
7.414237260818481445e-01
7.495049834251403809e-01
7.465755343437194824e-01
7.453514933586120605e-01
7.468273639678955078e-01
7.481551170349121094e-01
7.451520562171936035e-01
7.440060377120971680e-01
7.452735900878906250e-01
7.498524188995361328e-01
7.445965409278869629e-01
7.460891008377075195e-01
7.473174333572387695e-01
7.488756775856018066e-01
7.463498711585998535e-01
7.489411830902099609e-01
7.479209303855895996e-01
7.471525073051452637e-01
