5.026388764381408691e-01
5.010068416595458984e-01
5.065972208976745605e-01
5.025346875190734863e-01
5.013888478279113770e-01
5.024305582046508789e-01
5.066319108009338379e-01
4.998264014720916748e-01
5.029861330986022949e-01
5.041666626930236816e-01
5.043749809265136719e-01
5.082293152809143066e-01
5.044096708297729492e-01
5.086458325386047363e-01
5.074305534362792969e-01
5.080555677413940430e-01
5.086110830307006836e-01
5.115624070167541504e-01
5.051042437553405762e-01
5.029514431953430176e-01
5.075346231460571289e-01
5.051388740539550781e-01
5.093749761581420898e-01
5.070832967758178711e-01
5.059027671813964844e-01
5.111805796623229980e-01
5.104513764381408691e-01
5.053471922874450684e-01
5.104512572288513184e-01
5.077776908874511719e-01
5.061805844306945801e-01
5.053471922874450684e-01
5.122917890548706055e-01
5.130208730697631836e-01
5.082291960716247559e-01
5.113542079925537109e-01
5.089235901832580566e-01
5.110068321228027344e-01
5.143749117851257324e-01
5.097569823265075684e-01
5.104513168334960938e-01
5.059373974800109863e-01
5.102776885032653809e-01
5.069791674613952637e-01
5.049999952316284180e-01
5.074304938316345215e-01
5.040624737739562988e-01
5.107986330986022949e-01
5.063541531562805176e-01
5.056596398353576660e-01
5.074305534362792969e-01
5.031597614288330078e-01
5.063194632530212402e-01
5.080208182334899902e-01
5.141320228576660156e-01
5.096182227134704590e-01
5.111804604530334473e-01
5.122569799423217773e-01
