5.865428596735000610e-02
5.844635143876075745e-02
5.666669830679893494e-02
5.801068246364593506e-02
5.800864845514297485e-02
5.673953890800476074e-02
5.684613808989524841e-02
5.696777999401092529e-02
5.561747401952743530e-02
5.659331008791923523e-02
5.612595379352569580e-02
5.513172224164009094e-02
5.632907897233963013e-02
5.491647124290466309e-02
5.488598719239234924e-02
5.520109087228775024e-02
5.493065342307090759e-02
5.429959669709205627e-02
5.596266686916351318e-02
6.522249430418014526e-02
6.489451229572296143e-02
6.539979577064514160e-02
6.378115713596343994e-02
6.556135416030883789e-02
6.463983654975891113e-02
6.418149173259735107e-02
6.427278369665145874e-02
6.463648378849029541e-02
6.416536867618560791e-02
6.487257033586502075e-02
7.984135299921035767e-02
7.889370620250701904e-02
7.762242853641510010e-02
7.828737050294876099e-02
7.921843230724334717e-02
7.971670478582382202e-02
7.758044451475143433e-02
7.835125178098678589e-02
7.788975536823272705e-02
7.820436358451843262e-02
7.844070345163345337e-02
7.918944209814071655e-02
9.565958380699157715e-02
9.536297619342803955e-02
9.597402811050415039e-02
9.469338506460189819e-02
9.500774741172790527e-02
9.495892375707626343e-02
9.538622200489044189e-02
9.601163119077682495e-02
9.580568969249725342e-02
9.569491446018218994e-02
9.500090777873992920e-02
9.517914801836013794e-02
9.524079412221908569e-02
9.511442482471466064e-02
9.405680000782012939e-02
9.515977650880813599e-02
