2.142270180000000224e+01
3.847175349999999838e+01
5.516409379999999629e+01
7.131113410000000385e+01
8.843709820000000832e+01
1.056970444000000100e+02
1.222877865000000099e+02
1.396147909999999968e+02
1.565279706000000033e+02
1.729922983999999815e+02
1.902717385999999919e+02
2.071448707999999783e+02
2.236735242000000028e+02
2.409593474999999785e+02
2.577049764999999866e+02
2.738637527999999861e+02
2.907940906999999697e+02
3.074994479999999726e+02
3.235255551999999852e+02
3.406268000999999686e+02
3.574323711000000117e+02
3.734697666999999797e+02
3.908524487999999906e+02
4.076045854999999847e+02
4.237836295000000177e+02
4.407753518999999756e+02
4.576078650999999695e+02
4.739003648999999996e+02
4.911162054999999782e+02
5.079493855999999710e+02
5.244958845999999539e+02
5.415932761999999911e+02
5.583628734999999779e+02
5.743942694999999503e+02
5.916232158000000254e+02
6.084236630999999988e+02
6.250120342000000164e+02
6.436084843999999521e+02
6.611520037999999886e+02
6.776682292000000416e+02
6.957323076000000128e+02
7.123840972000000420e+02
7.285315110000000232e+02
7.458786162999999760e+02
7.626239643000000115e+02
7.788971060999999736e+02
7.961129008000000340e+02
8.128259960999999976e+02
8.288469291000000112e+02
8.462023722000000134e+02
8.630000742999999375e+02
8.793209150999999792e+02
8.967066257999999834e+02
9.134522780999999441e+02
9.294984600000000228e+02
9.467430894999999964e+02
9.636054304000000457e+02
9.796713273000000299e+02
