7.628473639488220215e-01
8.055869936943054199e-01
8.281881213188171387e-01
8.438763618469238281e-01
8.590750098228454590e-01
8.715277910232543945e-01
8.850692510604858398e-01
8.919665813446044922e-01
8.975693583488464355e-01
9.038984775543212891e-01
9.094381332397460938e-01
9.141413569450378418e-01
9.174873232841491699e-01
9.204704165458679199e-01
9.249842762947082520e-01
9.256629943847656250e-01
9.272254109382629395e-01
9.310445785522460938e-01
9.326074719429016113e-01
9.333333969116210938e-01
9.369791746139526367e-01
9.364108443260192871e-01
9.389992356300354004e-01
9.392519593238830566e-01
9.411774277687072754e-01
9.408459663391113281e-01
9.415403008460998535e-01
9.419507384300231934e-01
9.424873590469360352e-01
9.448547363281250000e-01
9.455335736274719238e-01
9.453282952308654785e-01
9.448388814926147461e-01
9.464962482452392578e-01
9.461963176727294922e-01
9.473642706871032715e-01
9.474117159843444824e-01
9.483112096786499023e-01
9.484217762947082520e-01
9.491476416587829590e-01
9.483427405357360840e-01
9.486427307128906250e-01
9.508680701255798340e-01
9.498737454414367676e-01
9.496056437492370605e-01
9.507102966308593750e-01
9.505365490913391113e-01
9.495580792427062988e-01
9.501577019691467285e-01
9.496843218803405762e-01
9.515782594680786133e-01
9.506785869598388672e-01
9.513888359069824219e-01
9.504102468490600586e-01
9.510417580604553223e-01
9.519096612930297852e-01
9.523674845695495605e-01
9.520674943923950195e-01
9.524780511856079102e-01
9.530935883522033691e-01
9.523990750312805176e-01
9.528566002845764160e-01
9.515939950942993164e-01
9.521937966346740723e-01
9.521939158439636230e-01
9.523990750312805176e-01
9.510259032249450684e-01
9.520202875137329102e-01
9.528566598892211914e-01
9.534407258033752441e-01
9.526200890541076660e-01
9.532355070114135742e-01
9.528409242630004883e-01
9.513100981712341309e-01
9.521938562393188477e-01
9.531250000000000000e-01
9.528409838676452637e-01
9.532510638236999512e-01
9.522885680198669434e-01
9.547032713890075684e-01
9.532355070114135742e-01
9.527934789657592773e-01
9.545614123344421387e-01
9.522093534469604492e-01
9.533773660659790039e-01
9.527779221534729004e-01
9.534407854080200195e-01
9.537247419357299805e-01
9.532987475395202637e-01
9.534565210342407227e-01
9.534565806388854980e-01
9.541037082672119141e-01
9.545767903327941895e-01
9.537562727928161621e-01
9.540246725082397461e-01
9.543561339378356934e-01
9.534247517585754395e-01
9.537718892097473145e-01
9.552242159843444824e-01
9.541825652122497559e-01
9.205256700515747070e-01
9.210517406463623047e-01
9.216515421867370605e-01
9.211060404777526855e-01
9.217710494995117188e-01
9.210267663002014160e-01
9.224205017089843750e-01
9.224256873130798340e-01
9.222666621208190918e-01
9.226388931274414062e-01
9.229610562324523926e-01
9.226537942886352539e-01
9.232094287872314453e-01
9.227879047393798828e-01
9.237452149391174316e-01
9.237701296806335449e-01
9.237103462219238281e-01
9.235462546348571777e-01
9.233383536338806152e-01
9.249355792999267578e-01
9.249303936958312988e-01
9.238341450691223145e-01
9.242460131645202637e-01
9.248461723327636719e-01
9.234276413917541504e-01
9.243054389953613281e-01
9.253172874450683594e-01
9.241564869880676270e-01
9.242859482765197754e-01
9.251039624214172363e-01
9.243848323822021484e-01
9.254316687583923340e-01
9.253075122833251953e-01
9.253175854682922363e-01
9.250198602676391602e-01
9.266716837882995605e-01
9.255408644676208496e-01
9.256001710891723633e-01
9.257590770721435547e-01
9.261059761047363281e-01
9.265574216842651367e-01
9.255998730659484863e-01
9.262944459915161133e-01
9.279266595840454102e-01
9.264533519744873047e-01
9.265971183776855469e-01
9.265674948692321777e-01
9.264038205146789551e-01
9.260118603706359863e-01
9.271281957626342773e-01
9.266169667243957520e-01
9.260217547416687012e-01
9.274557828903198242e-01
9.278869628906250000e-01
9.274054169654846191e-01
9.270286560058593750e-01
9.273508191108703613e-01
9.269990921020507812e-01
9.283433556556701660e-01
