1.038842160000058357e+01
1.935665309999967576e+01
2.768206129999998666e+01
3.643947450000086974e+01
4.501028170000063255e+01
5.361075479999999516e+01
6.234325360000002547e+01
7.089259450000099605e+01
7.941175839999959862e+01
8.816335530000105791e+01
9.666177910000078555e+01
1.051650312000001577e+02
1.136541111999995337e+02
1.220835070000011910e+02
1.305029291999999259e+02
1.390726073000005272e+02
1.474540020000004006e+02
1.558954045000009501e+02
1.645571866999998747e+02
1.729291573000009521e+02
1.813848314000006212e+02
1.899253704000002472e+02
1.983898303000005399e+02
2.069133495999994921e+02
2.155836472999999387e+02
2.240014632000002166e+02
2.325319192000006296e+02
2.411076768000002630e+02
2.495236419000011665e+02
2.580735447999995813e+02
2.663863249000005453e+02
2.751949327000002086e+02
2.837065645000002405e+02
2.919573646000008011e+02
3.007199849000007816e+02
3.088758422000009887e+02
3.177592321000010998e+02
3.261775687999997899e+02
3.347119101000007504e+02
3.442129884999994829e+02
3.527212373000002117e+02
3.611703166999996029e+02
3.701158173000003444e+02
3.786195881000003283e+02
3.871250166000008903e+02
3.953086889000005613e+02
4.041993569000005664e+02
4.123159605000000738e+02
4.213085181000005832e+02
4.297512354000009509e+02
4.378263999000009790e+02
4.468237815000011324e+02
4.552135551999999734e+02
4.635844672000002902e+02
4.722158715000005031e+02
4.806254719000007753e+02
4.890188392000000022e+02
4.978373200999994879e+02
5.060840029999999388e+02
5.150193930000004912e+02
5.233558826999997109e+02
5.316592373000003136e+02
5.405315664999998262e+02
5.492278134999996837e+02
5.576868474000002607e+02
5.662478190000001632e+02
5.746766810999997688e+02
5.833249112000012246e+02
5.918914469000010286e+02
6.005619784999998956e+02
6.091035711000004085e+02
6.176354260000007343e+02
6.263139967000006436e+02
6.347950619000002916e+02
6.433603401000000304e+02
6.518855935999999929e+02
6.602820279000006849e+02
6.687389994000004663e+02
6.772303866000002017e+02
6.856104893000010634e+02
6.940974418000005244e+02
7.022773949000002176e+02
7.111030599000005168e+02
7.196855094000002282e+02
7.277706962000011117e+02
7.367799986999998509e+02
7.453219258999997692e+02
7.548906495999999606e+02
7.630125692000001436e+02
7.715216914000011457e+02
7.806691749000001437e+02
7.888573133000008966e+02
7.976577472999997553e+02
8.063182389000012336e+02
8.147736294000005728e+02
8.229946500999994896e+02
8.321261764000009862e+02
8.403645550000001094e+02
8.492563750000008440e+02
8.579138887000008253e+02
8.835564836000012292e+02
9.100596191000004183e+02
9.367832660000003671e+02
9.628623963000009098e+02
9.895359047000001738e+02
1.015920601900001202e+03
1.041806055799999740e+03
1.068459033200000704e+03
1.095157776400001239e+03
1.120680887300000904e+03
1.147195664000000761e+03
1.174511513100000229e+03
1.200930390400000761e+03
1.227367258399999628e+03
1.255211783599999762e+03
1.281408484800000224e+03
1.307927767299999687e+03
1.334937106600000334e+03
1.361526222599999528e+03
1.388214787799999613e+03
1.414345746500001042e+03
1.441369638000000123e+03
1.468218311300001005e+03
1.495318120699999781e+03
1.521475171500000215e+03
1.548459348800000953e+03
1.575515737200001240e+03
1.602328391299999566e+03
1.628883039199999985e+03
1.655759760099999767e+03
1.682402867500000866e+03
1.708893372500000623e+03
1.736022417500000302e+03
1.762612133900000117e+03
1.790557743299999856e+03
1.817615574999999808e+03
1.844341330299999754e+03
1.870871987599999557e+03
1.898507722100001047e+03
1.925297412899999472e+03
1.952502448400000503e+03
1.979747418000000835e+03
2.006169709199999488e+03
2.033578488999999536e+03
2.060640934700000798e+03
2.087527208900000915e+03
2.114338755300001139e+03
2.141367076700000325e+03
2.168476929100001144e+03
2.194763943699999800e+03
2.222390533499999947e+03
2.249314888700000665e+03
2.276402971499999694e+03
2.303479450599999836e+03
2.331180916000001162e+03
2.358120471500000349e+03
2.385384976499999539e+03
2.412346505100000286e+03
2.438787159800000154e+03
