4.917212948203086853e-02
4.413969442248344421e-02
4.409656673669815063e-02
4.398136585950851440e-02
4.401981085538864136e-02
4.387966543436050415e-02
4.206543415784835815e-02
2.127634361386299133e-02
1.271924935281276703e-02
7.182189263403415680e-03
5.531420465558767319e-03
4.520072136074304581e-03
3.992454148828983307e-03
3.362742485478520393e-03
3.088937141001224518e-03
2.776344073936343193e-03
2.561087720096111298e-03
2.493011998012661934e-03
2.315284218639135361e-03
2.183437580242753029e-03
2.170089399442076683e-03
1.994808902963995934e-03
1.942335511557757854e-03
1.817626063711941242e-03
1.921381452120840549e-03
1.807291177101433277e-03
1.734780962578952312e-03
1.658911351114511490e-03
1.785146654583513737e-03
1.657486660405993462e-03
1.601650030352175236e-03
1.529040513560175896e-03
1.614558044821023941e-03
1.576711074449121952e-03
1.473403885029256344e-03
1.587735954672098160e-03
1.413264544680714607e-03
1.460925210267305374e-03
1.551184104755520821e-03
