2.063521970000000039e+01
3.815471910000000122e+01
5.542450500000000346e+01
7.316970409999998992e+01
9.020304919999999527e+01
1.076178758999999872e+02
1.248575289999999853e+02
1.419472667000000001e+02
1.592756161000000077e+02
1.764737951000000180e+02
1.934174495999999976e+02
2.104644784000000186e+02
2.276389861000000110e+02
2.448413416000000211e+02
2.621221233999999640e+02
2.790996203999999921e+02
2.963655265999999529e+02
3.133952537999999777e+02
3.305013175999999930e+02
3.477698459999999727e+02
3.650186575999999832e+02
3.821026415000000043e+02
3.992834862999999928e+02
4.167534544999999753e+02
4.335903687999999647e+02
4.509768338999999742e+02
4.678257540999999833e+02
4.848828919999999698e+02
5.023413216999999804e+02
5.189995423000000301e+02
5.363090827999999419e+02
5.535121955999999273e+02
5.704948997000000190e+02
5.876798377000000073e+02
6.050004752999999482e+02
6.220263196999999309e+02
6.388919608999999582e+02
6.559730872999999747e+02
6.729125434000000041e+02
