5.257985591888427734e-01
5.268748998641967773e-01
5.290278196334838867e-01
5.350695252418518066e-01
5.341319441795349121e-01
5.323958396911621094e-01
5.308680534362792969e-01
5.327430367469787598e-01
5.303123593330383301e-01
5.403472781181335449e-01
5.388541817665100098e-01
5.348263382911682129e-01
5.302429795265197754e-01
5.330554842948913574e-01
5.330902934074401855e-01
5.347569584846496582e-01
5.371527075767517090e-01
5.359374880790710449e-01
5.345833301544189453e-01
5.346874594688415527e-01
5.381249785423278809e-01
5.342707037925720215e-01
5.315971970558166504e-01
5.350347161293029785e-01
5.318402647972106934e-01
5.321179628372192383e-01
5.365278124809265137e-01
5.354167819023132324e-01
5.360416173934936523e-01
5.405903458595275879e-01
5.331249833106994629e-01
5.376389026641845703e-01
5.365971922874450684e-01
5.356944799423217773e-01
5.335763692855834961e-01
5.334374904632568359e-01
5.353818535804748535e-01
5.355207920074462891e-01
5.413542389869689941e-01
5.390973091125488281e-01
5.370139479637145996e-01
5.356944799423217773e-01
5.393056273460388184e-01
5.241320133209228516e-01
5.458333492279052734e-01
5.526041388511657715e-01
5.588195323944091797e-01
5.612499117851257324e-01
5.672569870948791504e-01
5.752431154251098633e-01
5.723610520362854004e-01
5.735069513320922852e-01
5.766667127609252930e-01
5.771875381469726562e-01
5.822222232818603516e-01
5.833332538604736328e-01
5.811805725097656250e-01
5.818750858306884766e-01
5.832986235618591309e-01
5.822916626930236816e-01
5.887152552604675293e-01
5.838540792465209961e-01
5.889931321144104004e-01
5.824653506278991699e-01
5.871875286102294922e-01
5.885069370269775391e-01
5.894792079925537109e-01
5.867360830307006836e-01
5.821875929832458496e-01
5.848611593246459961e-01
5.904166698455810547e-01
5.854860544204711914e-01
5.871527194976806641e-01
5.856249332427978516e-01
5.873611569404602051e-01
5.639235973358154297e-01
5.757291913032531738e-01
5.827084183692932129e-01
5.895833373069763184e-01
5.902779102325439453e-01
5.974652767181396484e-01
6.020486354827880859e-01
6.073958277702331543e-01
6.069791913032531738e-01
6.051735877990722656e-01
6.089236140251159668e-01
6.077430844306945801e-01
6.138542294502258301e-01
6.125693321228027344e-01
6.117708086967468262e-01
6.132290959358215332e-01
6.132638454437255859e-01
6.135067939758300781e-01
6.216318607330322266e-01
6.174998283386230469e-01
6.246181130409240723e-01
6.232638359069824219e-01
6.253817677497863770e-01
6.180902719497680664e-01
6.227777600288391113e-01
6.112847328186035156e-01
6.232985854148864746e-01
6.207290887832641602e-01
6.231250166893005371e-01
6.248611807823181152e-01
6.212152242660522461e-01
6.213542819023132324e-01
6.164930462837219238e-01
6.205902695655822754e-01
6.244444847106933594e-01
6.312499046325683594e-01
6.364235877990722656e-01
6.406944394111633301e-01
6.380208134651184082e-01
6.468054056167602539e-01
6.426389217376708984e-01
6.540971994400024414e-01
6.532292366027832031e-01
6.555207967758178711e-01
6.570833325386047363e-01
6.650000214576721191e-01
6.634722948074340820e-01
6.652083396911621094e-01
6.677430868148803711e-01
6.713194251060485840e-01
6.698958873748779297e-01
6.737498641014099121e-01
6.719096899032592773e-01
6.778820157051086426e-01
6.738888621330261230e-01
6.837847828865051270e-01
6.806250214576721191e-01
6.810764074325561523e-01
6.838888525962829590e-01
6.812847256660461426e-01
6.881945133209228516e-01
6.889236569404602051e-01
6.822221279144287109e-01
6.929166316986083984e-01
6.868055462837219238e-01
6.852777004241943359e-01
6.827430725097656250e-01
6.960069537162780762e-01
6.911457777023315430e-01
6.972222328186035156e-01
6.916665434837341309e-01
6.926041245460510254e-01
6.881250143051147461e-01
6.942361593246459961e-01
6.956596970558166504e-01
6.934722065925598145e-01
7.004514932632446289e-01
6.959026455879211426e-01
6.964930891990661621e-01
7.002429366111755371e-01
6.948610544204711914e-01
