9.323350787162780762e-01
9.358074069023132324e-01
9.171441197395324707e-01
9.335069656372070312e-01
9.346354603767395020e-01
9.099826812744140625e-01
9.552950859069824219e-01
9.457465410232543945e-01
9.138890504837036133e-01
9.018663167953491211e-01
9.175347089767456055e-01
9.451389312744140625e-01
9.010418057441711426e-01
9.430121183395385742e-01
9.279080629348754883e-01
9.371092915534973145e-01
9.359809160232543945e-01
9.360243678092956543e-01
9.375433921813964844e-01
9.374133348464965820e-01
9.377604722976684570e-01
9.346353411674499512e-01
9.305988550186157227e-01
9.285157322883605957e-01
9.333766698837280273e-01
9.393664598464965820e-01
9.380208849906921387e-01
9.431856870651245117e-01
9.456596374511718750e-01
9.474828839302062988e-01
9.534288644790649414e-01
9.535591006278991699e-01
9.565537571907043457e-01
9.601996541023254395e-01
9.611110687255859375e-01
9.623697400093078613e-01
9.640191793441772461e-01
9.518229365348815918e-01
9.638888239860534668e-01
9.615885615348815918e-01
9.656249284744262695e-01
9.617620706558227539e-01
9.640625119209289551e-01
9.640191197395324707e-01
9.616318941116333008e-01
9.652777910232543945e-01
9.645833969116210938e-01
9.657551050186157227e-01
9.662761688232421875e-01
9.660156369209289551e-01
9.641059041023254395e-01
9.681857824325561523e-01
9.686632156372070312e-01
9.671441316604614258e-01
9.656684994697570801e-01
9.675780534744262695e-01
9.682725667953491211e-01
9.663194417953491211e-01
9.690972566604614258e-01
9.662326574325561523e-01
9.698784947395324707e-01
9.662760496139526367e-01
9.666665792465209961e-01
9.667967557907104492e-01
9.695312380790710449e-01
9.677518010139465332e-01
9.672309160232543945e-01
9.717448949813842773e-01
9.694010019302368164e-01
9.690971374511718750e-01
9.278948307037353516e-01
9.361222386360168457e-01
9.393207430839538574e-01
9.426042437553405762e-01
9.432462453842163086e-01
9.463785290718078613e-01
9.477562904357910156e-01
9.479449987411499023e-01
9.478790163993835449e-01
9.485865831375122070e-01
9.486525058746337891e-01
9.512096047401428223e-01
9.522567391395568848e-01
9.515115618705749512e-01
9.523512721061706543e-01
9.532288908958435059e-01
9.526535272598266602e-01
9.531818032264709473e-01
9.542949795722961426e-01
9.541439414024353027e-01
9.538139104843139648e-01
9.546343684196472168e-01
9.548612833023071289e-01
9.546915292739868164e-01
9.543893933296203613e-01
9.549649953842163086e-01
9.555310010910034180e-01
9.538705348968505859e-01
9.551064968109130859e-01
9.566444158554077148e-01
9.562954902648925781e-01
9.569181203842163086e-01
9.551537632942199707e-01
9.561723470687866211e-01
9.563990831375122070e-01
9.561538696289062500e-01
9.565501213073730469e-01
9.562764167785644531e-01
9.560971260070800781e-01
9.575313925743103027e-01
9.578518867492675781e-01
9.559366106986999512e-01
9.571633338928222656e-01
9.570971131324768066e-01
9.572389721870422363e-01
9.569277763366699219e-01
9.569276571273803711e-01
9.573330879211425781e-01
9.563802480697631836e-01
9.573520421981811523e-01
9.568330645561218262e-01
9.582954645156860352e-01
9.572387933731079102e-01
9.566349387168884277e-01
9.572482705116271973e-01
9.573898911476135254e-01
9.586445093154907227e-01
9.576730132102966309e-01
