6.785451300000204355e+00
1.098537620000024617e+01
1.538243620000048395e+01
1.947673400000076072e+01
2.396123910000005708e+01
2.825469580000026326e+01
3.259360760000072332e+01
3.683486020000054850e+01
4.107568990000072517e+01
4.548821590000079595e+01
4.973722940000061499e+01
5.415722700000060286e+01
5.846819300000061048e+01
6.266222820000075444e+01
6.689843070000006264e+01
7.141774980000081996e+01
7.579226940000080504e+01
8.041362560000015947e+01
8.475267730000086885e+01
8.899636820000068838e+01
9.343368760000066686e+01
9.753166290000081062e+01
1.021362459000001763e+02
1.064775130000007266e+02
1.108424508000007336e+02
1.151718643000003794e+02
1.194899413000002824e+02
1.238371723000000202e+02
1.280996683000003031e+02
1.322611662000008437e+02
1.367896298000005118e+02
1.410691356000006635e+02
1.454816697000005661e+02
1.498306964000003063e+02
1.540566347000003589e+02
1.584350929000001997e+02
1.628762942000003022e+02
1.671293975000007777e+02
1.713082084000006944e+02
1.758648308000001634e+02
1.804927266000004238e+02
1.846004921000003378e+02
1.892199566000008417e+02
1.934679906000001210e+02
1.978637043000007907e+02
2.021825556000003417e+02
2.064050842000006014e+02
2.108308952000006684e+02
2.152208495000004405e+02
2.195115368000006129e+02
2.239134913000007145e+02
2.282520793000003323e+02
2.325753522000004523e+02
2.367011913000005734e+02
2.412732803000008062e+02
2.455191341000008833e+02
2.499321896000001288e+02
2.542725823000000673e+02
2.584446630000002187e+02
2.628637334000004557e+02
2.671832283000003372e+02
2.714272370000007868e+02
2.758152920000002268e+02
2.801288921000004848e+02
2.844033724000000802e+02
2.891726419000005990e+02
2.936275653000002421e+02
2.978759555000006003e+02
3.022284784000003128e+02
3.065914711000004900e+02
3.175995867000001454e+02
3.287484892000002219e+02
3.400922255000004952e+02
3.514224736000005578e+02
3.626187733000006119e+02
3.741154748000008112e+02
3.853778796000005968e+02
3.962595880000008037e+02
4.080838806000001568e+02
4.191773025000002235e+02
4.305054584000008617e+02
4.421833983000005901e+02
4.535190394000001106e+02
4.647046202000001358e+02
4.762051159000002372e+02
4.875426940000006653e+02
4.988163540000005014e+02
5.101258128000008583e+02
5.213561312000001635e+02
5.326922116000005190e+02
5.440069719000002806e+02
5.549320379000000685e+02
5.662483909000002313e+02
5.776593722000006892e+02
5.891988644000002751e+02
6.004743444000005184e+02
6.118318336000002091e+02
6.230818573000005927e+02
6.347033528000001752e+02
6.460630268000004435e+02
6.571828300000006493e+02
6.683349012000007860e+02
6.795492726000002222e+02
6.908060143000002427e+02
7.021111100000007355e+02
7.134546178000000509e+02
7.246040116000003763e+02
7.358553251000003002e+02
7.473964230000001407e+02
7.586042672000003222e+02
7.696029669000008653e+02
7.812164449000001696e+02
7.924317490000003090e+02
8.037318190000005416e+02
8.151928462000005311e+02
8.265044475000004240e+02
8.382243088000004718e+02
8.497856373000004169e+02
8.611772339000008287e+02
8.725198703000005480e+02
8.836450496000006751e+02
8.952142497000004369e+02
9.066251158000004580e+02
9.180396511000008104e+02
9.293195435000006910e+02
9.407713681000004726e+02
9.521623338000008516e+02
9.636317513000003601e+02
