9.623699499999929685e+00
1.881043110000246088e+01
2.811612400000012713e+01
3.739397699999972247e+01
4.656612250000034692e+01
5.610636330000124872e+01
6.533952430000135791e+01
7.445754820000001928e+01
8.377076260000103503e+01
9.297626890000174171e+01
1.021571722000007867e+02
1.113471822999999858e+02
1.204950409000011859e+02
1.296992955000023358e+02
1.389094570000015665e+02
1.479575542999991740e+02
1.570534626000007847e+02
1.664583525000016380e+02
1.755200910999992630e+02
1.845435615000023972e+02
1.937356368000000657e+02
2.029748268000003009e+02
2.120521898000006331e+02
2.212606212999999116e+02
2.303267928999994183e+02
2.392854492000005848e+02
2.483609594000008656e+02
2.574088090000004740e+02
2.664097633000019414e+02
2.759024844000014127e+02
2.849383402999992541e+02
2.940129435000017111e+02
3.031851994000026025e+02
3.121192842000018572e+02
3.210367095000001427e+02
3.301530093000001216e+02
3.391905346000021382e+02
3.619984131999990495e+02
3.853456164000017452e+02
4.087116496000016923e+02
4.321946715000012773e+02
4.555633963000000222e+02
4.787462293999997200e+02
5.021074665000014647e+02
5.253595712000023923e+02
5.487359835000024759e+02
5.722276645000019926e+02
5.954611416000007011e+02
6.187264634000021033e+02
6.418833956000016769e+02
6.651717375000007451e+02
6.884406191000016406e+02
7.116288717999996152e+02
7.352827276000025449e+02
7.583455166999992798e+02
7.813092544999999518e+02
8.046898185999998532e+02
8.277233570000025793e+02
8.507810017000010703e+02
8.743393794000003254e+02
8.974547267000016291e+02
9.204688685000000987e+02
