8.594393730163574219e-01
8.780865073204040527e-01
8.720421791076660156e-01
8.779578208923339844e-01
8.782792091369628906e-01
8.736496567726135254e-01
8.714634180068969727e-01
8.764145374298095703e-01
8.752570748329162598e-01
8.772506117820739746e-01
8.717207908630371094e-01
8.738425374031066895e-01
8.785365223884582520e-01
8.690200448036193848e-01
8.707561492919921875e-01
8.738426566123962402e-01
8.796939849853515625e-01
8.750643730163574219e-01
8.738425970077514648e-01
8.530688881874084473e-01
8.541663885116577148e-01
8.524504899978637695e-01
8.512331843376159668e-01
8.529890179634094238e-01
8.506942391395568848e-01
8.515924215316772461e-01
8.508940935134887695e-01
8.563418388366699219e-01
8.485393524169921875e-01
8.471824526786804199e-01
8.544259667396545410e-01
8.524707555770874023e-01
8.494372963905334473e-01
8.522110581398010254e-01
8.722060918807983398e-01
8.975895643234252930e-01
9.020393490791320801e-01
9.085049629211425781e-01
9.184026718139648438e-01
9.271432161331176758e-01
9.279613494873046875e-01
9.335687756538391113e-01
9.328106641769409180e-01
9.342077970504760742e-01
9.353049397468566895e-01
9.361231923103332520e-01
9.361829161643981934e-01
9.371806979179382324e-01
9.384577870368957520e-01
9.391564726829528809e-01
9.394755959510803223e-01
9.395353794097900391e-01
9.393157958984375000e-01
9.414110779762268066e-01
9.411519169807434082e-01
9.412117600440979004e-01
9.414511322975158691e-01
9.411517381668090820e-01
9.431871175765991211e-01
9.411516785621643066e-01
9.426286816596984863e-01
9.418500661849975586e-01
9.416105747222900391e-01
9.434866309165954590e-01
9.447838664054870605e-01
9.437659978866577148e-01
9.450429081916809082e-01
9.424487352371215820e-01
9.442248940467834473e-01
9.442250132560729980e-01
9.432471394538879395e-01
9.441850185394287109e-01
9.443446397781372070e-01
9.447438120841979980e-01
9.463603496551513672e-01
9.438458085060119629e-01
9.435865283012390137e-01
9.449433088302612305e-01
9.441053271293640137e-01
9.453822970390319824e-01
9.458612799644470215e-01
9.449630975723266602e-01
9.474779367446899414e-01
9.452624917030334473e-01
9.447237849235534668e-01
9.473380446434020996e-01
9.462403059005737305e-01
9.467991590499877930e-01
9.462602734565734863e-01
9.473979473114013672e-01
9.460008740425109863e-01
9.483157396316528320e-01
9.460607171058654785e-01
9.472978115081787109e-01
9.483756422996520996e-01
9.477172493934631348e-01
9.489143490791320801e-01
9.492335915565490723e-01
9.474775195121765137e-01
9.465798735618591309e-01
9.496130347251892090e-01
9.476174712181091309e-01
