4.185252487659454346e-01
4.586263000965118408e-01
4.876970052719116211e-01
5.046869516372680664e-01
5.195354223251342773e-01
5.246262550354003906e-01
5.378182530403137207e-01
5.429091453552246094e-01
5.487676858901977539e-01
5.559595823287963867e-01
5.576564669609069824e-01
5.640000104904174805e-01
5.669293999671936035e-01
5.674950480461120605e-01
5.766868591308593750e-01
5.805454850196838379e-01
5.800403952598571777e-01
5.825859308242797852e-01
5.881616473197937012e-01
5.873535871505737305e-01
5.947070717811584473e-01
5.984242558479309082e-01
5.999191403388977051e-01
6.052928566932678223e-01
6.060201525688171387e-01
6.082222461700439453e-01
6.108283996582031250e-01
6.145050525665283203e-01
6.196363568305969238e-01
6.210706830024719238e-01
6.213737726211547852e-01
6.242827773094177246e-01
6.317778229713439941e-01
6.312323808670043945e-01
6.353332996368408203e-01
6.353939771652221680e-01
6.366263031959533691e-01
6.368889212608337402e-01
6.418787837028503418e-01
6.446666121482849121e-01
6.474342942237854004e-01
6.473132371902465820e-01
6.473938822746276855e-01
6.518990397453308105e-01
6.565656661987304688e-01
6.571313738822937012e-01
6.580202579498291016e-01
6.603837609291076660e-01
6.638383865356445312e-01
6.658989787101745605e-01
5.825331807136535645e-01
5.902795195579528809e-01
5.961080193519592285e-01
6.018349528312683105e-01
6.061967015266418457e-01
6.132826805114746094e-01
6.166729331016540527e-01
6.208760738372802734e-01
6.259682178497314453e-01
6.308951973915100098e-01
6.356125473976135254e-01
6.386539340019226074e-01
6.417650580406188965e-01
6.454032659530639648e-01
6.489715576171875000e-01
6.520888805389404297e-01
6.560950279235839844e-01
6.572824716567993164e-01
6.604890227317810059e-01
6.639046669006347656e-01
6.657779216766357422e-01
6.687745451927185059e-01
6.716316938400268555e-01
6.743238568305969238e-01
6.756699681282043457e-01
6.785842776298522949e-01
6.798477172851562500e-01
6.814793944358825684e-01
6.831301450729370117e-01
6.856951713562011719e-01
6.883746385574340820e-01
6.888506412506103516e-01
6.906349062919616699e-01
6.918730139732360840e-01
6.928383111953735352e-01
6.935557126998901367e-01
6.957523822784423828e-01
6.962031722068786621e-01
6.977586746215820312e-01
6.990221738815307617e-01
6.997143626213073730e-01
6.999428868293762207e-01
7.014158368110656738e-01
7.014476656913757324e-01
7.033078670501708984e-01
7.032889723777770996e-01
7.042286396026611328e-01
7.049905061721801758e-01
7.062792181968688965e-01
7.054094076156616211e-01
