8.736900091171264648e-01
8.748265504837036133e-01
8.738008737564086914e-01
8.754264712333679199e-01
8.752050995826721191e-01
8.738008737564086914e-01
9.058713316917419434e-01
9.394568204879760742e-01
9.495579004287719727e-01
9.571180939674377441e-01
9.605903029441833496e-01
9.619321227073669434e-01
9.630210399627685547e-01
9.633995294570922852e-01
9.638102650642395020e-01
9.645357131958007812e-01
9.646937847137451172e-01
9.649939537048339844e-01
9.642515778541564941e-01
9.637939333915710449e-01
9.659721255302429199e-01
9.649938344955444336e-01
9.646308422088623047e-01
9.642360806465148926e-01
9.639045596122741699e-01
9.331848025321960449e-01
9.388697147369384766e-01
9.408537149429321289e-01
9.431992173194885254e-01
9.435819983482360840e-01
9.446132779121398926e-01
9.459230303764343262e-01
9.464390277862548828e-01
9.461559057235717773e-01
9.470874071121215820e-01
9.473807215690612793e-01
9.476979374885559082e-01
9.481309056282043457e-01
9.473267197608947754e-01
9.486016631126403809e-01
9.481050968170166016e-01
9.488145112991333008e-01
9.492513537406921387e-01
9.495334029197692871e-01
9.498013854026794434e-01
9.492818117141723633e-01
9.492548704147338867e-01
9.508231878280639648e-01
9.497424960136413574e-01
9.503865242004394531e-01
9.509621858596801758e-01
9.510032534599304199e-01
9.507331848144531250e-01
9.506393671035766602e-01
9.512402415275573730e-01
9.503569602966308594e-01
9.505810737609863281e-01
