5.088081359863281250e-01
5.395960211753845215e-01
6.210101246833801270e-01
5.774545073509216309e-01
6.776565909385681152e-01
7.490504980087280273e-01
7.757172584533691406e-01
7.752727270126342773e-01
7.995151877403259277e-01
8.100201487541198730e-01
8.217374086380004883e-01
8.181011080741882324e-01
8.328080773353576660e-01
8.326869010925292969e-01
8.422220945358276367e-01
8.460605740547180176e-01
8.526061177253723145e-01
8.572526574134826660e-01
8.607678413391113281e-01
8.611717820167541504e-01
8.754343986511230469e-01
8.647677302360534668e-01
8.688889145851135254e-01
8.727271556854248047e-01
8.846464157104492188e-01
8.795554637908935547e-01
8.822625875473022461e-01
8.901414275169372559e-01
8.922423720359802246e-01
8.966060280799865723e-01
8.927677273750305176e-01
8.928080797195434570e-01
8.945454359054565430e-01
9.019797444343566895e-01
9.038383960723876953e-01
9.085252881050109863e-01
9.098587632179260254e-01
9.109898805618286133e-01
9.112727046012878418e-01
9.156767725944519043e-01
9.118786454200744629e-01
9.161615967750549316e-01
9.183837771415710449e-01
9.213332533836364746e-01
9.204040169715881348e-01
9.197574853897094727e-01
9.256566762924194336e-01
9.226667284965515137e-01
9.301818013191223145e-01
9.308686852455139160e-01
8.954665064811706543e-01
9.042920470237731934e-01
9.087238907814025879e-01
9.146665930747985840e-01
9.187303185462951660e-01
9.228951334953308105e-01
9.255111217498779297e-01
9.299682974815368652e-01
9.338030815124511719e-01
9.349969029426574707e-01
9.390857219696044922e-01
9.385269880294799805e-01
9.427937269210815430e-01
9.453206658363342285e-01
9.464382529258728027e-01
9.481016993522644043e-01
9.504888653755187988e-01
9.515300393104553223e-01
9.535111784934997559e-01
9.554032087326049805e-01
9.564316868782043457e-01
9.573968648910522461e-01
9.596063494682312012e-01
9.603175520896911621e-01
9.608761072158813477e-01
9.616254568099975586e-01
9.634157419204711914e-01
9.640001058578491211e-01
9.654729962348937988e-01
9.662349224090576172e-01
9.689903855323791504e-01
9.683555960655212402e-01
9.689906239509582520e-01
9.699428677558898926e-01
9.707936644554138184e-01
9.707553386688232422e-01
9.715681076049804688e-01
9.740572571754455566e-01
9.732063412666320801e-01
9.731553792953491211e-01
9.736505746841430664e-01
9.750349521636962891e-01
9.759237766265869141e-01
9.748699665069580078e-01
9.774984121322631836e-01
9.764064550399780273e-01
9.777907133102416992e-01
9.782730937004089355e-01
9.774475693702697754e-01
9.772316813468933105e-01
9.465970993041992188e-01
9.528020620346069336e-01
9.561036825180053711e-01
9.579622745513916016e-01
9.599304795265197754e-01
9.608715772628784180e-01
9.628630280494689941e-01
9.638788700103759766e-01
9.666145443916320801e-01
9.674687385559082031e-01
9.674631953239440918e-01
9.682193398475646973e-01
9.698643684387207031e-01
9.706028699874877930e-01
9.713131189346313477e-01
9.725250601768493652e-01
9.729928970336914062e-01
9.745051860809326172e-01
9.742166399955749512e-01
9.753592610359191895e-01
9.754749536514282227e-01
9.760862588882446289e-01
9.761502742767333984e-01
9.770792126655578613e-01
9.774143695831298828e-01
9.787301421165466309e-01
9.786609411239624023e-01
9.786550402641296387e-01
9.792728424072265625e-01
9.796423316001892090e-01
9.796362519264221191e-01
9.810445308685302734e-01
9.597312211990356445e-01
9.634848833084106445e-01
9.651280641555786133e-01
9.666635394096374512e-01
9.677515625953674316e-01
9.692379236221313477e-01
9.705632328987121582e-01
9.713240265846252441e-01
9.722100496292114258e-01
9.738775491714477539e-01
9.748054742813110352e-01
9.749621748924255371e-01
9.759779572486877441e-01
9.766999483108520508e-01
9.770205020904541016e-01
9.772719144821166992e-01
9.779313206672668457e-01
9.786949753761291504e-01
9.790058732032775879e-01
9.795256257057189941e-01
9.799653291702270508e-01
9.805717468261718750e-01
