5.659528821706771851e-02
5.528942123055458069e-02
5.479253828525543213e-02
5.393652990460395813e-02
5.331281572580337524e-02
5.271667614579200745e-02
5.118450149893760681e-02
5.107928812503814697e-02
4.989368841052055359e-02
4.999704658985137939e-02
4.887732863426208496e-02
4.842173680663108826e-02
4.780637845396995544e-02
4.661464318633079529e-02
4.680994525551795959e-02
4.718241095542907715e-02
4.556294530630111694e-02
4.674835503101348877e-02
4.573884606361389160e-02
4.538415372371673584e-02
4.491602256894111633e-02
4.495280608534812927e-02
4.426117986440658569e-02
4.481251165270805359e-02
4.426553100347518921e-02
4.375907406210899353e-02
4.403506591916084290e-02
4.363320767879486084e-02
4.349819198250770569e-02
4.378930106759071350e-02
4.333530738949775696e-02
4.297066107392311096e-02
4.257668927311897278e-02
4.228395968675613403e-02
4.242895171046257019e-02
4.198815301060676575e-02
4.175499826669692993e-02
4.203156381845474243e-02
4.194021224975585938e-02
4.142822697758674622e-02
4.185940325260162354e-02
4.091832786798477173e-02
4.067151248455047607e-02
4.098209366202354431e-02
4.098466783761978149e-02
4.091172292828559875e-02
4.039541631937026978e-02
4.072785004973411560e-02
4.050052538514137268e-02
4.030906781554222107e-02
4.052325338125228882e-02
4.008398577570915222e-02
4.061707854270935059e-02
3.973230719566345215e-02
3.964408487081527710e-02
3.963553905487060547e-02
3.945672512054443359e-02
3.945519402623176575e-02
3.935517743229866028e-02
3.994814306497573853e-02
6.286905705928802490e-02
6.070758402347564697e-02
6.031983718276023865e-02
5.837912857532501221e-02
5.756899714469909668e-02
5.694658681750297546e-02
5.641240254044532776e-02
5.515209585428237915e-02
5.478487163782119751e-02
5.416650325059890747e-02
5.354889482259750366e-02
5.386045575141906738e-02
5.262090638279914856e-02
5.237565934658050537e-02
5.202407389879226685e-02
5.227739736437797546e-02
5.194781720638275146e-02
5.116359889507293701e-02
4.986110329627990723e-02
5.072027817368507385e-02
5.031550303101539612e-02
5.016182363033294678e-02
4.913394153118133545e-02
4.902219772338867188e-02
4.838198795914649963e-02
4.804256558418273926e-02
4.849433526396751404e-02
4.799711331725120544e-02
4.735065624117851257e-02
4.822208359837532043e-02
4.778437688946723938e-02
4.742704704403877258e-02
4.759394004940986633e-02
4.648421332240104675e-02
4.563266783952713013e-02
4.582106694579124451e-02
4.594655334949493408e-02
4.631677642464637756e-02
4.519697278738021851e-02
4.536577314138412476e-02
4.547463357448577881e-02
4.527597874402999878e-02
4.417777061462402344e-02
4.499086737632751465e-02
4.418941959738731384e-02
4.422869160771369934e-02
4.466463252902030945e-02
4.461911693215370178e-02
4.374250769615173340e-02
4.420630633831024170e-02
4.366216063499450684e-02
4.383738338947296143e-02
4.376395791769027710e-02
4.284954071044921875e-02
4.269064590334892273e-02
4.298977926373481750e-02
4.313881322741508484e-02
4.222166165709495544e-02
4.244454950094223022e-02
4.286415874958038330e-02
4.255123436450958252e-02
4.235811531543731689e-02
4.152052477002143860e-02
4.213731363415718079e-02
4.243565723299980164e-02
4.177435487508773804e-02
4.207378253340721130e-02
4.121137037873268127e-02
4.142088815569877625e-02
4.146744683384895325e-02
4.079726710915565491e-02
4.101839661598205566e-02
4.052000865340232849e-02
4.118398204445838928e-02
4.119541496038436890e-02
4.088359326124191284e-02
4.059509932994842529e-02
4.051910340785980225e-02
4.047306627035140991e-02
4.017433151602745056e-02
4.042358323931694031e-02
4.042873904109001160e-02
4.023559391498565674e-02
3.976405039429664612e-02
3.985810279846191406e-02
4.023027047514915466e-02
4.027326405048370361e-02
4.042414203286170959e-02
5.693793669342994690e-02
5.583045631647109985e-02
5.409194901585578918e-02
5.422893911600112915e-02
5.332189425826072693e-02
5.163589864969253540e-02
5.180097743868827820e-02
5.110388621687889099e-02
5.121505632996559143e-02
5.006704479455947876e-02
5.044741928577423096e-02
4.958236590027809143e-02
4.913990944623947144e-02
4.879418388009071350e-02
4.851221665740013123e-02
4.875041171908378601e-02
4.826824739575386047e-02
4.785353317856788635e-02
4.724536836147308350e-02
4.735730215907096863e-02
4.728862643241882324e-02
4.641904309391975403e-02
4.652421548962593079e-02
4.601319134235382080e-02
4.692963138222694397e-02
4.578193277120590210e-02
4.610061645507812500e-02
4.667825996875762939e-02
4.562966898083686829e-02
4.485713317990303040e-02
4.615562781691551208e-02
4.450891166925430298e-02
4.415809735655784607e-02
4.443752393126487732e-02
4.505166411399841309e-02
4.469088464975357056e-02
4.452177509665489197e-02
4.473992437124252319e-02
4.434245079755783081e-02
4.394766688346862793e-02
4.374103993177413940e-02
4.346128925681114197e-02
4.374414309859275818e-02
4.287900775671005249e-02
4.264689609408378601e-02
4.343729466199874878e-02
4.322952777147293091e-02
4.296476021409034729e-02
4.354101791977882385e-02
5.563608184456825256e-02
5.365720391273498535e-02
5.244119092822074890e-02
5.216980352997779846e-02
5.229296162724494934e-02
5.093485862016677856e-02
5.138012394309043884e-02
5.046308413147926331e-02
4.903290420770645142e-02
4.937325045466423035e-02
4.924589022994041443e-02
4.873637109994888306e-02
4.856277629733085632e-02
4.870324209332466125e-02
4.822672531008720398e-02
4.817389324307441711e-02
4.846405982971191406e-02
4.855697602033615112e-02
4.652672633528709412e-02
4.702730476856231689e-02
4.687129333615303040e-02
4.659317806363105774e-02
4.636830464005470276e-02
4.668458551168441772e-02
4.582391306757926941e-02
4.580700770020484924e-02
4.560055211186408997e-02
4.594120010733604431e-02
4.562605544924736023e-02
4.568973556160926819e-02
4.600977525115013123e-02
4.556022584438323975e-02
4.545475170016288757e-02
4.534754902124404907e-02
4.521698132157325745e-02
4.503945261240005493e-02
4.450367763638496399e-02
4.485913366079330444e-02
4.510444775223731995e-02
4.491839930415153503e-02
4.453227669000625610e-02
4.417012631893157959e-02
4.433121532201766968e-02
4.392329230904579163e-02
4.453160613775253296e-02
4.473144933581352234e-02
