6.493575125932693481e-02
4.464960470795631409e-02
4.431859031319618225e-02
4.425187036395072937e-02
4.423952102661132812e-02
4.424528032541275024e-02
4.418301954865455627e-02
4.419640079140663147e-02
4.421298578381538391e-02
4.420764744281768799e-02
3.985118493437767029e-02
3.026775829493999481e-02
1.944122463464736938e-02
1.126174814999103546e-02
5.340072326362133026e-03
3.380835289135575294e-03
2.472894731909036636e-03
2.063785912469029427e-03
1.793989329598844051e-03
1.575189176946878433e-03
1.334740547463297844e-03
1.459041028283536434e-03
1.087642041966319084e-03
1.025282428599894047e-03
9.923402685672044754e-04
