5.927124619483947754e-02
5.107781291007995605e-02
4.722128808498382568e-02
4.509029537439346313e-02
4.248031601309776306e-02
4.125489667057991028e-02
4.050755500793457031e-02
3.927437961101531982e-02
3.870449215173721313e-02
3.826237097382545471e-02
3.782476484775543213e-02
3.755966573953628540e-02
3.686684742569923401e-02
3.598229959607124329e-02
3.526535630226135254e-02
3.524884581565856934e-02
3.527737408876419067e-02
3.445101156830787659e-02
3.506162390112876892e-02
3.459747880697250366e-02
3.367669880390167236e-02
3.347924724221229553e-02
3.314639255404472351e-02
3.360033780336380005e-02
3.289681673049926758e-02
3.257233649492263794e-02
3.297697007656097412e-02
3.295369446277618408e-02
3.228808939456939697e-02
3.233495354652404785e-02
3.175957128405570984e-02
3.191376477479934692e-02
3.202785551548004150e-02
3.172293677926063538e-02
3.147017583250999451e-02
3.161529824137687683e-02
3.090618178248405457e-02
3.162725269794464111e-02
3.156555444002151489e-02
3.158843144774436951e-02
6.238064169883728027e-02
5.190633609890937805e-02
4.710463061928749084e-02
4.310613498091697693e-02
4.111095890402793884e-02
4.029123485088348389e-02
3.974626213312149048e-02
3.876294568181037903e-02
3.855163976550102234e-02
3.774489834904670715e-02
3.799119591712951660e-02
3.751223534345626831e-02
3.693801909685134888e-02
3.639355301856994629e-02
3.613733127713203430e-02
3.587483987212181091e-02
3.555537760257720947e-02
3.555079922080039978e-02
3.559025004506111145e-02
3.462450578808784485e-02
3.499120101332664490e-02
3.555297479033470154e-02
3.544555604457855225e-02
3.522605821490287781e-02
3.494799509644508362e-02
3.444746881723403931e-02
3.473288193345069885e-02
3.433258086442947388e-02
3.425472229719161987e-02
3.374777734279632568e-02
3.350578248500823975e-02
3.366953879594802856e-02
3.348474577069282532e-02
3.350617736577987671e-02
3.332857787609100342e-02
3.296602517366409302e-02
3.276656568050384521e-02
3.292405605316162109e-02
3.231027722358703613e-02
3.306959569454193115e-02
3.304694220423698425e-02
3.256953880190849304e-02
3.291280567646026611e-02
3.183976188302040100e-02
3.206391632556915283e-02
3.228063881397247314e-02
3.198262304067611694e-02
3.284939378499984741e-02
3.197391703724861145e-02
3.249268978834152222e-02
3.159230574965476990e-02
3.137878328561782837e-02
3.135203942656517029e-02
3.161086142063140869e-02
3.153727948665618896e-02
3.116034343838691711e-02
3.182489052414894104e-02
3.431783616542816162e-02
3.353317826986312866e-02
3.377829492092132568e-02
3.317857161164283752e-02
3.320455551147460938e-02
3.350709751248359680e-02
3.299777582287788391e-02
3.233439847826957703e-02
3.290850296616554260e-02
3.304881602525711060e-02
3.258611261844635010e-02
3.224806860089302063e-02
3.284645825624465942e-02
3.150234743952751160e-02
3.160962834954261780e-02
3.180950880050659180e-02
3.172009810805320740e-02
3.160402178764343262e-02
3.200289607048034668e-02
