8.659834861755371094e-01
9.383514523506164551e-01
9.405097961425781250e-01
9.424703121185302734e-01
9.451228976249694824e-01
9.455052614212036133e-01
9.455553293228149414e-01
9.472079277038574219e-01
9.489346146583557129e-01
9.486634731292724609e-01
9.488857388496398926e-01
9.504269957542419434e-01
9.509451985359191895e-01
9.513397812843322754e-01
9.510315060615539551e-01
9.515745043754577637e-01
9.517593383789062500e-01
9.527093768119812012e-01
9.531162381172180176e-01
9.525361061096191406e-01
9.533013701438903809e-01
9.533748626708984375e-01
9.538316130638122559e-01
9.542132019996643066e-01
9.531778097152709961e-01
9.545719623565673828e-01
9.542757868766784668e-01
9.539056420326232910e-01
9.537206888198852539e-01
9.548555612564086914e-01
9.547934532165527344e-01
9.559404253959655762e-01
9.550276994705200195e-01
9.559780359268188477e-01
9.548802971839904785e-01
9.554477930068969727e-01
9.558299779891967773e-01
9.552498459815979004e-01
9.559899568557739258e-01
9.560763835906982422e-01
9.551013112068176270e-01
9.570266008377075195e-01
9.564219713211059570e-01
9.554231166839599609e-01
9.276877045631408691e-01
9.284892678260803223e-01
9.293324351310729980e-01
9.299868345260620117e-01
9.298449158668518066e-01
9.300774931907653809e-01
9.302108287811279297e-01
9.302457571029663086e-01
9.303705692291259766e-01
9.305045604705810547e-01
9.312960505485534668e-01
9.314293861389160156e-01
9.310671091079711914e-01
9.319972991943359375e-01
9.312226772308349609e-01
9.322089552879333496e-01
9.315159320831298828e-01
9.328027367591857910e-01
9.323732256889343262e-01
9.321361184120178223e-01
9.331556558609008789e-01
9.329755306243896484e-01
9.330266714096069336e-01
9.334707856178283691e-01
9.327645897865295410e-01
9.330824613571166992e-01
9.337332844734191895e-01
9.328548908233642578e-01
9.334346055984497070e-01
9.336891770362854004e-01
9.331473708152770996e-01
