8.615134656429290771e-02
3.932210803031921387e-02
3.752519562840461731e-02
3.532249853014945984e-02
3.440409526228904724e-02
3.312804549932479858e-02
3.295280411839485168e-02
3.181350976228713989e-02
3.075195290148258209e-02
3.083352744579315186e-02
3.029599972069263458e-02
2.968516014516353607e-02
2.909214980900287628e-02
2.847681753337383270e-02
2.899104543030261993e-02
2.829831093549728394e-02
2.820143289864063263e-02
2.766600251197814941e-02
2.737438865005970001e-02
2.759180963039398193e-02
2.700346335768699646e-02
2.687274105846881866e-02
2.658422477543354034e-02
2.659106440842151642e-02
2.657396905124187469e-02
2.598209120333194733e-02
2.598870731890201569e-02
2.642671391367912292e-02
2.562027797102928162e-02
2.561336010694503784e-02
2.573313936591148376e-02
2.526861801743507385e-02
2.589777484536170959e-02
2.529683522880077362e-02
2.515740692615509033e-02
2.501632459461688995e-02
2.493784390389919281e-02
2.496740035712718964e-02
2.458980865776538849e-02
2.457003854215145111e-02
2.485169097781181335e-02
2.461277693510055542e-02
2.456991001963615417e-02
2.509335987269878387e-02
4.055782407522201538e-02
3.938651457428932190e-02
3.904116526246070862e-02
3.846450150012969971e-02
3.811128437519073486e-02
3.808130696415901184e-02
3.799024969339370728e-02
3.746493905782699585e-02
3.778486326336860657e-02
3.742722794413566589e-02
3.745285049080848694e-02
3.736139461398124695e-02
3.684480115771293640e-02
3.653318062424659729e-02
3.693146631121635437e-02
3.656046465039253235e-02
3.648376092314720154e-02
3.634569793939590454e-02
3.626263141632080078e-02
3.655880317091941833e-02
3.589255362749099731e-02
3.582798317074775696e-02
3.584303334355354309e-02
3.537642583250999451e-02
3.563559055328369141e-02
3.543657436966896057e-02
3.543819487094879150e-02
3.535616770386695862e-02
3.523381426930427551e-02
3.495968878269195557e-02
3.541088104248046875e-02
