7.092171907424926758e-01
7.208175659179687500e-01
7.348957657814025879e-01
7.424716353416442871e-01
7.500315308570861816e-01
7.614583373069763184e-01
7.651357054710388184e-01
7.722853422164916992e-01
7.778251767158508301e-01
7.881470918655395508e-01
7.911142110824584961e-01
7.971747517585754395e-01
8.050506114959716797e-01
8.105747103691101074e-01
8.199179768562316895e-01
8.267518877983093262e-01
8.302399516105651855e-01
8.368845582008361816e-01
8.446338772773742676e-01
8.502999544143676758e-01
8.566920161247253418e-01
8.625631332397460938e-01
8.696339130401611328e-01
8.729796409606933594e-01
8.783459067344665527e-01
8.856851458549499512e-01
8.906723856925964355e-01
8.972535729408264160e-01
9.025884866714477539e-01
9.042456746101379395e-01
9.059028625488281250e-01
9.124526381492614746e-01
9.125790596008300781e-01
9.155777692794799805e-01
9.171876907348632812e-01
9.193656444549560547e-01
9.209437370300292969e-01
9.198073744773864746e-01
9.225222468376159668e-01
9.229167103767395020e-01
9.239898920059204102e-01
9.257102012634277344e-01
9.254260659217834473e-01
9.262942075729370117e-01
9.264363646507263184e-01
9.270676374435424805e-01
9.287879467010498047e-01
9.290089011192321777e-01
9.279198646545410156e-01
9.277145266532897949e-01
9.298138022422790527e-01
9.291982650756835938e-01
9.286773204803466797e-01
9.291034340858459473e-01
9.308555126190185547e-01
9.292770624160766602e-01
9.301609992980957031e-01
9.324494004249572754e-01
9.312973022460937500e-01
9.319285750389099121e-01
9.327176213264465332e-01
9.330019354820251465e-01
9.324494004249572754e-01
9.333962798118591309e-01
9.328440427780151367e-01
9.341699481010437012e-01
9.351485371589660645e-01
9.337437152862548828e-01
9.345013499259948730e-01
9.338225126266479492e-01
9.345329403877258301e-01
9.342330098152160645e-01
9.342646598815917969e-01
9.365847706794738770e-01
9.353377819061279297e-01
9.360637068748474121e-01
9.364897012710571289e-01
9.363949894905090332e-01
9.372633695602416992e-01
9.377682805061340332e-01
9.360635876655578613e-01
9.369319081306457520e-01
9.369160532951354980e-01
9.367266297340393066e-01
9.374526143074035645e-01
9.372790455818176270e-01
9.372631907463073730e-01
9.383049607276916504e-01
9.378473162651062012e-01
9.378631114959716797e-01
9.396462440490722656e-01
9.392991662025451660e-01
9.396148920059204102e-01
9.385103583335876465e-01
9.379735589027404785e-01
9.404199123382568359e-01
9.406881332397460938e-01
9.390466213226318359e-01
9.403409361839294434e-01
9.392518997192382812e-01
9.024456739425659180e-01
9.034423828125000000e-01
9.026688337326049805e-01
9.026339054107666016e-01
9.031153321266174316e-01
9.039285778999328613e-01
9.048509597778320312e-01
9.045634865760803223e-01
9.053719639778137207e-01
9.066712260246276855e-01
9.056645631790161133e-01
9.065774083137512207e-01
9.072273373603820801e-01
9.080753922462463379e-01
9.076634645462036133e-01
9.076881408691406250e-01
9.080158472061157227e-01
9.082937240600585938e-01
9.098217487335205078e-01
9.100051522254943848e-01
9.098166227340698242e-01
9.098463654518127441e-01
9.108084440231323242e-01
9.104418158531188965e-01
9.117508530616760254e-01
9.107592105865478516e-01
9.119939208030700684e-01
9.107091426849365234e-01
9.116367697715759277e-01
9.120190143585205078e-01
9.125098586082458496e-01
9.129267930984497070e-01
9.127926230430603027e-01
9.137452244758605957e-01
9.133677482604980469e-01
9.136906266212463379e-01
9.139584898948669434e-01
9.137504100799560547e-01
9.143798947334289551e-01
9.136511087417602539e-01
9.153968095779418945e-01
9.154614210128784180e-01
9.147025942802429199e-01
9.154116511344909668e-01
9.155356287956237793e-01
9.159523248672485352e-01
9.160167574882507324e-01
9.167163372039794922e-01
9.170933365821838379e-01
9.165772199630737305e-01
9.168949723243713379e-01
9.170388579368591309e-01
9.173612594604492188e-01
9.174998402595520020e-01
9.169890284538269043e-01
9.175102114677429199e-01
9.177328944206237793e-01
9.173216819763183594e-01
9.176390767097473145e-01
9.174897074699401855e-01
9.184969067573547363e-01
9.185864329338073730e-01
9.181647896766662598e-01
9.181597828865051270e-01
9.191665053367614746e-01
9.184176921844482422e-01
9.189978837966918945e-01
9.186060428619384766e-01
9.196130633354187012e-01
9.191813468933105469e-01
9.194591641426086426e-01
9.194842576980590820e-01
9.196575284004211426e-01
9.191716909408569336e-01
