8.726010322570800781e-01
8.739900588989257812e-01
8.777779936790466309e-01
8.760101199150085449e-01
8.766412138938903809e-01
8.750000596046447754e-01
8.781566023826599121e-01
8.731061816215515137e-01
8.736111521720886230e-01
8.770203590393066406e-01
8.734848499298095703e-01
8.747474551200866699e-01
8.724746704101562500e-01
8.801766037940979004e-01
8.559918999671936035e-01
8.546426892280578613e-01
8.540472388267517090e-01
8.563889265060424805e-01
8.524205684661865234e-01
8.579763174057006836e-01
8.528172969818115234e-01
8.534915447235107422e-01
8.576191067695617676e-01
8.547220230102539062e-01
8.571825027465820312e-01
8.536507487297058105e-01
8.568256497383117676e-01
8.529760837554931641e-01
