8.716540336608886719e-01
8.740766644477844238e-01
8.746293783187866211e-01
8.746766448020935059e-01
8.734771609306335449e-01
8.740684986114501953e-01
8.746762871742248535e-01
8.749210238456726074e-01
8.754735589027404785e-01
9.128628969192504883e-01
9.364586472511291504e-01
9.417613148689270020e-01
9.482562541961669922e-01
9.555873274803161621e-01
9.607481360435485840e-01
9.628235697746276855e-01
9.630917906761169434e-01
9.635812044143676758e-01
9.634547233581542969e-01
9.645045399665832520e-01
9.646465182304382324e-01
9.653490185737609863e-01
9.652146100997924805e-01
9.657433032989501953e-01
9.647569060325622559e-01
9.650884866714477539e-01
9.648438096046447754e-01
9.661539196968078613e-01
9.659644365310668945e-01
9.663115143775939941e-01
9.653329849243164062e-01
9.656881093978881836e-01
9.659562110900878906e-01
9.656564593315124512e-01
9.656643271446228027e-01
9.647569060325622559e-01
9.312944412231445312e-01
9.376862645149230957e-01
9.409424066543579102e-01
9.436084032058715820e-01
9.448583722114562988e-01
9.460781216621398926e-01
9.470561742782592773e-01
9.472420811653137207e-01
9.485839605331420898e-01
9.491963386535644531e-01
9.490423798561096191e-01
9.498438239097595215e-01
9.494416117668151855e-01
9.508633613586425781e-01
9.503398537635803223e-01
9.507123827934265137e-01
9.515748023986816406e-01
9.515105485916137695e-01
9.508261680603027344e-01
9.516047239303588867e-01
9.519715309143066406e-01
9.520807862281799316e-01
9.520159959793090820e-01
9.526014328002929688e-01
9.522793889045715332e-01
9.526609778404235840e-01
9.528820514678955078e-01
9.522817730903625488e-01
9.533139467239379883e-01
9.531145095825195312e-01
9.540254473686218262e-01
9.536136388778686523e-01
9.530408382415771484e-01
9.528297781944274902e-01
9.528326392173767090e-01
9.540380239486694336e-01
9.530752301216125488e-01
9.543082714080810547e-01
9.539757370948791504e-01
9.539879560470581055e-01
9.538120031356811523e-01
9.536685347557067871e-01
9.543227553367614746e-01
9.539953470230102539e-01
