1.303278380000119796e+01
2.345752689999790164e+01
3.385815580000053160e+01
4.421137530000123661e+01
5.464563690000068163e+01
6.512944319999951404e+01
7.564628210000228137e+01
8.612558459999854676e+01
9.664216029999806779e+01
1.071658957000036025e+02
1.175841040000013891e+02
1.279142087000000174e+02
1.382922169000012218e+02
1.487842791000002762e+02
1.591087984999976470e+02
1.694608760999981314e+02
1.798759680000002845e+02
1.902082928000018001e+02
2.006725013000032050e+02
2.109455467000007047e+02
2.213561868999968283e+02
2.317093397999997251e+02
2.425569722000000183e+02
2.529078793000007863e+02
2.633435635999994702e+02
2.737575559000033536e+02
2.841193906999978935e+02
2.945732685000039055e+02
3.050408723000000464e+02
3.153557049000010011e+02
3.257646613999968395e+02
3.361371446999983164e+02
3.465451274000006379e+02
3.569865008999986458e+02
3.673866325999988476e+02
3.776580526999969152e+02
4.113718615999969188e+02
4.456561523999989731e+02
4.801440132999996422e+02
5.143917951999974321e+02
5.485728791000001365e+02
5.832124425000001793e+02
6.175192767999978969e+02
6.521978607999990345e+02
6.864580943999972078e+02
7.214710909999994328e+02
7.560124980999971740e+02
7.904641763000036008e+02
8.247024702999988222e+02
8.593895600999967428e+02
8.936458329000015510e+02
9.283361278000011225e+02
9.623314500999986194e+02
9.964027361999978893e+02
1.030695191099999647e+03
1.064929173099997570e+03
1.098734970199999225e+03
1.133369560600003751e+03
1.168038481099996716e+03
1.202645714400001452e+03
1.237141950600002019e+03
1.271933735300000990e+03
1.306690702200001397e+03
1.341888904400002502e+03
1.376069400400003360e+03
1.410028572100003657e+03
1.444441631399997277e+03
1.478840325099998154e+03
1.513582308199998806e+03
1.548086991900003341e+03
1.583189352800000052e+03
1.618060822799998277e+03
1.652724501700002293e+03
1.687783288799997536e+03
1.721792590500001097e+03
1.755801430699997582e+03
1.790202827100001741e+03
1.824970256599997811e+03
1.859311501000003773e+03
1.893720991700000013e+03
