8.196264100000007602e+00
1.464933689999998023e+01
2.125966960000005201e+01
2.781742469999994682e+01
3.438222470000005160e+01
4.105412980000005518e+01
4.758634179999990010e+01
5.411594059999993078e+01
6.072398470000007364e+01
6.726491970000006404e+01
7.383391099999994367e+01
8.044427709999990839e+01
8.711324100000001636e+01
9.362095769999996264e+01
1.002961746000000858e+02
1.066688683000002129e+02
1.131374894000000495e+02
1.195637416999998095e+02
1.262892400999999154e+02
1.327675205999998980e+02
1.394177936999999474e+02
1.461108543000000282e+02
1.526641519999998309e+02
1.593306781000001138e+02
1.659081725000000915e+02
1.725055864999999358e+02
1.790882059999999001e+02
1.857904948999998851e+02
1.924302443999999923e+02
1.991704598000001170e+02
2.058116319999999178e+02
2.123508230000002186e+02
2.189278634000002057e+02
2.253670301000001928e+02
2.318227808999999979e+02
2.382387005999999019e+02
2.446627944000001662e+02
2.511475016999997933e+02
2.578312913999998273e+02
2.645801032999997915e+02
2.712300845999998273e+02
2.780223755000001802e+02
2.847004996999999094e+02
2.914363386999998511e+02
2.980280862999998135e+02
3.045716787999999724e+02
3.110481642999998257e+02
3.174943926999999348e+02
3.238927161000001433e+02
3.304189093999998477e+02
3.368725220000001173e+02
3.433158186000000569e+02
3.497773145999999542e+02
3.562195679999999811e+02
3.627328063999998449e+02
3.693217118000002301e+02
3.759856798000000708e+02
3.827437949999998636e+02
3.894941356999997879e+02
3.961985082000001057e+02
4.029211396000000605e+02
4.094490802999998778e+02
4.159580695999998170e+02
4.223364762000001065e+02
4.287489908000002288e+02
4.351086964000000989e+02
4.415449942000000192e+02
4.479147468000001027e+02
4.543832360000001245e+02
4.607965632000000369e+02
4.672066450000002078e+02
4.736341650999997910e+02
4.799737421999998332e+02
4.864691668999998910e+02
4.929302318999998533e+02
4.993680263000001105e+02
5.063714085999999952e+02
5.127757443000000421e+02
5.191710948999998436e+02
5.256156114999998863e+02
5.319871428999999807e+02
5.384350032000002102e+02
5.448240936000001966e+02
5.512803265000002284e+02
5.576754691000001003e+02
5.640883518000000549e+02
5.705497473999998874e+02
5.769660294999998769e+02
5.833537363999998888e+02
5.897298242000001665e+02
5.961042599000002156e+02
6.024569732999998450e+02
6.088524765000001935e+02
6.152489592000001721e+02
6.216837586999999985e+02
6.280840610999998717e+02
6.345064078000000336e+02
6.409371531000001596e+02
6.473492961000001742e+02
6.537505593999999292e+02
6.601072472000000744e+02
6.665418014000001676e+02
6.728948921999999584e+02
6.792542573000000630e+02
6.856939370000000054e+02
6.921303581000001941e+02
6.986879306999999244e+02
7.051643512999999075e+02
7.117099828000000343e+02
7.181438729999999850e+02
7.246620191000001796e+02
7.310492616000001362e+02
7.375656512000000475e+02
7.440851925000001756e+02
7.505382896000000983e+02
7.569870706000001519e+02
7.634834291000001940e+02
7.699395405999998729e+02
7.764483546999999817e+02
7.827176424999997835e+02
7.891705553000001601e+02
7.956200213000001895e+02
8.020305438000000322e+02
8.084653518999998596e+02
8.148991725999999289e+02
8.212508180999998331e+02
8.276642077999999856e+02
8.341390594999998029e+02
8.405091089000002285e+02
8.469582593999998608e+02
8.533466551999999865e+02
8.597700979000001098e+02
8.661222907999999734e+02
8.725386887999998180e+02
8.789508522000000994e+02
8.853476706999999806e+02
8.917249507999999878e+02
8.981230651000000762e+02
9.045483310999998139e+02
9.109999662000000171e+02
9.174124169000001530e+02
9.237850103999999192e+02
9.301760241000001770e+02
9.365931062999998176e+02
9.430558251000002201e+02
9.494756732999999258e+02
9.559346042000001944e+02
9.623249525000001086e+02
9.686613963999998305e+02
9.751379664000000957e+02
9.814756360000001223e+02
9.877303434999998899e+02
9.941684226000002127e+02
1.000606580600000143e+03
1.007075041200000214e+03
1.013634331499999917e+03
1.020159908600000108e+03
1.026367707500000051e+03
1.032720150300000114e+03
1.039089465900000050e+03
1.045402515799999946e+03
1.051832112399999914e+03
1.058137879800000064e+03
1.064560177500000009e+03
1.070916427699999986e+03
1.077301390099999935e+03
1.083672332999999981e+03
1.090128984200000104e+03
1.096511842800000068e+03
1.102852264799999830e+03
1.109512163700000201e+03
1.116118688999999904e+03
1.122728480199999922e+03
1.129217292299999826e+03
1.135769500400000197e+03
1.142368978999999854e+03
1.148867841899999803e+03
1.155542578099999901e+03
1.162118877200000043e+03
1.168845318399999996e+03
1.175280682300000080e+03
1.181754134199999953e+03
1.188206304899999850e+03
1.194744023300000208e+03
1.201669070800000100e+03
1.208504914000000099e+03
1.215156521299999895e+03
1.221787984999999935e+03
1.228526047599999856e+03
1.235105282500000158e+03
1.241815611900000022e+03
1.248514608599999974e+03
1.255176539399999911e+03
1.261870415800000046e+03
1.268461181900000156e+03
1.275009773499999937e+03
1.281745667000000140e+03
1.288453519799999867e+03
1.295104699600000004e+03
1.301739093600000160e+03
1.308440896000000066e+03
1.314878210200000012e+03
1.321284942400000091e+03
1.327614846599999964e+03
1.334047987800000101e+03
1.340423156299999846e+03
1.346832136500000161e+03
1.353241053600000214e+03
1.359665720500000134e+03
1.366031913799999984e+03
1.372450972699999966e+03
1.378847237999999834e+03
1.385141071600000032e+03
1.391575317400000131e+03
1.398137731299999814e+03
1.404714393400000063e+03
1.411376714200000151e+03
1.418269871999999850e+03
1.425063843999999790e+03
1.431834361499999886e+03
1.438715202800000043e+03
1.445327624600000036e+03
1.451968768300000193e+03
1.458739966199999799e+03
1.465513515399999960e+03
1.472304295200000070e+03
1.479087452000000212e+03
1.486600343200000225e+03
1.493364078399999926e+03
1.500128237200000058e+03
1.506985656599999857e+03
