2.263171970844268799e-01
1.696404665708541870e-01
1.458759754896163940e-01
1.302631050348281860e-01
1.159114912152290344e-01
1.036222577095031738e-01
9.296645224094390869e-02
8.412908017635345459e-02
7.548549771308898926e-02
6.711791455745697021e-02
6.073687225580215454e-02
5.510136857628822327e-02
4.980990663170814514e-02
4.535669088363647461e-02
4.141045361757278442e-02
3.970626741647720337e-02
3.698496893048286438e-02
3.625784069299697876e-02
3.509850800037384033e-02
3.255742415785789490e-02
3.123421035706996918e-02
2.897331118583679199e-02
3.164755925536155701e-02
3.310278058052062988e-02
2.941930666565895081e-02
2.655419893562793732e-02
2.685288898646831512e-02
2.667170949280261993e-02
2.418039552867412567e-02
2.576878294348716736e-02
2.215105853974819183e-02
2.130844816565513611e-02
1.956429891288280487e-02
2.007107436656951904e-02
1.819435507059097290e-02
1.723585650324821472e-02
1.725334860384464264e-02
1.559768617153167725e-02
1.510332617908716202e-02
1.485445071011781693e-02
1.428122632205486298e-02
1.353126671165227890e-02
1.319912355393171310e-02
1.291677914559841156e-02
1.237383857369422913e-02
1.223921030759811401e-02
1.261005084961652756e-02
1.419862918555736542e-02
1.377929188311100006e-02
4.692612960934638977e-02
4.089804738759994507e-02
3.867298364639282227e-02
3.626079484820365906e-02
3.430404514074325562e-02
3.243003785610198975e-02
3.150063753128051758e-02
2.896009385585784912e-02
2.897722274065017700e-02
2.857345342636108398e-02
2.699815481901168823e-02
2.524443529546260834e-02
2.516032941639423370e-02
2.426852285861968994e-02
2.261322923004627228e-02
2.107212506234645844e-02
2.012287825345993042e-02
1.932880282402038574e-02
2.138207107782363892e-02
1.942010410130023956e-02
1.787296496331691742e-02
1.720581389963626862e-02
1.709244400262832642e-02
1.664198003709316254e-02
1.617867872118949890e-02
1.532871369272470474e-02
1.498956792056560516e-02
1.455969084054231644e-02
1.444078423082828522e-02
1.385368220508098602e-02
1.351372431963682175e-02
1.347076985985040665e-02
1.325044501572847366e-02
1.289600785821676254e-02
1.261347811669111252e-02
1.240732334554195404e-02
1.200572680681943893e-02
1.183786243200302124e-02
1.193898916244506836e-02
1.157930400222539902e-02
