4.823619920000000150e+01
4.895076480000000174e+01
4.966332480000000515e+01
5.037916220000000322e+01
5.109527230000000486e+01
5.181253110000000106e+01
5.252667940000000613e+01
5.323799759999999992e+01
5.395291910000000257e+01
5.466995750000000243e+01
5.539627450000000408e+01
5.616556350000000464e+01
5.688973280000000443e+01
5.762767960000000045e+01
5.834155330000000106e+01
5.906132260000000400e+01
5.977756360000000058e+01
6.049882180000000176e+01
6.120908720000000613e+01
6.193679159999999939e+01
6.265818050000000738e+01
6.340995230000000760e+01
6.417645629999999812e+01
6.492769189999999924e+01
6.566449559999999508e+01
6.643448549999999386e+01
6.718957249999999704e+01
6.795971469999999215e+01
6.874213949999999329e+01
6.953490479999999252e+01
7.033344069999999704e+01
7.111848639999999477e+01
7.190713420000000156e+01
7.266421129999999096e+01
7.346329599999999971e+01
7.440792199999999923e+01
7.519195529999998939e+01
7.598741389999999285e+01
7.674253779999999381e+01
7.745370589999998856e+01
7.820180299999999818e+01
7.896807760000000087e+01
7.974575600000000009e+01
8.050254040000000089e+01
8.126849629999999536e+01
8.202077649999999664e+01
8.281301820000000191e+01
8.358855419999999015e+01
8.436775199999999586e+01
1.710787710999999831e+02
1.732724282000000073e+02
1.754744162000000074e+02
1.776597161999999912e+02
1.798560655999999938e+02
1.820506804999999986e+02
1.842388823999999943e+02
1.864289930999999854e+02
1.886281399000000079e+02
1.908459760000000074e+02
1.930394277999999986e+02
1.952398751000000061e+02
1.974654578999999899e+02
1.996976840000000095e+02
2.019497988999999905e+02
2.041683231000000092e+02
2.064031933999999922e+02
2.086408734000000038e+02
2.108682062000000030e+02
2.131125922999999887e+02
2.153369272999999851e+02
2.175495970999999997e+02
2.200627001000000007e+02
2.223082962999999950e+02
2.245147805000000005e+02
2.267817034999999919e+02
2.290402777999999842e+02
2.313114175000000046e+02
2.335385479999999916e+02
2.357729167999999902e+02
2.380280101999999829e+02
2.402342122999999958e+02
2.424558810000000051e+02
2.446629055999999878e+02
2.468477277000000072e+02
2.490337490999999943e+02
2.512174978999999837e+02
2.534175362999999948e+02
2.556022276000000204e+02
2.577933651000000168e+02
