7.536616325378417969e-01
7.917138934135437012e-01
8.127051591873168945e-01
8.338382840156555176e-01
8.484690785408020020e-01
8.631312251091003418e-01
8.728852868080139160e-01
8.800819516181945801e-01
8.878471851348876953e-01
8.939394354820251465e-01
9.003314375877380371e-01
9.022095203399658203e-01
9.060605764389038086e-01
9.118528366088867188e-01
9.127683639526367188e-01
9.174241423606872559e-01
9.176610708236694336e-01
9.192708730697631836e-01
9.230272173881530762e-01
9.246212244033813477e-01
9.243845939636230469e-01
9.249211549758911133e-01
9.283617138862609863e-01
9.274148941040039062e-01
9.285353422164916992e-01
9.298138618469238281e-01
9.306030273437500000e-01
9.323706030845642090e-01
9.331912398338317871e-01
9.341383576393127441e-01
9.349116086959838867e-01
9.364110827445983887e-01
9.357324242591857910e-01
9.362847805023193359e-01
9.389204382896423340e-01
9.378315210342407227e-01
9.386203885078430176e-01
9.398042559623718262e-01
9.392045736312866211e-01
9.385574460029602051e-01
9.407511353492736816e-01
9.400408864021301270e-01
9.411931037902832031e-01
9.389836192131042480e-01
9.395990371704101562e-01
9.412562251091003418e-01
9.408776164054870605e-01
9.400410056114196777e-01
9.410984516143798828e-01
9.403409957885742188e-01
9.413352012634277344e-01
9.406093358993530273e-01
9.407196640968322754e-01
9.400095343589782715e-01
9.404039978981018066e-01
9.396624565124511719e-01
9.408301711082458496e-01
9.398989677429199219e-01
9.401513338088989258e-01
9.404672384262084961e-01
9.403724074363708496e-01
9.401987791061401367e-01
9.412719607353210449e-01
9.400095343589782715e-01
9.396463036537170410e-01
9.391886591911315918e-01
9.403094649314880371e-01
9.397726655006408691e-01
9.402619600296020508e-01
9.407670497894287109e-01
9.395833611488342285e-01
9.383995532989501953e-01
9.401357769966125488e-01
9.389202594757080078e-01
9.402619600296020508e-01
9.388574361801147461e-01
9.388100504875183105e-01
9.407827258110046387e-01
9.390940666198730469e-01
9.400567412376403809e-01
9.393309950828552246e-01
9.400251507759094238e-01
9.394727349281311035e-01
9.412563443183898926e-01
9.399305582046508789e-01
9.389835596084594727e-01
9.390310049057006836e-01
9.395201206207275391e-01
9.397727847099304199e-01
9.387468695640563965e-01
9.391098022460937500e-01
9.397568702697753906e-01
9.383522272109985352e-01
9.400568008422851562e-01
9.412719607353210449e-01
9.380998611450195312e-01
9.397884607315063477e-01
9.404829144477844238e-01
9.392204880714416504e-01
9.389520287513732910e-01
9.014286398887634277e-01
9.049008488655090332e-01
9.054616689682006836e-01
9.055458903312683105e-01
9.053866863250732422e-01
9.063889980316162109e-01
9.063737988471984863e-01
9.061755537986755371e-01
9.059773683547973633e-01
9.067512750625610352e-01
9.066269993782043457e-01
9.063888788223266602e-01
9.071875810623168945e-01
9.059174656867980957e-01
9.071825146675109863e-01
9.068549275398254395e-01
9.073364138603210449e-01
9.071872234344482422e-01
9.071380496025085449e-01
9.067465066909790039e-01
9.078077077865600586e-01
9.069048166275024414e-01
9.067558646202087402e-01
9.066717624664306641e-01
9.071175456047058105e-01
9.068300724029541016e-01
9.070143103599548340e-01
9.075297117233276367e-01
9.071425199508666992e-01
9.066617488861083984e-01
9.073712229728698730e-01
9.071031212806701660e-01
9.083927869796752930e-01
9.070633649826049805e-01
9.066621661186218262e-01
9.072715640068054199e-01
9.077178835868835449e-01
9.083527326583862305e-01
9.075940847396850586e-01
9.080455899238586426e-01
9.083875417709350586e-01
9.080901145935058594e-01
9.067658185958862305e-01
9.081497788429260254e-01
9.082093834877014160e-01
9.080753922462463379e-01
9.081547260284423828e-01
9.079068303108215332e-01
9.080953598022460938e-01
9.083677530288696289e-01
9.090726375579833984e-01
9.092856049537658691e-01
9.081400632858276367e-01
9.074457883834838867e-01
9.082590937614440918e-01
9.080209136009216309e-01
9.087896943092346191e-01
9.087004065513610840e-01
9.086857438087463379e-01
9.083334803581237793e-01
9.088639616966247559e-01
9.085960984230041504e-01
9.092808961868286133e-01
9.091122150421142578e-01
9.086460471153259277e-01
9.086458086967468262e-01
9.082388877868652344e-01
9.095735549926757812e-01
9.092757701873779297e-01
9.091071486473083496e-01
9.093350768089294434e-01
9.089336395263671875e-01
9.091568589210510254e-01
9.091717600822448730e-01
9.093747138977050781e-01
9.095185995101928711e-01
9.102925062179565430e-01
9.091817140579223633e-01
9.090971946716308594e-01
9.095881581306457520e-01
9.093452095985412598e-01
9.091468453407287598e-01
9.086606502532958984e-01
9.094245433807373047e-01
9.093700051307678223e-01
9.103327393531799316e-01
9.089087843894958496e-01
9.104215502738952637e-01
9.101489186286926270e-01
