1.226005703210830688e-01
1.043083816766738892e-01
9.343735873699188232e-02
8.406352996826171875e-02
7.616417855024337769e-02
6.872097402811050415e-02
6.361104547977447510e-02
5.899503827095031738e-02
5.502573028206825256e-02
5.192773416638374329e-02
4.848101362586021423e-02
4.623750224709510803e-02
4.395039379596710205e-02
4.131492227315902710e-02
3.978981450200080872e-02
3.756985068321228027e-02
3.575343638658523560e-02
3.425432369112968445e-02
3.246942535042762756e-02
3.124875761568546295e-02
2.984446845948696136e-02
2.897019870579242706e-02
2.776784636080265045e-02
2.669041976332664490e-02
2.575024031102657318e-02
2.447514981031417847e-02
2.311461605131626129e-02
2.207495458424091339e-02
2.102445997297763824e-02
1.958446577191352844e-02
1.890446618199348450e-02
1.803274825215339661e-02
1.681874319911003113e-02
1.641222462058067322e-02
1.495103910565376282e-02
1.460066717118024826e-02
1.405615918338298798e-02
1.332048699259757996e-02
1.277695037424564362e-02
1.216261927038431168e-02
1.148831937462091446e-02
1.107032503932714462e-02
1.063478272408246994e-02
1.036193035542964935e-02
9.860429912805557251e-03
9.534534998238086700e-03
9.167195297777652740e-03
8.741411380469799042e-03
8.481457829475402832e-03
8.200637064874172211e-03
7.947763428092002869e-03
7.758545689284801483e-03
7.570785470306873322e-03
7.249556481838226318e-03
7.110873702913522720e-03
6.823298987001180649e-03
6.552407518029212952e-03
6.452553439885377884e-03
6.105368956923484802e-03
6.068005226552486420e-03
5.968497600406408310e-03
5.756880622357130051e-03
5.526506341993808746e-03
5.473308265209197998e-03
5.370179656893014908e-03
5.194201599806547165e-03
5.072001833468675613e-03
4.860504064708948135e-03
4.824842326343059540e-03
4.602702800184488297e-03
4.621443804353475571e-03
4.543240182101726532e-03
4.443282261490821838e-03
4.386314190924167633e-03
4.314796067774295807e-03
4.161268472671508789e-03
4.218630027025938034e-03
4.133503418415784836e-03
4.059557802975177765e-03
3.940865863114595413e-03
3.890958148986101151e-03
3.845243016257882118e-03
3.769246628507971764e-03
3.660892834886908531e-03
3.765097586438059807e-03
3.682945622131228447e-03
3.607972292229533195e-03
3.546762280166149139e-03
3.526289016008377075e-03
3.609733423218131065e-03
3.503968939185142517e-03
3.351038321852684021e-03
3.410975215956568718e-03
3.368183737620711327e-03
3.253375645726919174e-03
3.227051580324769020e-03
3.163255285471677780e-03
3.107675118371844292e-03
3.180708969011902809e-03
3.184206085279583931e-03
9.370821528136730194e-03
8.461867459118366241e-03
8.090209215879440308e-03
7.826550863683223724e-03
7.580262608826160431e-03
7.293702568858861923e-03
7.095485460013151169e-03
6.948509253561496735e-03
6.723299156874418259e-03
6.590539589524269104e-03
6.493661552667617798e-03
6.423491053283214569e-03
6.157939322292804718e-03
6.073044147342443466e-03
5.966609343886375427e-03
5.798756610602140427e-03
5.723709240555763245e-03
5.621118005365133286e-03
5.495227873325347900e-03
5.408520810306072235e-03
5.236879922449588776e-03
5.225287284702062607e-03
5.184169858694076538e-03
5.001346115022897720e-03
4.986191634088754654e-03
4.874955862760543823e-03
4.769539926201105118e-03
4.695770796388387680e-03
4.582344088703393936e-03
4.569551907479763031e-03
4.505066666752099991e-03
4.451026208698749542e-03
4.340400919318199158e-03
4.267347045242786407e-03
4.270589910447597504e-03
4.136591218411922455e-03
4.106560721993446350e-03
4.064596258103847504e-03
3.960597794502973557e-03
3.942915704101324081e-03
3.877864452078938484e-03
3.814894706010818481e-03
3.775873454287648201e-03
3.753200639039278030e-03
3.629226004704833031e-03
3.611201653257012367e-03
3.578374395146965981e-03
3.457877319306135178e-03
3.479845821857452393e-03
3.452000906690955162e-03
3.356763627380132675e-03
3.322613658383488655e-03
3.288661129772663116e-03
3.282717196270823479e-03
3.233878640457987785e-03
3.188597504049539566e-03
3.169446252286434174e-03
3.051305888220667839e-03
3.041826421394944191e-03
3.013752866536378860e-03
3.003479447215795517e-03
2.959817182272672653e-03
2.879978856071829796e-03
2.871526405215263367e-03
2.847573254257440567e-03
2.864031353965401649e-03
2.816732041537761688e-03
2.772114705294370651e-03
2.736123977228999138e-03
2.703722799196839333e-03
2.684030449017882347e-03
2.646737033501267433e-03
2.596823498606681824e-03
2.612149342894554138e-03
2.579260151833295822e-03
2.558731939643621445e-03
2.499776659533381462e-03
2.481049392372369766e-03
2.463628072291612625e-03
2.451191656291484833e-03
2.425068523734807968e-03
2.393645467236638069e-03
2.405604347586631775e-03
2.332666190341114998e-03
2.326544607058167458e-03
2.305662259459495544e-03
2.285709138959646225e-03
2.275191247463226318e-03
2.252123784273862839e-03
