8.777936100959777832e-01
8.733744621276855469e-01
8.782827854156494141e-01
8.734060525894165039e-01
8.735479116439819336e-01
8.752841353416442871e-01
8.757102489471435547e-01
8.752208948135375977e-01
8.744950294494628906e-01
8.732797503471374512e-01
8.767675161361694336e-01
8.521924614906311035e-01
8.521084785461425781e-01
8.534967303276062012e-01
8.549605011940002441e-01
8.534972071647644043e-01
8.534873127937316895e-01
8.528572916984558105e-01
8.511654138565063477e-01
8.530803322792053223e-01
8.533134460449218750e-01
