1.361105060000045341e+01
2.633907780000299681e+01
3.897179990000222460e+01
5.083465070000238484e+01
6.393146930000148132e+01
7.659596370000144816e+01
8.894594370000049821e+01
1.014084624999995867e+02
1.140409063000006427e+02
1.261236707000025490e+02
1.390933884000005492e+02
1.517495579000024009e+02
1.645393885000012233e+02
1.788215105000017502e+02
1.918229614000010770e+02
2.039355422000007820e+02
2.171673555000015767e+02
2.298928931000009470e+02
2.420299642000027234e+02
2.545602366000020993e+02
2.671516295000001264e+02
2.788683627000027627e+02
2.919431863999998313e+02
3.046168668999998772e+02
3.167992751000019780e+02
3.291603175000018382e+02
3.417173313000021153e+02
3.540433698000015283e+02
3.664063547000005201e+02
3.788356855000020005e+02
3.911096300000026531e+02
4.034786564000023645e+02
4.155304104000024381e+02
4.279708481000016036e+02
4.406482958000015060e+02
4.533412587000020721e+02
4.656294119000012870e+02
4.779615683000010904e+02
4.905299405000005208e+02
5.022750255999999354e+02
5.154222122000028321e+02
5.281306296000002476e+02
5.405290559000022768e+02
5.529712719000017387e+02
5.656637066000002960e+02
5.780446511000009195e+02
5.902174193999999261e+02
6.029211974000027112e+02
6.152377522999995563e+02
6.276041296000003058e+02
6.394751696000021184e+02
6.527768343000025197e+02
6.652549041000020225e+02
6.779368710000017018e+02
6.898783634999999776e+02
7.022755537000011827e+02
7.149764469000001554e+02
7.278228661000030115e+02
7.404601376000027813e+02
7.536581785000016680e+02
7.661263450000005832e+02
7.787698224000014307e+02
7.915478925999996136e+02
8.041282780000001367e+02
8.165163415999995777e+02
8.286313993000003393e+02
8.418708399000024656e+02
8.536120995000019320e+02
8.662041014000024006e+02
8.792543211000011070e+02
8.912191214000013133e+02
9.041164972000005946e+02
9.168261608000029810e+02
9.293876030999999784e+02
9.420229158000001917e+02
9.545626317000023846e+02
9.694970314000020153e+02
9.826209047000011196e+02
9.952208924000005936e+02
1.008217292000001180e+03
1.020413338600003044e+03
1.033371175100000983e+03
1.045597000600002502e+03
1.058942691399999603e+03
1.071763325500000064e+03
1.084491262200001074e+03
1.097320836700000655e+03
1.109499014200002421e+03
1.122627979500000947e+03
1.135963267000002816e+03
1.148260383400000137e+03
1.161434786900001200e+03
1.174302558000003046e+03
1.187652194600002986e+03
1.200578641500000231e+03
1.214893630599999597e+03
1.227502227100001619e+03
1.240254399400000693e+03
1.253851846700003080e+03
1.266747284900000523e+03
1.307380184400000871e+03
1.348539098799999920e+03
1.388425370000000839e+03
1.428295661000000109e+03
1.469580486099999689e+03
1.509497438400001556e+03
1.549162247399999615e+03
1.589793977600002108e+03
1.630178706400001829e+03
1.669375394500002585e+03
1.709001636600001802e+03
1.749497324700001627e+03
1.788686194400001114e+03
1.829591383599999972e+03
1.868951407600001403e+03
1.909650582199999917e+03
1.949183075300003111e+03
1.990561073500000930e+03
2.030254586400002154e+03
2.070871406400001433e+03
2.110340975700000854e+03
2.151959458700002870e+03
2.194241564200001449e+03
2.236489021299999877e+03
2.277488358400001744e+03
2.320125785700001870e+03
2.362032367900003010e+03
2.405829672900003061e+03
2.447650012100002641e+03
2.490454064200002904e+03
2.531594565999999759e+03
2.576520081800001208e+03
2.619619682300002751e+03
2.661593917300000612e+03
2.703169697600002110e+03
2.746094801900002494e+03
2.788811412099999870e+03
2.831731649500001367e+03
2.874158120400003099e+03
2.916121788600001310e+03
2.959686181000000943e+03
3.001962125600002764e+03
3.044342339099999663e+03
3.087961788600001455e+03
3.131234875300000567e+03
3.174737411600002815e+03
3.217133832200001052e+03
3.260864036099999794e+03
3.303131297700001596e+03
3.346585630000001402e+03
3.391049311200000375e+03
3.435047387900001922e+03
3.478590104599999904e+03
3.521087174100000993e+03
3.565370213900001545e+03
3.607346199499999784e+03
3.647763251399999717e+03
3.689984000200001901e+03
3.731242166100000759e+03
3.772925046200001816e+03
3.814712274400000751e+03
3.855296148500001436e+03
3.897734180100000231e+03
3.938919020000001183e+03
3.980759953400000086e+03
4.023137778200001776e+03
4.065801461300001392e+03
4.107739073200002167e+03
4.150160504400002537e+03
4.191701944500000536e+03
4.233731028400001378e+03
4.275312172900001315e+03
4.316909615800002939e+03
4.359201255500000116e+03
4.400819110800002818e+03
4.442727867500001594e+03
4.484821607100002439e+03
4.527223626500002865e+03
4.568565770500001236e+03
4.611952565400002641e+03
4.653407965600003081e+03
4.695366005500000028e+03
4.737371100500000466e+03
4.778715697700001328e+03
4.820947451400003047e+03
4.863307824499999697e+03
4.904886834100001579e+03
4.947174807999999757e+03
4.989918412600000011e+03
5.032427446600002440e+03
5.074750609700000496e+03
5.117030231600001571e+03
5.158668598300002486e+03
5.201021444400001201e+03
5.243502770800001599e+03
5.284213748199999827e+03
5.327422800100001041e+03
5.370303266800001438e+03
5.412763938899999630e+03
5.456856184200001735e+03
