4.400727897882461548e-02
3.956642001867294312e-02
3.945217654109001160e-02
4.144359752535820007e-02
4.217915609478950500e-02
4.013200849294662476e-02
4.096522927284240723e-02
4.141756147146224976e-02
4.012103006243705750e-02
3.974908217787742615e-02
4.026026651263237000e-02
4.188501834869384766e-02
4.091094434261322021e-02
4.109074175357818604e-02
4.103618115186691284e-02
3.917023912072181702e-02
4.135841503739356995e-02
4.122633859515190125e-02
4.096947982907295227e-02
4.027729108929634094e-02
4.086774215102195740e-02
4.046112671494483948e-02
4.085874557495117188e-02
4.092125967144966125e-02
4.025869071483612061e-02
4.049921035766601562e-02
4.174419492483139038e-02
4.603831470012664795e-02
4.387698322534561157e-02
4.512609168887138367e-02
4.378588125109672546e-02
4.449946060776710510e-02
4.394859448075294495e-02
4.306653514504432678e-02
4.414812475442886353e-02
4.458092525601387024e-02
4.609928652644157410e-02
4.658943042159080505e-02
4.482899233698844910e-02
4.604448378086090088e-02
4.681896790862083435e-02
4.623705521225929260e-02
4.639027267694473267e-02
4.547955095767974854e-02
4.618877917528152466e-02
4.485321044921875000e-02
4.602729901671409607e-02
4.494946449995040894e-02
4.465628787875175476e-02
4.597157984972000122e-02
4.581984132528305054e-02
4.466255009174346924e-02
4.552260786294937134e-02
4.564134776592254639e-02
4.444398358464241028e-02
4.497830569744110107e-02
4.607659205794334412e-02
4.729223623871803284e-02
4.665846750140190125e-02
4.612559825181961060e-02
4.566456004977226257e-02
4.573821648955345154e-02
4.613754153251647949e-02
4.586137831211090088e-02
4.563948139548301697e-02
4.577673599123954773e-02
4.609869793057441711e-02
4.635290801525115967e-02
4.603812098503112793e-02
4.680846258997917175e-02
4.579536616802215576e-02
4.612563923001289368e-02
4.567200317978858948e-02
4.556958377361297607e-02
4.668622836470603943e-02
4.666285961866378784e-02
4.587243869900703430e-02
4.624716937541961670e-02
4.607556387782096863e-02
4.612089321017265320e-02
4.606842994689941406e-02
4.719216749072074890e-02
