2.171882280000000165e+01
4.010370989999999836e+01
5.825794159999999522e+01
7.581792480000000012e+01
9.435028830000000255e+01
1.122876056000000062e+02
1.300581796000000168e+02
1.484019086000000129e+02
1.663268490000000099e+02
1.836707048000000100e+02
2.021916942000000006e+02
2.202433381000000168e+02
2.380586538000000019e+02
2.564429178999999976e+02
2.751261100999999485e+02
2.926325927999999976e+02
3.108356026999999813e+02
3.288639617999999700e+02
3.464893885999999839e+02
3.653219202999999879e+02
3.838174060999999710e+02
4.017496622999999545e+02
4.204183458999999630e+02
4.383538422999999966e+02
4.562686111999999525e+02
4.746428220999999894e+02
4.926608071999999652e+02
5.104004014999999299e+02
5.295379869999999300e+02
5.480974353999999948e+02
5.660453486999999768e+02
5.850965934999999263e+02
6.034006535999999414e+02
6.214540059999999357e+02
6.400384735999999748e+02
6.584249151999999867e+02
6.762270154999999932e+02
6.944461906000000226e+02
7.124352288999999701e+02
7.297022964000000229e+02
7.479286565999999539e+02
7.659145655999999462e+02
7.831440135999999939e+02
8.012438121000000137e+02
8.191512033000000201e+02
8.363571206999999958e+02
8.544739628999999468e+02
8.724070146999999906e+02
8.896588229999999839e+02
9.079307062000000315e+02
9.257907437999999729e+02
9.431472327999999834e+02
9.615332912999999735e+02
9.794755410999999867e+02
9.968459424000000126e+02
1.015158477100000027e+03
1.032922119900000098e+03
1.050377054000000044e+03
1.068633930800000144e+03
1.086841757700000016e+03
1.104390650800000003e+03
1.123143167300000187e+03
1.141641953400000148e+03
1.160548276700000088e+03
1.179703278200000113e+03
1.198216097100000070e+03
1.215690551200000073e+03
1.234088975000000119e+03
1.252270441900000151e+03
1.270590669800000114e+03
1.290188503500000024e+03
1.308858605500000067e+03
1.326952820200000133e+03
1.345883465399999977e+03
1.364288119199999983e+03
1.383103049400000145e+03
1.402213743500000191e+03
1.420824119999999994e+03
1.438537509500000169e+03
1.457134826900000007e+03
1.475433587299999999e+03
1.493263420700000097e+03
