8.876993656158447266e-01
9.025205969810485840e-01
9.019417762756347656e-01
9.023919701576232910e-01
9.020382761955261230e-01
9.026169776916503906e-01
9.024242758750915527e-01
9.023919701576232910e-01
9.029706120491027832e-01
9.018455147743225098e-01
9.018454551696777344e-01
9.017810821533203125e-01
9.021347165107727051e-01
9.022634029388427734e-01
9.021670222282409668e-01
9.023920893669128418e-01
8.822140097618103027e-01
8.821137547492980957e-01
8.818145394325256348e-01
8.819645643234252930e-01
8.819143176078796387e-01
8.820340633392333984e-01
8.819144368171691895e-01
8.816449642181396484e-01
8.819743990898132324e-01
8.816650509834289551e-01
8.817748427391052246e-01
8.820742964744567871e-01
8.818048238754272461e-01
8.826727867126464844e-01
8.823035955429077148e-01
8.824132084846496582e-01
