2.653493285179138184e-01
2.475341111421585083e-01
2.353543341159820557e-01
2.276274710893630981e-01
2.210871428251266479e-01
2.147962301969528198e-01
2.097315490245819092e-01
2.050846666097640991e-01
2.023456841707229614e-01
1.980831325054168701e-01
1.936067491769790649e-01
1.899871528148651123e-01
1.890726685523986816e-01
1.850869357585906982e-01
1.817781776189804077e-01
1.779160499572753906e-01
1.756378412246704102e-01
1.723207235336303711e-01
1.704649925231933594e-01
1.690003424882888794e-01
1.657506823539733887e-01
1.628984510898590088e-01
1.595430970191955566e-01
1.577036082744598389e-01
1.549006104469299316e-01
1.526267975568771362e-01
1.499057710170745850e-01
1.473004966974258423e-01
1.453277468681335449e-01
1.434839814901351929e-01
1.392524540424346924e-01
1.375252902507781982e-01
1.353806257247924805e-01
1.325877010822296143e-01
1.306633651256561279e-01
1.273347735404968262e-01
1.251870989799499512e-01
1.231439709663391113e-01
1.197404712438583374e-01
1.181998625397682190e-01
1.166092082858085632e-01
1.123042553663253784e-01
1.100750565528869629e-01
1.075822040438652039e-01
1.048496142029762268e-01
1.029684841632843018e-01
1.005683317780494690e-01
9.895673394203186035e-02
9.578338265419006348e-02
9.286700934171676636e-02
9.093123674392700195e-02
8.847975730895996094e-02
8.588915318250656128e-02
8.403802663087844849e-02
8.215437829494476318e-02
7.937516272068023682e-02
7.761214673519134521e-02
7.534098625183105469e-02
7.210557907819747925e-02
7.167658209800720215e-02
6.855884939432144165e-02
6.701781600713729858e-02
6.570741534233093262e-02
6.376890093088150024e-02
6.067591533064842224e-02
5.966154113411903381e-02
5.752450972795486450e-02
5.552218854427337646e-02
5.390207096934318542e-02
5.200728401541709900e-02
5.035690590739250183e-02
4.914738610386848450e-02
4.712121933698654175e-02
4.591326415538787842e-02
4.380671307444572449e-02
4.325917363166809082e-02
4.117691516876220703e-02
4.038827866315841675e-02
3.861961886286735535e-02
3.806777298450469971e-02
3.610826283693313599e-02
3.543248400092124939e-02
3.452006354928016663e-02
3.276217356324195862e-02
3.157038986682891846e-02
3.042157553136348724e-02
3.002584911882877350e-02
2.902863360941410065e-02
2.754205651581287384e-02
2.652824856340885162e-02
2.614008635282516479e-02
2.523260563611984253e-02
2.425685711205005646e-02
2.338185347616672516e-02
2.261098474264144897e-02
2.209359407424926758e-02
2.090904489159584045e-02
2.013840712606906891e-02
1.990619488060474396e-02
1.925087347626686096e-02
2.474546432495117188e-02
2.179522812366485596e-02
1.982490718364715576e-02
1.860291324555873871e-02
1.738517731428146362e-02
1.588400267064571381e-02
1.485158968716859818e-02
1.422386709600687027e-02
1.349090132862329483e-02
1.298393774777650833e-02
1.213814504444599152e-02
1.169801689684391022e-02
1.124695409089326859e-02
1.078213378787040710e-02
1.044388767331838608e-02
9.876907803118228912e-03
9.644280187785625458e-03
9.411410428583621979e-03
9.053531102836132050e-03
8.951654657721519470e-03
8.830181322991847992e-03
8.482744917273521423e-03
8.368101902306079865e-03
8.215215988457202911e-03
8.021912537515163422e-03
8.012900128960609436e-03
7.659378461539745331e-03
7.604981772601604462e-03
7.329959888011217117e-03
7.236917037516832352e-03
7.016766816377639771e-03
6.955381948500871658e-03
6.924087181687355042e-03
6.858549546450376511e-03
6.838061381131410599e-03
6.850378122180700302e-03
6.659132894128561020e-03
6.496010813862085342e-03
6.375033408403396606e-03
6.147515494376420975e-03
6.179322954267263412e-03
6.048107054084539413e-03
5.961467511951923370e-03
5.869471002370119095e-03
5.994216538965702057e-03
5.834694020450115204e-03
5.653220694512128830e-03
5.693213548511266708e-03
5.627185571938753128e-03
5.596508737653493881e-03
5.419245455414056778e-03
5.518395453691482544e-03
5.525637418031692505e-03
5.404341500252485275e-03
5.395612679421901703e-03
5.385614931583404541e-03
5.166862159967422485e-03
5.200485233217477798e-03
5.084406118839979172e-03
5.040816962718963623e-03
5.026855506002902985e-03
4.887230228632688522e-03
5.042540840804576874e-03
4.893267061561346054e-03
4.774705506861209869e-03
4.892855416983366013e-03
4.678702447563409805e-03
4.760580603033304214e-03
4.676987882703542709e-03
4.683694336563348770e-03
4.737346898764371872e-03
4.559368360787630081e-03
4.658033605664968491e-03
4.522733390331268311e-03
4.464940167963504791e-03
4.482798278331756592e-03
4.420488607138395309e-03
4.350375849753618240e-03
4.408820066601037979e-03
4.331424832344055176e-03
4.231843631714582443e-03
4.237760789692401886e-03
4.183240700513124466e-03
4.154413938522338867e-03
4.053473006933927536e-03
4.128006286919116974e-03
4.019062500447034836e-03
4.034022800624370575e-03
3.986949101090431213e-03
3.955065738409757614e-03
3.980003762990236282e-03
4.045288544148206711e-03
