6.739348173141479492e-01
7.724076509475708008e-01
8.285273909568786621e-01
8.715950250625610352e-01
9.022967219352722168e-01
9.240846633911132812e-01
9.380598068237304688e-01
9.490885138511657715e-01
9.555397033691406250e-01
9.603458046913146973e-01
9.653333425521850586e-01
9.694918394088745117e-01
9.737926125526428223e-01
9.774343371391296387e-01
9.792061448097229004e-01
9.808986186981201172e-01
9.818537831306457520e-01
9.820548892021179199e-01
9.835858941078186035e-01
9.874604940414428711e-01
9.872670769691467285e-01
9.878272414207458496e-01
9.882299900054931641e-01
9.880918860435485840e-01
9.879816770553588867e-01
9.886957406997680664e-01
9.890505671501159668e-01
9.886954426765441895e-01
9.887269735336303711e-01
9.887270927429199219e-01
9.887700080871582031e-01
9.889082312583923340e-01
9.891654849052429199e-01
9.892992377281188965e-01
9.890666007995605469e-01
9.646303057670593262e-01
9.665066003799438477e-01
9.666565060615539551e-01
9.674338102340698242e-01
9.678813219070434570e-01
9.681069254875183105e-01
9.682003259658813477e-01
9.690540432929992676e-01
9.694293141365051270e-01
9.698311090469360352e-01
9.703265428543090820e-01
