2.116690129041671753e-01
1.709886044263839722e-01
1.487261354923248291e-01
1.294171363115310669e-01
1.121779531240463257e-01
9.664402902126312256e-02
8.323316276073455811e-02
7.100811600685119629e-02
6.108846515417098999e-02
5.277993157505989075e-02
4.487549886107444763e-02
3.833217918872833252e-02
3.172763809561729431e-02
2.601651661098003387e-02
2.190674655139446259e-02
1.862883195281028748e-02
1.617071032524108887e-02
1.477747596800327301e-02
1.270083058625459671e-02
8.483411744236946106e-03
7.677042856812477112e-03
6.678414531052112579e-03
5.831697955727577209e-03
5.392542108893394470e-03
5.165742244571447372e-03
4.363835323601961136e-03
3.837139811366796494e-03
3.667810466140508652e-03
3.471798030659556389e-03
3.441395703703165054e-03
3.268883097916841507e-03
3.238280769437551498e-03
3.130221040919423103e-03
3.055017208680510521e-03
2.980225486680865288e-03
6.622498854994773865e-03
5.381674505770206451e-03
4.858803935348987579e-03
4.430732689797878265e-03
4.108056891709566116e-03
3.867974737659096718e-03
3.632961073890328407e-03
3.408152610063552856e-03
3.213108517229557037e-03
3.045210149139165878e-03
2.914529293775558472e-03
