1.186844930052757263e-01
1.014786958694458008e-01
9.324909001588821411e-02
8.668826520442962646e-02
7.967043668031692505e-02
7.332532852888107300e-02
6.937097012996673584e-02
6.365281343460083008e-02
5.965783447027206421e-02
5.672908946871757507e-02
5.275624617934226990e-02
5.003901943564414978e-02
4.649041220545768738e-02
4.375628381967544556e-02
4.050735011696815491e-02
3.848026320338249207e-02
3.624218329787254333e-02
3.290150314569473267e-02
3.164828196167945862e-02
2.958885580301284790e-02
2.814165875315666199e-02
2.677632309496402740e-02
2.526584453880786896e-02
2.429178170859813690e-02
2.388440258800983429e-02
2.270264923572540283e-02
2.141339518129825592e-02
2.098379097878932953e-02
2.047146484255790710e-02
2.064045518636703491e-02
1.950624398887157440e-02
1.917029544711112976e-02
1.864350400865077972e-02
1.887435279786586761e-02
1.876658387482166290e-02
1.811026036739349365e-02
1.732280850410461426e-02
1.767753064632415771e-02
1.745286770164966583e-02
1.707538776099681854e-02
1.635055057704448700e-02
1.612332649528980255e-02
1.601719669997692108e-02
1.609542965888977051e-02
1.594298891723155975e-02
1.663296855986118317e-02
2.570433542132377625e-02
2.514881454408168793e-02
2.485792711377143860e-02
2.429852820932865143e-02
2.389790862798690796e-02
2.403484098613262177e-02
2.310092374682426453e-02
2.325306832790374756e-02
2.290461584925651550e-02
2.259135432541370392e-02
2.226495556533336639e-02
2.178373374044895172e-02
2.186403237283229828e-02
2.150578051805496216e-02
2.122310549020767212e-02
2.110869996249675751e-02
2.087251096963882446e-02
2.075618132948875427e-02
2.067698165774345398e-02
2.010528370738029480e-02
2.023395523428916931e-02
1.983042620122432709e-02
1.980437338352203369e-02
1.963201910257339478e-02
1.932463981211185455e-02
1.928642019629478455e-02
1.922108978033065796e-02
1.911168172955513000e-02
1.840605959296226501e-02
1.894376240670681000e-02
1.859139092266559601e-02
1.844093017280101776e-02
1.840583048760890961e-02
1.798577606678009033e-02
1.811689697206020355e-02
1.805056259036064148e-02
1.771314069628715515e-02
1.787468604743480682e-02
1.742719486355781555e-02
1.700247265398502350e-02
1.754541881382465363e-02
1.721794717013835907e-02
1.727153919637203217e-02
1.707601174712181091e-02
1.673131249845027924e-02
1.708143576979637146e-02
1.700557954609394073e-02
1.688225194811820984e-02
1.657537370920181274e-02
1.626068167388439178e-02
1.661729626357555389e-02
1.656009070575237274e-02
1.628933288156986237e-02
1.610120944678783417e-02
1.601652987301349640e-02
1.621896959841251373e-02
1.629768498241901398e-02
1.600051298737525940e-02
1.592092588543891907e-02
1.597627066075801849e-02
1.572479866445064545e-02
1.558123622089624405e-02
1.566323637962341309e-02
1.553676370531320572e-02
1.564657688140869141e-02
1.547352690249681473e-02
1.549401786178350449e-02
1.519147865474224091e-02
1.552668120712041855e-02
1.531543768942356110e-02
1.534903235733509064e-02
1.530373562127351761e-02
1.512229535728693008e-02
1.534279808402061462e-02
1.515629328787326813e-02
1.512604951858520508e-02
1.499963738024234772e-02
1.526507642120122910e-02
