2.824845314025878906e-01
2.649757862091064453e-01
2.532363831996917725e-01
2.475925683975219727e-01
2.436852604150772095e-01
2.408028841018676758e-01
2.422485500574111938e-01
2.347491383552551270e-01
2.302402108907699585e-01
2.251229286193847656e-01
2.258381396532058716e-01
2.211291193962097168e-01
2.206891030073165894e-01
2.174122929573059082e-01
2.190598696470260620e-01
2.117361426353454590e-01
2.163916677236557007e-01
2.089148312807083130e-01
2.085914611816406250e-01
2.050242274999618530e-01
2.051307410001754761e-01
2.040494233369827271e-01
1.989388912916183472e-01
2.002489119768142700e-01
2.012409418821334839e-01
1.991149634122848511e-01
1.955908536911010742e-01
1.941923499107360840e-01
1.905280798673629761e-01
1.907071024179458618e-01
1.916221827268600464e-01
1.875170916318893433e-01
1.886835545301437378e-01
1.834025979042053223e-01
1.881278604269027710e-01
1.845660060644149780e-01
1.846829205751419067e-01
1.825097948312759399e-01
1.838930845260620117e-01
1.766951233148574829e-01
1.844409853219985962e-01
1.765900105237960815e-01
1.796802282333374023e-01
1.767832040786743164e-01
1.767828911542892456e-01
1.696263104677200317e-01
1.779936105012893677e-01
1.728963851928710938e-01
1.726514101028442383e-01
1.669765263795852661e-01
1.700939685106277466e-01
1.718403100967407227e-01
1.686500757932662964e-01
1.721563190221786499e-01
1.666297167539596558e-01
1.684217005968093872e-01
1.741666644811630249e-01
1.701076626777648926e-01
1.676551699638366699e-01
1.663461327552795410e-01
1.628187149763107300e-01
1.651869863271713257e-01
1.618751138448715210e-01
1.602537930011749268e-01
1.592085212469100952e-01
1.569783389568328857e-01
1.527553647756576538e-01
1.523841619491577148e-01
1.519903838634490967e-01
1.494165360927581787e-01
1.473776251077651978e-01
1.465052813291549683e-01
1.499571204185485840e-01
1.447561979293823242e-01
1.459418237209320068e-01
1.429940760135650635e-01
1.417364627122879028e-01
1.426047682762145996e-01
1.423885971307754517e-01
1.353348344564437866e-01
1.366439759731292725e-01
1.384481489658355713e-01
1.354950368404388428e-01
1.371758282184600830e-01
1.341481059789657593e-01
1.317116469144821167e-01
1.312324106693267822e-01
1.295956820249557495e-01
1.319662183523178101e-01
1.303326785564422607e-01
1.283618807792663574e-01
1.285862624645233154e-01
1.256978362798690796e-01
1.224721074104309082e-01
1.273019164800643921e-01
1.216151863336563110e-01
1.234854832291603088e-01
1.211705654859542847e-01
1.211545094847679138e-01
1.217457205057144165e-01
1.203826814889907837e-01
1.207864284515380859e-01
1.162252873182296753e-01
1.147218868136405945e-01
1.154276058077812195e-01
1.143389567732810974e-01
1.130092740058898926e-01
1.163072735071182251e-01
