5.971775203943252563e-02
4.860484227538108826e-02
4.969749972224235535e-02
4.940440505743026733e-02
4.876361042261123657e-02
4.846524074673652649e-02
4.970698803663253784e-02
4.927814751863479614e-02
4.962134361267089844e-02
4.765386879444122314e-02
4.980447888374328613e-02
6.591755151748657227e-02
6.569790095090866089e-02
6.637463718652725220e-02
6.643539667129516602e-02
6.583014875650405884e-02
6.555914133787155151e-02
6.611166149377822876e-02
6.608428806066513062e-02
6.581178307533264160e-02
6.652776896953582764e-02
