7.169050300000000320e+00
1.052193510000000032e+01
1.384404110000000010e+01
1.709376159999999700e+01
2.043503199999999964e+01
2.377161269999999860e+01
2.710127599999999859e+01
3.047576039999999864e+01
3.381579759999999624e+01
3.698527169999999842e+01
4.039549029999999874e+01
5.083219289999999546e+01
6.125637179999999660e+01
7.173205000000000098e+01
8.229048989999999719e+01
9.265054820000000291e+01
1.030039259999999928e+02
1.135304770000000048e+02
1.238174188999999927e+02
1.341577843000000030e+02
1.445774254000000099e+02
