5.002222657203674316e-01
5.193334221839904785e-01
5.287474989891052246e-01
5.523838996887207031e-01
6.083434224128723145e-01
6.675353050231933594e-01
7.133939862251281738e-01
7.466263175010681152e-01
7.737574577331542969e-01
7.958990335464477539e-01
8.157171607017517090e-01
8.303838968276977539e-01
8.480806946754455566e-01
8.609091043472290039e-01
8.700000047683715820e-01
8.841817975044250488e-01
8.922625184059143066e-01
9.027878046035766602e-01
9.090101122856140137e-01
9.181009531021118164e-01
9.241413474082946777e-01
9.289494156837463379e-01
9.343840479850769043e-01
9.389494061470031738e-01
9.443433880805969238e-01
9.471111297607421875e-01
9.508486390113830566e-01
9.544445276260375977e-01
9.570102095603942871e-01
9.574949145317077637e-01
9.625857472419738770e-01
9.648888707160949707e-01
9.666262269020080566e-01
9.672122001647949219e-01
9.695755243301391602e-01
9.714344739913940430e-01
9.719394445419311523e-01
9.749293327331542969e-01
9.745857715606689453e-01
9.746667146682739258e-01
9.776567220687866211e-01
9.769292473793029785e-01
9.795959591865539551e-01
9.795151948928833008e-01
9.798788428306579590e-01
9.818987846374511719e-01
9.176191687583923340e-01
9.292190074920654297e-01
9.372061491012573242e-01
9.428062438964843750e-01
9.488508701324462891e-01
9.531746506690979004e-01
9.564827084541320801e-01
9.583747982978820801e-01
9.619873762130737305e-01
9.640253186225891113e-01
9.663428664207458496e-01
9.681843519210815430e-01
9.703744649887084961e-01
9.722349047660827637e-01
9.734348058700561523e-01
9.746984243392944336e-01
9.759746789932250977e-01
9.766156077384948730e-01
9.779809117317199707e-01
9.788698554039001465e-01
9.797015786170959473e-01
9.806670546531677246e-01
