8.733155131340026855e-01
8.470751047134399414e-01
8.247539997100830078e-01
7.807868719100952148e-01
7.075509428977966309e-01
6.229718327522277832e-01
5.625852942466735840e-01
5.148587822914123535e-01
4.778068065643310547e-01
4.454035758972167969e-01
4.204777479171752930e-01
3.994590640068054199e-01
3.756358325481414795e-01
3.590750098228454590e-01
3.436774015426635742e-01
3.284389972686767578e-01
3.155654072761535645e-01
2.999250888824462891e-01
2.908609807491302490e-01
2.783619761466979980e-01
2.674982547760009766e-01
2.590639293193817139e-01
2.508470416069030762e-01
2.428776025772094727e-01
2.334555685520172119e-01
2.284873276948928833e-01
2.193079888820648193e-01
2.135612368583679199e-01
2.076579630374908447e-01
2.032422721385955811e-01
1.949394941329956055e-01
1.895045787096023560e-01
1.854016184806823730e-01
1.817045062780380249e-01
1.744797527790069580e-01
1.714224070310592651e-01
1.676145642995834351e-01
1.629558503627777100e-01
1.598392575979232788e-01
1.562955826520919800e-01
1.517140567302703857e-01
1.505292207002639771e-01
1.447180360555648804e-01
1.433613002300262451e-01
1.404266208410263062e-01
1.363361626863479614e-01
2.308859825134277344e-01
2.088707834482192993e-01
1.954106539487838745e-01
1.855773925781250000e-01
1.753831952810287476e-01
1.666234582662582397e-01
1.591269224882125854e-01
1.546162068843841553e-01
1.478406488895416260e-01
1.426264941692352295e-01
1.369921714067459106e-01
1.328509896993637085e-01
1.282844692468643188e-01
1.238777935504913330e-01
1.201479509472846985e-01
1.164091676473617554e-01
1.127504855394363403e-01
1.103419885039329529e-01
1.067319959402084351e-01
1.046809777617454529e-01
1.022885516285896301e-01
9.917096793651580811e-02
