4.893939495086669922e-01
6.065656542778015137e-01
6.292929053306579590e-01
6.792929172515869141e-01
6.924242377281188965e-01
7.242424488067626953e-01
7.308080792427062988e-01
7.484848499298095703e-01
7.641414403915405273e-01
7.722222208976745605e-01
7.742424011230468750e-01
7.954545617103576660e-01
8.126262426376342773e-01
8.005050420761108398e-01
8.282828330993652344e-01
8.287878632545471191e-01
8.247475028038024902e-01
8.419191837310791016e-01
8.409090638160705566e-01
8.580808043479919434e-01
8.505050539970397949e-01
8.575757741928100586e-01
8.656565546989440918e-01
8.752525448799133301e-01
8.757575750350952148e-01
8.833333253860473633e-01
8.727272748947143555e-01
8.792929053306579590e-01
8.823232054710388184e-01
8.924242258071899414e-01
9.020202159881591797e-01
8.959596157073974609e-01
9.020202159881591797e-01
8.999999761581420898e-01
9.070706963539123535e-01
9.030302762985229492e-01
9.035353660583496094e-01
9.101009964942932129e-01
9.176767468452453613e-01
9.116161465644836426e-01
9.136363863945007324e-01
9.181818366050720215e-01
9.252524971961975098e-01
9.282828569412231445e-01
9.212121367454528809e-01
9.282828569412231445e-01
9.267676472663879395e-01
9.358586072921752930e-01
9.303030371665954590e-01
9.308080673217773438e-01
9.393939375877380371e-01
9.398989677429199219e-01
9.328283071517944336e-01
9.383838176727294922e-01
9.515151381492614746e-01
9.419192075729370117e-01
9.429292678833007812e-01
9.484848380088806152e-01
9.419192075729370117e-01
9.479798078536987305e-01
9.459595680236816406e-01
9.469696879386901855e-01
9.525252580642700195e-01
9.494949579238891602e-01
9.469696879386901855e-01
9.520202279090881348e-01
9.550505280494689941e-01
9.449495077133178711e-01
9.515151381492614746e-01
9.515151381492614746e-01
9.545454382896423340e-01
9.565656781196594238e-01
9.555555582046508789e-01
9.540404081344604492e-01
9.590908885002136230e-01
9.525252580642700195e-01
9.550505280494689941e-01
9.611111283302307129e-01
9.616161584854125977e-01
9.555555582046508789e-01
9.555555582046508789e-01
9.555555582046508789e-01
9.585858583450317383e-01
9.565656781196594238e-01
9.560605883598327637e-01
9.545454382896423340e-01
9.611111283302307129e-01
9.590908885002136230e-01
9.555555582046508789e-01
9.606060385704040527e-01
9.636363387107849121e-01
9.505050778388977051e-01
9.616161584854125977e-01
9.601010084152221680e-01
9.560605883598327637e-01
9.585858583450317383e-01
9.621211886405944824e-01
9.009431004524230957e-01
9.103994369506835938e-01
9.108672738075256348e-01
9.145488739013671875e-01
9.145888686180114746e-01
9.162972569465637207e-01
9.227092266082763672e-01
9.258828163146972656e-01
9.269602298736572266e-01
9.280776381492614746e-01
9.296166896820068359e-01
9.341263175010681152e-01
9.342586398124694824e-01
9.351543784141540527e-01
9.394516348838806152e-01
9.361917376518249512e-01
9.353082776069641113e-01
9.399625658988952637e-01
9.441182017326354980e-01
9.426159858703613281e-01
9.429853558540344238e-01
9.447984695434570312e-01
9.437087178230285645e-01
9.442874789237976074e-01
9.470362663269042969e-01
9.468485713005065918e-01
9.448168873786926270e-01
9.421265125274658203e-01
