2.883576800000000162e+01
2.896074990000000327e+01
2.908594690000000327e+01
2.921062549999999902e+01
2.933866400000000141e+01
2.946855639999999710e+01
2.959825670000000031e+01
2.972464200000000289e+01
2.985391249999999985e+01
2.998446900000000426e+01
3.011637010000000458e+01
3.024542500000000445e+01
3.037461920000000504e+01
3.050091230000000309e+01
3.063008980000000037e+01
3.076113730000000146e+01
3.089167739999999895e+01
3.102052189999999854e+01
3.114958100000000485e+01
3.128257700000000341e+01
3.141368599999999844e+01
3.154796380000000511e+01
3.167916749999999837e+01
3.180716040000000078e+01
3.193190390000000178e+01
3.206087130000000229e+01
3.219056390000000079e+01
3.231721089999999919e+01
3.244422910000000115e+01
3.256989010000000206e+01
3.269612100000000510e+01
3.282100710000000277e+01
3.294682740000000365e+01
3.307165739999999943e+01
3.319592289999999934e+01
3.332451290000000199e+01
3.345066410000000445e+01
3.372663119999999992e+01
3.385819599999999951e+01
3.398890600000000006e+01
3.412180820000000381e+01
3.425352339999999884e+01
3.438419120000000362e+01
3.451228330000000000e+01
3.464322190000000035e+01
3.477821680000000271e+01
3.491074470000000218e+01
3.504153910000000138e+01
3.517363790000000279e+01
3.530698100000000039e+01
3.543559020000000004e+01
3.556048280000000261e+01
3.568581790000000353e+01
3.581052060000000381e+01
3.593680030000000158e+01
3.606427030000000400e+01
3.619051490000000371e+01
3.633159820000000195e+01
3.646453929999999843e+01
3.660171689999999955e+01
3.673943429999999921e+01
3.687340000000000373e+01
3.700485890000000211e+01
3.713761860000000325e+01
3.726627609999999891e+01
3.739463090000000278e+01
3.751912980000000175e+01
3.764575239999999923e+01
3.777016220000000146e+01
3.789554139999999904e+01
3.802657609999999977e+01
3.815308420000000211e+01
3.828528409999999838e+01
3.843213800000000191e+01
3.855968590000000518e+01
3.868919360000000296e+01
3.881700520000000409e+01
3.894897770000000037e+01
3.908444599999999980e+01
3.921570890000000276e+01
3.935233480000000128e+01
3.948507200000000239e+01
3.962185530000000000e+01
3.975899079999999941e+01
3.989618880000000445e+01
4.021805030000000158e+01
4.036594780000000071e+01
4.050467030000000079e+01
4.064260430000000213e+01
4.077993280000000453e+01
4.092539730000000020e+01
4.106764840000000305e+01
4.121228239999999943e+01
4.135844080000000389e+01
4.149704410000000365e+01
4.163715080000000057e+01
4.178279530000000364e+01
7.476172150000000727e+01
7.512496670000000165e+01
7.548950010000000077e+01
7.584992970000000412e+01
7.621024669999999901e+01
7.657449499999999887e+01
7.694918140000000051e+01
7.731141750000000457e+01
7.767464569999999924e+01
7.803541450000000168e+01
7.839896900000000812e+01
7.876349109999999598e+01
7.912454839999999479e+01
7.949301950000000261e+01
7.985363209999999867e+01
8.022369340000000193e+01
8.059297420000000045e+01
8.096572840000000326e+01
8.133251950000000363e+01
8.170917479999999955e+01
8.207169179999999642e+01
8.243946739999999807e+01
8.279984310000000391e+01
8.316137050000000386e+01
8.352272740000000795e+01
8.388524089999999944e+01
8.425602390000000241e+01
8.464121319999999571e+01
