6.078747287392616272e-02
4.628362506628036499e-02
4.619690403342247009e-02
4.607979953289031982e-02
4.609126597642898560e-02
4.608093202114105225e-02
4.614918306469917297e-02
4.615973681211471558e-02
4.408057406544685364e-02
4.402899742126464844e-02
4.393760487437248230e-02
4.334443435072898865e-02
2.655238471925258636e-02
1.922731660306453705e-02
1.392139401286840439e-02
8.924943394958972931e-03
6.715477444231510162e-03
5.860799923539161682e-03
5.119292065501213074e-03
4.546001553535461426e-03
4.100906662642955780e-03
3.746454138308763504e-03
3.399527398869395256e-03
3.214788390323519707e-03
2.940755570307374001e-03
2.713238587602972984e-03
2.465862547978758812e-03
2.404558239504694939e-03
2.362927189096808434e-03
2.275439677760004997e-03
2.104419982060790062e-03
2.075318247079849243e-03
1.963023794814944267e-03
1.969958655536174774e-03
1.817536191083490849e-03
1.837459509260952473e-03
1.876644906587898731e-03
1.666557393036782742e-03
1.679192646406590939e-03
1.666811876930296421e-03
1.620939816348254681e-03
1.590180094353854656e-03
1.566111342981457710e-03
1.525316620245575905e-03
1.557703479193150997e-03
1.513993367552757263e-03
1.469149021431803703e-03
1.464221975766122341e-03
1.544842263683676720e-03
1.349508063867688179e-03
1.338721136562526226e-03
1.435501966625452042e-03
1.299718045629560947e-03
1.310566207394003868e-03
1.301283831708133221e-03
1.365116564556956291e-03
