1.196726560592651367e-01
1.001028344035148621e-01
8.858701586723327637e-02
7.872304320335388184e-02
7.031057775020599365e-02
6.413479894399642944e-02
5.806269496679306030e-02
5.420156940817832947e-02
5.042354390025138855e-02
4.771338403224945068e-02
4.472004622220993042e-02
4.250751063227653503e-02
4.082527756690979004e-02
3.876672685146331787e-02
3.719986975193023682e-02
3.513335064053535461e-02
3.406679630279541016e-02
3.293100371956825256e-02
3.116121701896190643e-02
2.989363856613636017e-02
2.895502001047134399e-02
2.768970467150211334e-02
2.632214315235614777e-02
2.580489031970500946e-02
2.441043406724929810e-02
2.367085963487625122e-02
2.254937402904033661e-02
2.174180559813976288e-02
2.091130614280700684e-02
2.064617350697517395e-02
1.934524625539779663e-02
1.892694085836410522e-02
1.844480074942111969e-02
1.765958033502101898e-02
1.684355549514293671e-02
1.648789271712303162e-02
1.541479025036096573e-02
1.531200297176837921e-02
1.481758896261453629e-02
1.448998786509037018e-02
1.383528858423233032e-02
1.326597016304731369e-02
1.296453271061182022e-02
1.267821155488491058e-02
1.218736078590154648e-02
1.162471901625394821e-02
1.153957378119230270e-02
1.102191396057605743e-02
1.056540943682193756e-02
1.066849380731582642e-02
1.045398321002721786e-02
1.013008318841457367e-02
9.699650108814239502e-03
9.423124603927135468e-03
9.280932135879993439e-03
9.067351929843425751e-03
8.727991022169589996e-03
8.589613251388072968e-03
8.429387584328651428e-03
8.047980256378650665e-03
8.063632063567638397e-03
7.862633094191551208e-03
7.675803732126951218e-03
7.521065883338451385e-03
7.286514155566692352e-03
7.212853990495204926e-03
7.136711385101079941e-03
7.151200901716947556e-03
7.283546030521392822e-03
6.864225491881370544e-03
6.861767265945672989e-03
6.764101795852184296e-03
6.590426433831453323e-03
6.286491639912128448e-03
6.393770687282085419e-03
6.255362648516893387e-03
6.269821897149085999e-03
6.117196287959814072e-03
6.212591193616390228e-03
5.961223039776086807e-03
5.906526464968919754e-03
5.756079684942960739e-03
5.820674356073141098e-03
5.648885387927293777e-03
5.536910612136125565e-03
5.392877850681543350e-03
5.545725580304861069e-03
5.429847165942192078e-03
5.369828082621097565e-03
5.226142704486846924e-03
5.389453377574682236e-03
5.257199984043836594e-03
5.089777521789073944e-03
5.035715177655220032e-03
5.034987349063158035e-03
4.974685143679380417e-03
5.030383821576833725e-03
5.120966117829084396e-03
1.205884385854005814e-02
1.169129274785518646e-02
1.132112741470336914e-02
1.111968234181404114e-02
1.100347936153411865e-02
1.086660195142030716e-02
1.066352333873510361e-02
1.060737110674381256e-02
1.039094198495149612e-02
1.033122744411230087e-02
1.026137731969356537e-02
1.026568841189146042e-02
1.003065891563892365e-02
9.871629066765308380e-03
9.786356240510940552e-03
9.765123948454856873e-03
9.761775843799114227e-03
9.538292884826660156e-03
9.556326083838939667e-03
9.289341978728771210e-03
9.424468502402305603e-03
9.272393770515918732e-03
9.128007106482982635e-03
9.073373861610889435e-03
8.842705748975276947e-03
8.816388435661792755e-03
8.785473182797431946e-03
8.768409490585327148e-03
8.628600277006626129e-03
8.645902387797832489e-03
8.627341128885746002e-03
8.544092066586017609e-03
8.490289561450481415e-03
8.414845913648605347e-03
8.322786539793014526e-03
8.228901773691177368e-03
8.162066340446472168e-03
8.141333237290382385e-03
8.035093545913696289e-03
8.015702478587627411e-03
7.975840009748935699e-03
7.912043482065200806e-03
7.917935959994792938e-03
7.789586670696735382e-03
7.754681631922721863e-03
7.730479817837476730e-03
7.726057432591915131e-03
7.604690268635749817e-03
7.521399762481451035e-03
7.506335619837045670e-03
7.439123000949621201e-03
7.461434695869684219e-03
7.495921105146408081e-03
7.493874058127403259e-03
