2.404903918504714966e-01
2.010900676250457764e-01
1.817832887172698975e-01
1.703765541315078735e-01
1.599681824445724487e-01
1.487534344196319580e-01
1.402041763067245483e-01
1.316098421812057495e-01
1.239578723907470703e-01
1.155642867088317871e-01
1.105926409363746643e-01
1.038190498948097229e-01
9.858874231576919556e-02
9.464769065380096436e-02
8.914789557456970215e-02
8.637040853500366211e-02
8.140120655298233032e-02
7.976659387350082397e-02
7.680177688598632812e-02
7.447852194309234619e-02
7.073507457971572876e-02
6.893444061279296875e-02
6.755556166172027588e-02
6.498702615499496460e-02
6.365744769573211670e-02
6.200632080435752869e-02
6.022500246763229370e-02
5.922368541359901428e-02
5.752568691968917847e-02
5.578685924410820007e-02
5.462036654353141785e-02
5.180788040161132812e-02
4.977334663271903992e-02
4.899904131889343262e-02
4.646882414817810059e-02
4.520587250590324402e-02
4.323696345090866089e-02
4.245026037096977234e-02
4.060350731015205383e-02
3.976703435182571411e-02
3.932971507310867310e-02
3.875120356678962708e-02
3.744683787226676941e-02
3.698500990867614746e-02
3.574397042393684387e-02
3.494315221905708313e-02
3.389860317111015320e-02
3.358478844165802002e-02
3.257443383336067200e-02
3.246087580919265747e-02
3.242497891187667847e-02
3.181839361786842346e-02
3.100571222603321075e-02
3.071708418428897858e-02
3.031276538968086243e-02
3.009824268519878387e-02
2.962842956185340881e-02
2.930621802806854248e-02
2.902044914662837982e-02
2.884978987276554108e-02
2.840849012136459351e-02
2.853625454008579254e-02
2.832164987921714783e-02
2.787198312580585480e-02
2.750632911920547485e-02
2.741338498890399933e-02
2.691344171762466431e-02
2.655246108770370483e-02
2.585118077695369720e-02
2.068945206701755524e-02
2.031913958489894867e-02
1.941597461700439453e-02
1.934953406453132629e-02
1.857932098209857941e-02
1.871225610375404358e-02
1.845964789390563965e-02
1.787508465349674225e-02
1.803629472851753235e-02
1.736027374863624573e-02
1.737933978438377380e-02
1.697719469666481018e-02
1.683140173554420471e-02
1.705390401184558868e-02
1.633985340595245361e-02
1.647844724357128143e-02
1.460255589336156845e-02
8.743063546717166901e-03
7.767325267195701599e-03
7.347094360738992691e-03
6.630621384829282761e-03
6.504569668322801590e-03
6.190901622176170349e-03
6.102726794779300690e-03
5.865802522748708725e-03
5.551476497203111649e-03
5.457009188830852509e-03
5.336780101060867310e-03
5.246638786047697067e-03
5.124916322529315948e-03
4.907627124339342117e-03
1.155442558228969574e-02
9.362346492707729340e-03
8.372040465474128723e-03
7.685887627303600311e-03
7.236218079924583435e-03
6.839005742222070694e-03
6.468619219958782196e-03
6.179202347993850708e-03
5.946058779954910278e-03
5.734255537390708923e-03
5.545345135033130646e-03
5.296076182276010513e-03
5.089815706014633179e-03
4.904665518552064896e-03
4.800984635949134827e-03
4.581639543175697327e-03
4.441150929778814316e-03
4.305633250623941422e-03
4.259815439581871033e-03
4.089350812137126923e-03
4.027436953037977219e-03
3.851915476843714714e-03
3.766720416024327278e-03
3.685540053993463516e-03
3.612949978560209274e-03
3.468984039500355721e-03
3.390758996829390526e-03
3.313152119517326355e-03
3.344315569847822189e-03
3.203092375770211220e-03
3.128535812720656395e-03
3.034608904272317886e-03
2.935265423730015755e-03
