1.581697999999596504e+01
2.879269740000017919e+01
4.173824600000079954e+01
5.473668870000255993e+01
6.809725420000177110e+01
8.101379689999885159e+01
9.354296559999784222e+01
1.059464047000001301e+02
1.182912587999962852e+02
1.312742393000007723e+02
1.437445724999997765e+02
1.561208088999992469e+02
1.685574472000007518e+02
1.810754558999979054e+02
1.935595630999960122e+02
2.059221916999958921e+02
2.183010298000008333e+02
2.308122418999992078e+02
2.431316098000024795e+02
2.555039637000008952e+02
2.677740706999975373e+02
2.802291140000015730e+02
2.927634228000024450e+02
3.057550682000000961e+02
3.180360752999986289e+02
3.304568025999979000e+02
3.433932555999999749e+02
3.571356149999992340e+02
3.696560214999990421e+02
3.828988764999958221e+02
3.951809754999994766e+02
4.075449787999968976e+02
4.199015497000000323e+02
4.322425449000002118e+02
4.445589844999994966e+02
4.570498816999970586e+02
4.694514355999999680e+02
4.818978809999971418e+02
4.942436935000005178e+02
5.065709907999989809e+02
5.188295626999970409e+02
5.311640589000016917e+02
5.438483653000002960e+02
5.560832384000023012e+02
5.685336749999987660e+02
5.807824218999958248e+02
5.930534630999973160e+02
6.052926289999959408e+02
6.175854209999961313e+02
6.298025973999974667e+02
6.420178509999968810e+02
6.546784499999994296e+02
6.684035091999976430e+02
6.806591141999961110e+02
6.928560604000012972e+02
7.051289599000010639e+02
7.175111317999981111e+02
7.297621930999957840e+02
7.421222694999960368e+02
7.543543532999974559e+02
7.665658379000014975e+02
7.791138865999964764e+02
7.918373448999991524e+02
8.042203203999961261e+02
8.166287000000011176e+02
8.289039494000026025e+02
8.413001980999979423e+02
8.536122459999969578e+02
8.658849907999974675e+02
8.781314450999998371e+02
8.903661740999959875e+02
9.027217629000006127e+02
9.149176196999978856e+02
9.271862340000006952e+02
9.393069038999965414e+02
9.516730217000003904e+02
9.638377336999983527e+02
9.761479491999998572e+02
9.884202409999998054e+02
1.000562218300001405e+03
1.012815245500001765e+03
1.025096440599998459e+03
1.037242716399996425e+03
1.049893951400001242e+03
1.062064725800002634e+03
1.074122667800002091e+03
1.086310272399998212e+03
1.098659060600002704e+03
1.110760493699999643e+03
1.122896698700002162e+03
1.135382844899999327e+03
1.147592046799996751e+03
1.159718836200001533e+03
1.171897069400001783e+03
1.184045260300001246e+03
1.196113325999998779e+03
1.208251796500000637e+03
1.220364276399996015e+03
1.232464433699999063e+03
1.244515244399997755e+03
1.283390560499996354e+03
1.322719369400001597e+03
1.361457540499999595e+03
1.400650753199995961e+03
1.439442615899999510e+03
1.478510829300001205e+03
1.517359814700001152e+03
1.556562348499996006e+03
1.595265573799995764e+03
1.634272676399996271e+03
1.672962130300002173e+03
1.711634970999999496e+03
1.750999648899996828e+03
1.791773788300000888e+03
1.830914484299995820e+03
1.869781850400002440e+03
1.912671397999998590e+03
1.951892535999999382e+03
1.991002793599996949e+03
2.029742396699999517e+03
2.068365421000002243e+03
2.107748036999997566e+03
2.146921756899995671e+03
2.185749804599996423e+03
2.224705103100000997e+03
2.263579058800001803e+03
2.302357674799997767e+03
2.341218400999998266e+03
2.379775897699997586e+03
2.418441291499999352e+03
2.456851385399997525e+03
2.495763461700000335e+03
2.534479851899995992e+03
