5.368056297302246094e-01
5.373263359069824219e-01
5.456249713897705078e-01
5.482986569404602051e-01
5.515624880790710449e-01
5.575001239776611328e-01
5.575000047683715820e-01
5.596180558204650879e-01
5.605902075767517090e-01
5.614930987358093262e-01
5.630555748939514160e-01
5.684374570846557617e-01
5.677431225776672363e-01
5.626040697097778320e-01
5.641666650772094727e-01
5.650348067283630371e-01
5.683680176734924316e-01
5.649653077125549316e-01
5.706250667572021484e-01
5.693749785423278809e-01
5.743749737739562988e-01
5.725347995758056641e-01
5.726389288902282715e-01
5.762847065925598145e-01
5.797569155693054199e-01
5.704167485237121582e-01
5.728124380111694336e-01
5.763541460037231445e-01
5.779166221618652344e-01
5.738193988800048828e-01
5.713889002799987793e-01
5.654513239860534668e-01
5.730555653572082520e-01
5.697222352027893066e-01
5.695138573646545410e-01
5.737847089767456055e-01
5.770833492279052734e-01
5.724999308586120605e-01
5.739930868148803711e-01
5.694791674613952637e-01
5.663889050483703613e-01
5.679513812065124512e-01
5.901389122009277344e-01
6.002083420753479004e-01
6.044790744781494141e-01
6.030208468437194824e-01
6.105556488037109375e-01
6.185069084167480469e-01
6.093056201934814453e-01
6.121875643730163574e-01
6.125347018241882324e-01
6.103125214576721191e-01
6.132985949516296387e-01
6.157985329627990723e-01
6.188194751739501953e-01
6.157985925674438477e-01
6.111806035041809082e-01
6.191666722297668457e-01
6.196181774139404297e-01
6.157292127609252930e-01
6.255555152893066406e-01
6.216665506362915039e-01
6.235069632530212402e-01
6.220832467079162598e-01
6.199653148651123047e-01
6.283680200576782227e-01
6.367360353469848633e-01
6.483680605888366699e-01
6.509374976158142090e-01
6.472569108009338379e-01
6.511458754539489746e-01
6.526737213134765625e-01
6.546527147293090820e-01
6.565973162651062012e-01
6.512499451637268066e-01
6.373264193534851074e-01
6.577777266502380371e-01
6.611112356185913086e-01
6.618401408195495605e-01
6.732637882232666016e-01
6.665278673171997070e-01
6.674306392669677734e-01
6.690971851348876953e-01
6.726388335227966309e-01
6.715970635414123535e-01
6.745485663414001465e-01
6.782292127609252930e-01
6.755556464195251465e-01
6.839582920074462891e-01
6.782985925674438477e-01
6.806249022483825684e-01
6.787499785423278809e-01
6.819443702697753906e-01
6.828819513320922852e-01
6.769790649414062500e-01
6.813194155693054199e-01
6.798957586288452148e-01
6.862153410911560059e-01
6.859028339385986328e-01
6.797916293144226074e-01
6.774653792381286621e-01
6.793055534362792969e-01
6.815972924232482910e-01
6.831945776939392090e-01
6.812152862548828125e-01
6.793055534362792969e-01
7.013890147209167480e-01
7.083680033683776855e-01
7.148957252502441406e-01
7.148612141609191895e-01
7.209722399711608887e-01
7.134721875190734863e-01
7.198612093925476074e-01
7.106249928474426270e-01
7.190278768539428711e-01
7.178471088409423828e-01
7.190276980400085449e-01
7.138195633888244629e-01
7.149652242660522461e-01
7.132637500762939453e-01
7.135416269302368164e-01
7.170139551162719727e-01
7.100346088409423828e-01
7.161806225776672363e-01
7.223264575004577637e-01
7.126041650772094727e-01
7.170140147209167480e-01
7.175693511962890625e-01
7.229860424995422363e-01
7.191666960716247559e-01
7.251042723655700684e-01
7.207985520362854004e-01
7.206249833106994629e-01
7.185764312744140625e-01
7.157638072967529297e-01
7.265971302986145020e-01
7.190625071525573730e-01
7.222222089767456055e-01
7.206251621246337891e-01
7.209374904632568359e-01
7.220832705497741699e-01
7.198958396911621094e-01
7.239236235618591309e-01
7.205209136009216309e-01
7.181597948074340820e-01
7.216320037841796875e-01
7.167707681655883789e-01
7.190276384353637695e-01
