8.739424943923950195e-01
8.741160035133361816e-01
8.747949004173278809e-01
8.757259845733642578e-01
8.747473359107971191e-01
8.747159838676452637e-01
8.759313225746154785e-01
8.755209445953369141e-01
8.759313225746154785e-01
9.044822454452514648e-01
9.368685483932495117e-01
9.403251409530639648e-01
9.430239796638488770e-01
9.476169347763061523e-01
9.518306255340576172e-01
9.575283527374267578e-01
9.601167440414428711e-01
9.623578190803527832e-01
9.632102251052856445e-01
9.650569558143615723e-01
9.657039046287536621e-01
9.646463990211486816e-01
9.642202854156494141e-01
9.655146002769470215e-01
9.642519950866699219e-01
9.660353064537048340e-01
9.655460715293884277e-01
9.638888835906982422e-01
9.285663962364196777e-01
9.351539015769958496e-01
9.377481341361999512e-01
9.397670030593872070e-01
9.418001770973205566e-01
9.434673190116882324e-01
9.446431398391723633e-01
9.444992542266845703e-01
9.449900388717651367e-01
9.459226131439208984e-01
9.463196396827697754e-01
9.476789236068725586e-01
9.465378522872924805e-01
9.474005103111267090e-01
9.475049972534179688e-01
9.484527707099914551e-01
9.486658573150634766e-01
9.482737779617309570e-01
9.489089250564575195e-01
9.500642418861389160e-01
9.488045573234558105e-01
9.502031803131103516e-01
9.500544667243957520e-01
9.497867226600646973e-01
9.496674537658691406e-01
9.505258798599243164e-01
9.515032172203063965e-01
9.506150484085083008e-01
9.504562616348266602e-01
9.497520923614501953e-01
9.503620862960815430e-01
9.507640600204467773e-01
9.524994492530822754e-01
9.516368508338928223e-01
9.518203139305114746e-01
9.512156248092651367e-01
9.511162638664245605e-01
9.518005251884460449e-01
9.522964954376220703e-01
9.514428973197937012e-01
9.513643980026245117e-01
9.519794583320617676e-01
9.529812932014465332e-01
9.528429508209228516e-01
9.526433348655700684e-01
9.527721405029296875e-01
9.528273344039916992e-01
9.526441097259521484e-01
9.534471631050109863e-01
9.527578949928283691e-01
