2.909515462815761566e-01
2.785037718713283539e-01
2.696264721453189850e-01
2.632788196206092834e-01
2.580747492611408234e-01
2.545416168868541718e-01
2.507103495299816132e-01
2.482283525168895721e-01
2.455614358186721802e-01
2.428320273756980896e-01
2.407096866518259048e-01
2.391135599464178085e-01
2.372560668736696243e-01
2.351052761077880859e-01
2.335315663367509842e-01
2.317444849759340286e-01
2.301543094217777252e-01
2.285641990602016449e-01
2.268825955688953400e-01
2.252164669334888458e-01
2.237205188721418381e-01
2.221475057303905487e-01
2.205580342561006546e-01
2.192422095686197281e-01
2.177122030407190323e-01
2.159628346562385559e-01
2.144619897007942200e-01
2.133047413080930710e-01
2.114143967628479004e-01
2.117519676685333252e-01
2.099335771054029465e-01
2.077964227646589279e-01
2.066068984568119049e-01
2.045912854373455048e-01
2.027997355908155441e-01
2.013928759843111038e-01
1.993076633661985397e-01
1.977875065058469772e-01
1.954938359558582306e-01
1.938761696219444275e-01
1.921750344336032867e-01
1.901218052953481674e-01
1.886988431215286255e-01
1.865643691271543503e-01
1.842581611126661301e-01
1.821646839380264282e-01
1.807669829577207565e-01
1.786425504833459854e-01
1.763625461608171463e-01
1.745546571910381317e-01
1.730690933763980865e-01
1.707826182246208191e-01
1.684956047683954239e-01
1.663677729666233063e-01
1.645088866353034973e-01
1.627596262842416763e-01
1.605166848748922348e-01
1.583630759268999100e-01
1.560319680720567703e-01
1.546234153211116791e-01
1.521442513912916183e-01
1.502138432115316391e-01
1.484618932008743286e-01
1.462426967918872833e-01
1.439984533935785294e-01
1.425582896918058395e-01
1.395556777715682983e-01
1.380139961838722229e-01
1.363142691552639008e-01
1.337604634463787079e-01
1.325205583125352859e-01
1.297836061567068100e-01
1.283867452293634415e-01
1.265311483293771744e-01
1.244135666638612747e-01
1.230412553995847702e-01
1.207079086452722549e-01
1.200208710506558418e-01
1.184411505237221718e-01
1.165641322731971741e-01
1.145430905744433403e-01
1.122696921229362488e-01
1.107646366581320763e-01
1.085368273779749870e-01
1.076332191005349159e-01
1.061083693057298660e-01
1.044309381395578384e-01
1.029150774702429771e-01
1.017758278176188469e-01
1.002899780869483948e-01
9.915312472730875015e-02
9.738220274448394775e-02
9.598225448280572891e-02
9.555345773696899414e-02
9.403050784021615982e-02
9.268679935485124588e-02
9.181852824985980988e-02
9.039586130529642105e-02
8.938999008387327194e-02
8.833939768373966217e-02
9.788769323237334063e-02
8.882997260440754494e-02
8.196789526109453383e-02
7.765204336824296782e-02
7.228356562083280978e-02
6.905370677196526197e-02
6.572671366643302593e-02
6.371622164792652143e-02
6.172184811174115382e-02
5.930036301665668474e-02
5.787712208266499597e-02
5.619709618106673299e-02
5.538980884453918035e-02
5.500089801565001546e-02
5.345131791656530101e-02
5.308125351991834634e-02
5.237758159637451172e-02
5.115631529236141367e-02
5.083767565179474895e-02
5.015560003775584863e-02
4.963996860234043407e-02
4.903601972928529895e-02
4.830034407256524748e-02
4.794456913501401324e-02
4.896448703506325190e-02
4.686921900963481741e-02
4.671045378605021697e-02
4.641993433425697924e-02
4.595084148871747542e-02
4.506847031320197761e-02
4.511943577399736560e-02
4.455409524372861557e-02
4.465368889932391089e-02
4.441207595452477397e-02
4.388097980165783091e-02
4.309946840888337349e-02
4.319194586405271374e-02
4.284393952428540431e-02
4.366541672733765395e-02
4.342329530399056947e-02
4.246567996053755845e-02
4.179010280891309881e-02
4.141674101164069532e-02
4.122415543357028228e-02
4.215634628375874299e-02
4.131236507356920995e-02
4.176879329960557496e-02
4.117904938285863597e-02
4.006451127838484699e-02
3.926185136543044324e-02
3.934433778064160697e-02
4.072103215546547805e-02
3.904045099699044591e-02
3.854198536918133217e-02
3.901729435671733720e-02
3.830903495037103063e-02
3.826652846853189488e-02
3.857028427757794309e-02
3.771392812457265847e-02
3.761858137065096641e-02
3.670417159041271943e-02
3.650291040068185527e-02
3.654636027692239469e-02
3.590086194439024575e-02
3.562540737794169660e-02
3.461055467023125415e-02
3.480370180044747852e-02
3.402911626462695044e-02
3.342533776465850259e-02
3.286969399999214309e-02
3.279780271121218033e-02
3.220922150943852924e-02
3.210586880015421640e-02
3.165945271619512863e-02
3.141392427909223128e-02
3.096071760394150663e-02
3.017996173776403210e-02
3.012560126430626276e-02
2.918259884360470402e-02
2.805223290018642873e-02
2.726561323845688375e-02
2.667020695118964627e-02
2.637679825383651075e-02
2.585116219765777948e-02
2.560702973057197782e-02
2.525738494682915752e-02
2.493400713782521760e-02
2.492887731877308985e-02
2.456585812983633557e-02
2.454993329187737244e-02
2.431966817077202067e-02
2.418242637775366854e-02
2.408955684756930796e-02
2.375160355733919870e-02
2.371889206616184520e-02
2.364361300310002106e-02
2.343984919635555553e-02
2.348146090118945553e-02
2.325098091571391537e-02
2.310659111583534750e-02
3.742213362680394534e-02
3.629743866279419584e-02
3.554210583739408208e-02
3.477535109356402754e-02
3.403876638503035290e-02
3.342193529064703406e-02
3.286478860547310116e-02
3.238941426174526267e-02
3.181246685251785944e-02
3.153076635169390490e-02
3.099871467298126460e-02
3.069070185333984402e-02
3.032982037239750905e-02
2.993055805563926697e-02
2.958483612216309191e-02
2.917424396613465393e-02
2.896632180372544704e-02
2.862476355792408986e-02
2.840671109972079181e-02
2.816765376711418550e-02
2.799178826627810382e-02
2.770445495500858599e-02
2.744207569289932105e-02
2.726491627113595065e-02
2.703609124416036028e-02
2.690456256709485364e-02
2.663565849676097219e-02
2.650868794563505937e-02
2.638100412147699469e-02
2.614312121922469229e-02
2.601318239726633716e-02
2.587792870432522804e-02
2.576255114340869970e-02
2.550733392341250974e-02
2.546370007152605822e-02
2.525029192862150718e-02
2.506375958041920718e-02
2.489478131464612290e-02
2.491157964338474792e-02
2.475352788045590696e-02
2.464835239063200428e-02
2.451286644676552856e-02
2.441080653796428787e-02
2.433839071247019883e-02
2.426510899024115001e-02
2.407587047590845075e-02
2.401201911682252638e-02
2.383483167305506384e-02
2.382608629337771081e-02
2.379847101483006933e-02
2.365677503604805484e-02
2.359129353657941214e-02
2.343823518912765969e-02
2.335848474727590315e-02
2.323165972945220176e-02
2.326968772607833358e-02
2.311682371803410255e-02
2.305233305316713513e-02
2.304768180183064744e-02
2.294991576004752967e-02
2.289118450375112607e-02
2.279251693485520938e-02
2.270249623812145220e-02
2.260198548751751052e-02
2.259530391866550539e-02
2.249619440204750354e-02
2.242411225416713130e-02
2.241867419133309128e-02
2.237483502998536405e-02
2.226789890141886788e-02
2.220223415951702584e-02
2.220744424556170965e-02
2.204581925347035704e-02
2.203597628183896068e-02
2.181942866940195236e-02
2.198024569542368634e-02
2.184315641885743384e-02
2.183962489853906452e-02
2.176696716586529190e-02
2.180637184592241692e-02
2.166635919753359327e-02
2.160575066248905315e-02
2.163313428355075757e-02
2.153024437938496141e-02
2.152418588763222937e-02
2.143059319663882106e-02
2.134011989085494304e-02
2.134865276433156947e-02
2.131253426369711726e-02
2.124843995462465107e-02
2.122430503025348955e-02
2.114898916574033810e-02
2.109817745812360770e-02
2.112229427058613315e-02
2.104496758973181322e-02
2.104312497402093668e-02
2.087744931530886514e-02
2.096072321630753493e-02
2.086005905646535694e-02
2.082731997728018425e-02
3.318146114679033226e-02
3.264560571790699195e-02
3.233401496984764784e-02
3.211652175947852378e-02
3.184393778901353084e-02
3.169417083640740929e-02
3.143313766199831022e-02
3.122085898430185941e-02
3.109231224420850800e-02
3.087294908579395897e-02
3.071863262013376297e-02
3.062066766770099244e-02
3.047668515797932048e-02
3.033722534715879368e-02
3.021259881150064469e-02
3.013422496817222754e-02
2.996609616703267698e-02
2.986718411972128992e-02
2.978104547803380256e-02
2.967576308412086389e-02
2.959102573581729595e-02
2.950554899806290265e-02
2.939841772097517847e-02
2.933274282430732224e-02
2.921736278251422375e-02
2.916041610634310249e-02
2.910294606396879660e-02
2.899551965423784530e-02
2.894742091141128473e-02
2.885685253262499153e-02
2.877547890416317505e-02
2.873741830801614106e-02
2.863173999303481390e-02
2.859746359829985068e-02
2.853711066267268157e-02
2.845375367625376656e-02
2.842513313487697937e-02
2.838655371626190235e-02
2.831350867690175799e-02
2.826948093729880068e-02
2.816389882927314986e-02
2.815255692922856781e-02
2.805956371760934612e-02
2.804046966736649035e-02
2.799699359992730355e-02
2.792797249280257188e-02
2.790478513573813393e-02
2.788976407432593521e-02
2.778031052244092636e-02
2.775344438720761184e-02
2.769903712549744157e-02
2.767741613719811380e-02
2.761726054892209292e-02
2.755444026361842519e-02
2.752080639818415761e-02
2.746929732189389017e-02
2.746719585089491336e-02
2.743441166913763302e-02
2.739671690807844728e-02
2.732815921704772472e-02
2.734745570812719198e-02
2.726983055055995017e-02
2.724403664508754513e-02
2.720167778023797542e-02
2.718944841923619585e-02
2.711698442952557159e-02
2.707248019367466951e-02
2.707539023548479265e-02
2.701734605990545324e-02
2.701933585286889900e-02
2.700455874267092618e-02
2.695225987165718665e-02
2.696383398363234526e-02
2.688217819598413827e-02
2.684485072603789643e-02
2.687855646563313411e-02
2.684367834087792934e-02
2.679336010184044103e-02
2.682291418170849873e-02
2.674235742496228196e-02
2.672484070205767559e-02
2.674628589191700712e-02
2.667367553915483622e-02
2.667653513990974820e-02
2.666374377599243020e-02
