7.323864102363586426e-01
7.606054544448852539e-01
7.833333611488342285e-01
7.972542643547058105e-01
8.142364025115966797e-01
8.290410637855529785e-01
8.428034782409667969e-01
8.553347587585449219e-01
8.669505715370178223e-01
8.766731023788452148e-01
8.844695091247558594e-01
8.893305659294128418e-01
8.932130932807922363e-01
8.965275883674621582e-01
8.977267146110534668e-01
8.995890617370605469e-01
8.999677896499633789e-01
9.041028022766113281e-01
9.041342139244079590e-01
9.060600996017456055e-01
9.048609137535095215e-01
9.076698422431945801e-01
9.056810736656188965e-01
9.077008962631225586e-01
9.093114137649536133e-01
9.086169600486755371e-01
9.107633829116821289e-01
9.093425273895263672e-01
9.104154706001281738e-01
9.108890891075134277e-01
9.109212160110473633e-01
9.119000434875488281e-01
9.123414754867553711e-01
9.133198857307434082e-01
9.124996662139892578e-01
9.123412966728210449e-01
9.132249951362609863e-01
9.138566851615905762e-01
9.172022938728332520e-01
9.167916774749755859e-01
9.146453738212585449e-01
9.161610603332519531e-01
9.141721129417419434e-01
9.152452349662780762e-01
9.172655344009399414e-01
9.166023731231689453e-01
9.170128703117370605e-01
9.157815575599670410e-01
9.154344797134399414e-01
9.181492924690246582e-01
9.170443415641784668e-01
9.171710610389709473e-01
9.177709817886352539e-01
9.157189726829528809e-01
9.188436865806579590e-01
9.165707230567932129e-01
8.762196302413940430e-01
8.757732510566711426e-01
8.768559098243713379e-01
8.774895071983337402e-01
8.777272105216979980e-01
8.786802291870117188e-01
8.788088560104370117e-01
8.762595653533935547e-01
8.787303566932678223e-01
8.785012960433959961e-01
8.799304366111755371e-01
8.787391781806945801e-01
8.793059587478637695e-01
8.801284432411193848e-01
8.817960023880004883e-01
8.816869258880615234e-01
8.817663788795471191e-01
8.824896216392517090e-01
8.824702501296997070e-01
8.798421621322631836e-01
8.810509443283081055e-01
8.814780712127685547e-01
8.808246850967407227e-01
8.811613321304321289e-01
8.817366361618041992e-01
8.826087117195129395e-01
8.820734620094299316e-01
8.824198842048645020e-01
8.834623694419860840e-01
8.823613524436950684e-01
8.834914565086364746e-01
8.818061947822570801e-01
8.829672932624816895e-01
8.823401927947998047e-01
