7.597639411687850952e-02
7.475652545690536499e-02
7.486543804407119751e-02
7.481214404106140137e-02
7.481778413057327271e-02
7.487168163061141968e-02
7.469411194324493408e-02
7.482443749904632568e-02
7.492445409297943115e-02
7.474663108587265015e-02
7.482827454805374146e-02
7.492204010486602783e-02
8.005712926387786865e-02
8.003920316696166992e-02
7.995898276567459106e-02
8.008474856615066528e-02
8.005416393280029297e-02
8.013115078210830688e-02
8.005861192941665649e-02
8.003647625446319580e-02
8.008281886577606201e-02
