8.689394593238830566e-01
8.808082342147827148e-01
8.709595203399658203e-01
8.719697594642639160e-01
8.739898204803466797e-01
8.733586668968200684e-01
8.744948506355285645e-01
8.766415119171142578e-01
8.736110925674438477e-01
8.753786087036132812e-01
8.753788471221923828e-01
8.719696998596191406e-01
8.762627243995666504e-01
8.739898204803466797e-01
8.746212124824523926e-01
8.731060624122619629e-01
8.536503314971923828e-01
8.528572916984558105e-01
8.564289212226867676e-01
8.521828055381774902e-01
8.539677858352661133e-01
8.528571724891662598e-01
8.549207448959350586e-01
8.526189327239990234e-01
8.514679670333862305e-01
8.529763221740722656e-01
8.536904454231262207e-01
8.513887524604797363e-01
8.551586270332336426e-01
8.538888096809387207e-01
