5.360071361064910889e-02
4.721635952591896057e-02
4.629371687769889832e-02
4.633092507719993591e-02
4.595085978507995605e-02
4.599205777049064636e-02
4.591006413102149963e-02
4.605902731418609619e-02
4.601950570940971375e-02
4.580577090382575989e-02
4.561476409435272217e-02
4.564162716269493103e-02
4.573984071612358093e-02
4.564877599477767944e-02
4.559801891446113586e-02
4.567911103367805481e-02
4.205773770809173584e-02
4.219593852758407593e-02
4.225882515311241150e-02
4.182703420519828796e-02
4.201030731201171875e-02
4.203969240188598633e-02
4.217803850769996643e-02
4.186178371310234070e-02
4.172912985086441040e-02
4.197381809353828430e-02
4.203425347805023193e-02
4.185925796627998352e-02
4.191894084215164185e-02
4.198004677891731262e-02
