6.241319179534912109e-01
6.623263955116271973e-01
6.785300374031066895e-01
7.233796119689941406e-01
6.779513359069824219e-01
7.065971493721008301e-01
7.317708134651184082e-01
7.349537014961242676e-01
7.479745745658874512e-01
7.554976940155029297e-01
7.552083134651184082e-01
7.462384104728698730e-01
7.786458134651184082e-01
7.612847685813903809e-01
7.942708134651184082e-01
8.156828880310058594e-01
7.910879254341125488e-01
7.928240299224853516e-01
8.310185074806213379e-01
8.446180820465087891e-01
8.182870745658874512e-01
8.370948433876037598e-01
8.460648059844970703e-01
8.561921119689941406e-01
8.576388359069824219e-01
8.689236044883728027e-01
8.897569179534912109e-01
8.637152314186096191e-01
8.732638955116271973e-01
8.816550374031066895e-01
8.909143805503845215e-01
8.975694179534912109e-01
9.198495745658874512e-01
9.076967239379882812e-01
8.888888359069824219e-01
8.929398059844970703e-01
9.091435074806213379e-01
9.360532164573669434e-01
9.195601940155029297e-01
9.160879254341125488e-01
9.013310074806213379e-01
9.204282164573669434e-01
9.074073433876037598e-01
9.247685074806213379e-01
9.244791865348815918e-01
9.262152314186096191e-01
9.273726940155029297e-01
9.111689925193786621e-01
9.328703880310058594e-01
9.317129254341125488e-01
9.279513955116271973e-01
9.299768805503845215e-01
9.285300374031066895e-01
9.244791865348815918e-01
9.363425374031066895e-01
9.496527314186096191e-01
9.357638955116271973e-01
9.337384104728698730e-01
9.354745745658874512e-01
9.325810074806213379e-01
9.163773059844970703e-01
9.152198433876037598e-01
9.525462985038757324e-01
9.152198433876037598e-01
9.363425374031066895e-01
9.317129254341125488e-01
9.192708134651184082e-01
9.357638955116271973e-01
9.322916865348815918e-01
9.230323433876037598e-01
9.346064925193786621e-01
9.522569179534912109e-01
9.377893805503845215e-01
9.366319179534912109e-01
9.551504254341125488e-01
9.377893805503845215e-01
9.372106194496154785e-01
9.389467239379882812e-01
9.354745745658874512e-01
9.357638955116271973e-01
9.360532760620117188e-01
9.157986044883728027e-01
9.383680820465087891e-01
9.221643805503845215e-01
9.392361044883728027e-01
9.363425374031066895e-01
9.392361044883728027e-01
9.351851940155029297e-01
9.334490299224853516e-01
9.375000000000000000e-01
9.377893805503845215e-01
9.354745745658874512e-01
9.392361044883728027e-01
9.244791865348815918e-01
9.401041865348815918e-01
9.574652314186096191e-01
9.386573433876037598e-01
9.224536418914794922e-01
9.551504254341125488e-01
9.542823433876037598e-01
