1.838781980000021576e+01
3.473430630000007113e+01
5.223713450000013836e+01
6.921911890000001222e+01
8.566268190000005234e+01
1.030158717000001616e+02
1.200229560000000220e+02
1.363374238000001242e+02
1.535757311000002119e+02
1.705855319000002055e+02
1.867637657000000218e+02
2.041137357000000065e+02
2.210419332000001305e+02
2.374637211000001571e+02
2.548117486000001009e+02
2.717700968000001467e+02
2.880511651000001621e+02
3.055569745000000239e+02
3.219700915000000805e+02
3.393377465000000939e+02
3.563182315000001381e+02
3.727809054000001652e+02
3.903460721000001286e+02
4.074316219000002093e+02
4.237213418000001184e+02
4.411052362000000358e+02
4.577766565000001719e+02
4.745448592000000190e+02
4.918809394000002158e+02
5.088029786000001877e+02
5.251183540000001813e+02
5.425348825000000943e+02
5.594183705000000373e+02
5.766321335000000090e+02
5.939538745000002109e+02
6.104135183000000779e+02
6.279114429000001110e+02
6.451252143000001524e+02
6.618754246000000876e+02
