3.599320319999969797e+01
3.915888919999997597e+01
4.235460600000078557e+01
4.554604359999939334e+01
4.872613009999986389e+01
5.189990190000025905e+01
5.506498439999995753e+01
5.823687650000101712e+01
6.144914559999961057e+01
6.464458449999983713e+01
6.784702199999992445e+01
7.106238850000045204e+01
7.425100519999978133e+01
7.746514930000012100e+01
8.065574100000048929e+01
8.382148000000051979e+01
8.700973759999942558e+01
9.019454330000007758e+01
9.336129369999980554e+01
9.654613900000003923e+01
9.970520030000079714e+01
1.028702554999999847e+02
1.060298306999993656e+02
1.091813502999993943e+02
1.124041235000004235e+02
1.155658468000001449e+02
1.187501893999997264e+02
1.219424894000003405e+02
1.250872787999996945e+02
1.282711072000001877e+02
1.314446831000004750e+02
1.346333899000001111e+02
1.378147986000003584e+02
1.409856650000001537e+02
1.441537647000004654e+02
1.473404141999999410e+02
1.505092808000008517e+02
1.536905982000007498e+02
1.568552412999997614e+02
1.599985680000008870e+02
1.631824446000009630e+02
1.663427745999997569e+02
1.695273729000000458e+02
1.726932233999996242e+02
1.758613826000000699e+02
1.790480552999997599e+02
1.822257616999995662e+02
1.862872432999993180e+02
1.894411075999996683e+02
1.925938569999998435e+02
1.957627207000005001e+02
1.989192839999996067e+02
2.020810590000000957e+02
2.052539183999997476e+02
2.084243526999998721e+02
2.116097387999998318e+02
2.147791770000003453e+02
2.179604441000010411e+02
2.211482011999996757e+02
2.243187049000007391e+02
2.274685822000010376e+02
2.306432887000009941e+02
2.338285995999995066e+02
2.369952673999996478e+02
2.401666765000009036e+02
2.433215206999993825e+02
2.465048346000003221e+02
2.496738000000004831e+02
2.528240409999998519e+02
2.559819021999992401e+02
2.591471732999998494e+02
2.623197173999997176e+02
2.654704189000003680e+02
3.310850229000006948e+02
3.396218453000001318e+02
3.481789809000001696e+02
3.567664425000002666e+02
3.652867779999996856e+02
3.738950598999999784e+02
3.824812557999994169e+02
3.910759871000009298e+02
3.996986980000001495e+02
4.082872287999998662e+02
4.169133318999993207e+02
4.254652105999994092e+02
4.339679916000004596e+02
4.425943867000005412e+02
4.511039928999998665e+02
4.596868114000008063e+02
4.683236997000003612e+02
4.768639349000004586e+02
4.861731435000001511e+02
4.947649182999994082e+02
5.033160169000002497e+02
5.118987028000010469e+02
5.203920983999996679e+02
5.296505541000005906e+02
5.383367369999996299e+02
5.468710714000008011e+02
5.554860048000009556e+02
5.640096847999993770e+02
5.726338885000004666e+02
5.823855591999999888e+02
5.909964488000005076e+02
5.996265192999999272e+02
6.081601191000008839e+02
6.167615912000001117e+02
6.253883081000003585e+02
6.339206386999994720e+02
6.425917847000000620e+02
6.528228180999994947e+02
6.613649492999993527e+02
6.698819526999996015e+02
6.783628122000009171e+02
6.868585216999999830e+02
6.954122877999998309e+02
7.039221046000002389e+02
7.124585590999995475e+02
7.209411304999994172e+02
7.294339933000010205e+02
7.379876772999996319e+02
7.464763122999993357e+02
7.549637029000004986e+02
7.635087127999995573e+02
7.720026890000008279e+02
7.805462148999995406e+02
7.890319424000008439e+02
7.975237990000005084e+02
8.060462021000003006e+02
8.145475163000010070e+02
8.252419773000001442e+02
8.338728604000007181e+02
8.423828506000008929e+02
8.509607864999998128e+02
8.607572369000008621e+02
8.693228257999999187e+02
8.779363124999999854e+02
8.864739482999993925e+02
8.950412240000005113e+02
9.036658069999994041e+02
9.121917424000002939e+02
9.208059551999995165e+02
9.293335606000000553e+02
9.393428420000000187e+02
9.480052393000005395e+02
9.565538381999995181e+02
9.652285909000001993e+02
9.737451522000010300e+02
9.823301883000003727e+02
9.909929861000000528e+02
9.995285887999998522e+02
1.009344787699999870e+03
1.017983287299999574e+03
1.026511388200000511e+03
1.035124827499999810e+03
1.043662607000000207e+03
1.052284926500000438e+03
1.062490874600000097e+03
1.071056286900000487e+03
1.079695415899999716e+03
1.088193618600000264e+03
1.096810736900000848e+03
1.105463011300000289e+03
1.113973611499999606e+03
1.122589744200000496e+03
1.131137943400000950e+03
1.139672074600000997e+03
1.148281495999999606e+03
1.156815606600001047e+03
1.165428319300001021e+03
1.174019221500000640e+03
1.182516778700000941e+03
1.191060210199999347e+03
