7.607164382934570312e-01
8.048294186592102051e-01
8.248105049133300781e-01
8.444603681564331055e-01
8.594064712524414062e-01
8.722379803657531738e-01
8.831442594528198242e-01
8.912404179573059082e-01
8.982798457145690918e-01
9.052400588989257812e-01
9.121211767196655273e-01
9.151040315628051758e-01
9.212594628334045410e-01
9.264205098152160645e-01
9.296246170997619629e-01
9.324179887771606445e-01
9.364741444587707520e-01
9.382103085517883301e-01
9.403884410858154297e-01
9.409879446029663086e-01
9.447444677352905273e-01
9.438447952270507812e-01
9.458331465721130371e-01
9.475535154342651367e-01
9.483745098114013672e-01
9.483900666236877441e-01
9.488795399665832520e-01
9.502208828926086426e-01
9.501420855522155762e-01
9.509154558181762695e-01
9.518465399742126465e-01
9.513732790946960449e-01
9.532669782638549805e-01
9.530621170997619629e-01
9.534879922866821289e-01
9.526357650756835938e-01
9.540562629699707031e-01
9.544824957847595215e-01
9.538666605949401855e-01
9.544507861137390137e-01
9.538194537162780762e-01
9.537879228591918945e-01
9.542455673217773438e-01
9.549084901809692383e-01
9.555400013923645020e-01
9.556503891944885254e-01
9.558079242706298828e-01
9.550032615661621094e-01
9.562816023826599121e-01
9.551293849945068359e-01
9.559502601623535156e-01
9.562500119209289551e-01
9.561868906021118164e-01
9.552399516105651855e-01
9.562500119209289551e-01
9.560922980308532715e-01
9.567707180976867676e-01
9.572602510452270508e-01
9.574178457260131836e-01
9.567707180976867676e-01
9.563605785369873047e-01
9.573388099670410156e-01
9.561554193496704102e-01
9.568182229995727539e-01
9.564867019653320312e-01
9.573231339454650879e-01
9.579544067382812500e-01
9.567550420761108398e-01
9.573863744735717773e-01
9.563447833061218262e-01
9.571811556816101074e-01
9.570549130439758301e-01
9.575914144515991211e-01
9.578913450241088867e-01
9.575914740562438965e-01
9.577808976173400879e-01
9.578598141670227051e-01
9.575915336608886719e-01
9.577335119247436523e-01
9.572286009788513184e-01
9.577970504760742188e-01
9.577179551124572754e-01
9.565498828887939453e-01
9.571496248245239258e-01
9.578125476837158203e-01
9.573390483856201172e-01
9.594854712486267090e-01
9.574812054634094238e-01
9.576389789581298828e-01
9.590433239936828613e-01
9.580496549606323242e-01
9.581753015518188477e-01
9.593752026557922363e-01
9.580018520355224609e-01
8.846578598022460938e-01
8.892607092857360840e-01
8.903468251228332520e-01
8.919300436973571777e-01
8.929716348648071289e-01
8.930010199546813965e-01
8.932636380195617676e-01
8.960169553756713867e-01
8.952928185462951660e-01
8.957389593124389648e-01
8.966863751411437988e-01
8.973312973976135254e-01
8.968303799629211426e-01
8.982093930244445801e-01
8.980157375335693359e-01
8.989136815071105957e-01
8.987056016921997070e-01
8.989933729171752930e-01
9.002280235290527344e-01
8.999902606010437012e-01
9.000048041343688965e-01
9.017955064773559570e-01
9.013641476631164551e-01
9.022073149681091309e-01
9.019988179206848145e-01
9.023311138153076172e-01
9.031991958618164062e-01
9.031697511672973633e-01
9.032640457153320312e-01
9.039531350135803223e-01
9.046973586082458496e-01
9.049852490425109863e-01
9.043353199958801270e-01
9.049006700515747070e-01
9.055755734443664551e-01
9.060017466545104980e-01
9.059470891952514648e-01
9.067757129669189453e-01
9.066466689109802246e-01
9.071873426437377930e-01
9.075297117233276367e-01
9.074257016181945801e-01
9.081599712371826172e-01
9.078372716903686523e-01
9.086704850196838379e-01
9.086755514144897461e-01
9.085166454315185547e-01
9.086009860038757324e-01
9.089086651802062988e-01
9.097425341606140137e-01
9.090573787689208984e-01
9.100894331932067871e-01
9.105356931686401367e-01
9.109423756599426270e-01
9.103524088859558105e-01
9.119051098823547363e-01
9.105754494667053223e-01
9.123015403747558594e-01
9.121231436729431152e-01
9.111211895942687988e-01
9.123659729957580566e-01
9.132195115089416504e-01
9.122866392135620117e-01
9.119150042533874512e-01
9.127380251884460449e-01
9.126288890838623047e-01
9.147175550460815430e-01
9.136705398559570312e-01
9.142163991928100586e-01
9.144641757011413574e-01
9.149748682975769043e-01
9.149205088615417480e-01
9.140771627426147461e-01
9.149256944656372070e-01
9.157140851020812988e-01
9.161260724067687988e-01
9.153077006340026855e-01
9.158931970596313477e-01
9.156793355941772461e-01
9.157688021659851074e-01
9.164137244224548340e-01
9.166270494461059570e-01
9.171479344367980957e-01
9.161559939384460449e-01
9.173713326454162598e-01
9.170585274696350098e-01
9.176240563392639160e-01
9.184870123863220215e-01
9.181149005889892578e-01
9.183134436607360840e-01
9.188492894172668457e-01
9.180655479431152344e-01
9.186704158782958984e-01
9.192459583282470703e-01
9.193205833435058594e-01
9.199454188346862793e-01
9.198564887046813965e-01
9.202880859375000000e-01
9.199554324150085449e-01
9.204810261726379395e-01
9.206347465515136719e-01
9.217410087585449219e-01
9.209376573562622070e-01
9.213986396789550781e-01
9.209724664688110352e-01
9.219646453857421875e-01
9.217858910560607910e-01
9.221081733703613281e-01
9.222567081451416016e-01
9.225445389747619629e-01
9.232391119003295898e-01
9.229167699813842773e-01
9.228966236114501953e-01
9.226385354995727539e-01
9.233383536338806152e-01
9.230704903602600098e-01
9.239386916160583496e-01
9.240475296974182129e-01
9.242111444473266602e-01
9.247716665267944336e-01
9.244049191474914551e-01
9.259277582168579102e-01
9.252676963806152344e-01
9.245389103889465332e-01
