5.008257031440734863e-01
5.038976073265075684e-01
5.033739209175109863e-01
5.045008659362792969e-01
5.044066905975341797e-01
5.047437548637390137e-01
5.058870315551757812e-01
5.069475769996643066e-01
5.061213970184326172e-01
5.086737275123596191e-01
5.073361396789550781e-01
5.085113644599914551e-01
5.073428750038146973e-01
5.081449747085571289e-01
5.104221701622009277e-01
5.102874636650085449e-01
5.103857517242431641e-01
5.108102560043334961e-01
5.109279155731201172e-01
5.122091770172119141e-01
5.150647163391113281e-01
5.138731002807617188e-01
5.138592720031738281e-01
5.142677426338195801e-01
5.129260420799255371e-01
5.185455679893493652e-01
5.156419277191162109e-01
5.168684124946594238e-01
5.145266056060791016e-01
5.153877139091491699e-01
5.149003863334655762e-01
5.186520814895629883e-01
5.188621282577514648e-01
5.174590349197387695e-01
5.200508832931518555e-01
5.184027552604675293e-01
5.187190771102905273e-01
5.207907557487487793e-01
5.215718746185302734e-01
5.211040973663330078e-01
5.221232175827026367e-01
5.224095582962036133e-01
5.218337178230285645e-01
5.232222676277160645e-01
5.233823657035827637e-01
5.238817334175109863e-01
5.260413289070129395e-01
5.243715047836303711e-01
5.264719128608703613e-01
5.256879925727844238e-01
5.261477828025817871e-01
5.266570448875427246e-01
5.263531208038330078e-01
5.272680521011352539e-01
5.293265581130981445e-01
5.275436639785766602e-01
5.279055237770080566e-01
5.291596055030822754e-01
5.276788473129272461e-01
5.280628204345703125e-01
5.301846265792846680e-01
5.304088592529296875e-01
5.319059491157531738e-01
5.298134088516235352e-01
5.317285656929016113e-01
5.305342674255371094e-01
5.328351259231567383e-01
5.323957800865173340e-01
5.336413383483886719e-01
5.339218974113464355e-01
5.327009558677673340e-01
5.346081256866455078e-01
5.354617834091186523e-01
5.352481603622436523e-01
5.372691154479980469e-01
5.365581512451171875e-01
5.368606448173522949e-01
5.350866317749023438e-01
5.361681580543518066e-01
5.372369289398193359e-01
5.388248562812805176e-01
5.385402441024780273e-01
5.378455519676208496e-01
5.374813675880432129e-01
5.377151370048522949e-01
5.383371114730834961e-01
5.392905473709106445e-01
5.392985939979553223e-01
5.388815999031066895e-01
