2.773503065109252930e-01
2.768126726150512695e-01
2.767899930477142334e-01
2.763090431690216064e-01
2.761614322662353516e-01
2.761467695236206055e-01
2.755210399627685547e-01
2.751146256923675537e-01
2.747023105621337891e-01
2.745738029479980469e-01
2.746049165725708008e-01
2.741859555244445801e-01
2.741606831550598145e-01
2.739205062389373779e-01
2.738376557826995850e-01
2.731631398200988770e-01
2.728296518325805664e-01
2.728954553604125977e-01
2.732149362564086914e-01
2.723724544048309326e-01
2.713674008846282959e-01
2.720192074775695801e-01
2.714246511459350586e-01
2.717036902904510498e-01
2.718733251094818115e-01
2.704960703849792480e-01
2.713313698768615723e-01
2.703755497932434082e-01
2.706418931484222412e-01
2.708317935466766357e-01
2.710901200771331787e-01
2.698786258697509766e-01
2.700028717517852783e-01
2.704726159572601318e-01
2.699199020862579346e-01
2.697164118289947510e-01
2.687937319278717041e-01
2.690035402774810791e-01
2.688334286212921143e-01
2.685425281524658203e-01
2.685039043426513672e-01
2.681337296962738037e-01
2.678911685943603516e-01
2.678882777690887451e-01
2.675003409385681152e-01
2.675893008708953857e-01
2.671664655208587646e-01
2.675571739673614502e-01
2.670890986919403076e-01
2.670746147632598877e-01
2.666830122470855713e-01
2.668902873992919922e-01
2.667233645915985107e-01
2.667545378208160400e-01
2.657422125339508057e-01
2.657393515110015869e-01
2.660413384437561035e-01
2.657108902931213379e-01
2.659631371498107910e-01
2.656244933605194092e-01
2.647435367107391357e-01
2.653796374797821045e-01
2.643904685974121094e-01
2.651719748973846436e-01
2.641748785972595215e-01
2.647529840469360352e-01
2.644373774528503418e-01
2.638648152351379395e-01
2.641292512416839600e-01
2.637129724025726318e-01
2.642783522605895996e-01
2.632846236228942871e-01
2.634132504463195801e-01
2.629320025444030762e-01
2.629189491271972656e-01
2.628799676895141602e-01
2.628034651279449463e-01
2.632288932800292969e-01
2.625130116939544678e-01
2.618115544319152832e-01
2.623553872108459473e-01
2.619566321372985840e-01
2.617660164833068848e-01
2.618968188762664795e-01
2.617321610450744629e-01
2.618184387683868408e-01
2.617614567279815674e-01
2.613114714622497559e-01
2.619735896587371826e-01
