4.430315289999998640e+01
4.901058770000054210e+01
5.373163540000132343e+01
5.848771880000094825e+01
6.321723810000003141e+01
6.794804280000062136e+01
7.271496079999997164e+01
7.745190160000129254e+01
8.218638450000071316e+01
8.694581819999984873e+01
9.166964100000041071e+01
9.643029070000011416e+01
1.011598401000010199e+02
1.058834531000011339e+02
1.106412169000013819e+02
1.153705717000011646e+02
1.200926018000009208e+02
1.248464926000015112e+02
1.295701251999998931e+02
1.342971656999998231e+02
1.390612376000008226e+02
1.437898065999997925e+02
1.485453570000008767e+02
1.532668838000008691e+02
1.579943711000014446e+02
1.627500717000002624e+02
1.674732405000013387e+02
1.722285659999997733e+02
1.769598061000015150e+02
1.817020338000002084e+02
1.864783919000001333e+02
1.912005742000001192e+02
1.959276888000003964e+02
2.006993206000006467e+02
2.054243909000015265e+02
2.101774689000012586e+02
2.148996779999997671e+02
2.196266129000014189e+02
2.243822626000001037e+02
2.291044615999999223e+02
2.531474609000015334e+02
2.579217371000013372e+02
2.626776312000001781e+02
2.674037446000002092e+02
2.721167617000010068e+02
2.768549975000005361e+02
2.815774309000007634e+02
2.862939388000013423e+02
2.910383909000011045e+02
2.957589922000006482e+02
3.004750803000006272e+02
3.052165440000007948e+02
3.099364579000011872e+02
3.146740282999999181e+02
3.193951445000002423e+02
3.241128896999998688e+02
3.288494316000014805e+02
3.335666703000006237e+02
3.383092166000005818e+02
3.430409665000006498e+02
3.477599423999999999e+02
3.524982709000014438e+02
3.572202008000003843e+02
3.619640004000011686e+02
3.666847422000009828e+02
3.714011819000006653e+02
3.761422338000011223e+02
3.808650980000002164e+02
3.855813159000008454e+02
3.903187388000005740e+02
3.950396049999999377e+02
3.997819456000015634e+02
4.045032129000010173e+02
4.111002088000004733e+02
4.176758391000003030e+02
4.224285658000007970e+02
4.272073025999998208e+02
4.319347911000004387e+02
4.366939916999999696e+02
4.415235963000013726e+02
4.462573100999998132e+02
4.510640650000004825e+02
4.557921060000007856e+02
4.624066510000011476e+02
4.672090259000015067e+02
4.719397743000008631e+02
4.767102383000001282e+02
4.821236821000002237e+02
4.868633398000001762e+02
