5.905618667602539062e-01
6.478849053382873535e-01
6.745265126228332520e-01
7.051450610160827637e-01
7.225061058998107910e-01
7.393625378608703613e-01
7.544190883636474609e-01
7.656885385513305664e-01
7.785355448722839355e-01
7.938135862350463867e-01
7.993055582046508789e-01
8.098800778388977051e-01
8.178029060363769531e-01
8.304608464241027832e-01
8.358268737792968750e-01
8.434028625488281250e-01
8.511047959327697754e-01
8.561552762985229492e-01
8.657513856887817383e-01
8.690973520278930664e-01
8.748422265052795410e-01
8.789139389991760254e-01
8.839330673217773438e-01
8.874998092651367188e-01
8.922978043556213379e-01
8.981376886367797852e-01
9.003787636756896973e-01
9.062185287475585938e-01
9.058396220207214355e-01
9.119318723678588867e-01
9.131941795349121094e-01
9.175820350646972656e-01
9.209280014038085938e-01
9.244633913040161133e-01
9.248737692832946777e-01
9.249051809310913086e-01
9.284090995788574219e-01
9.288824796676635742e-01
9.307448863983154297e-01
9.338384866714477539e-01
9.344698190689086914e-01
9.355114102363586426e-01
9.364584684371948242e-01
9.373422265052795410e-01
9.376576542854309082e-01
9.389519691467285156e-01
9.403408169746398926e-01
9.381311535835266113e-01
9.404355883598327637e-01
9.423925876617431641e-01
9.413508176803588867e-01
9.422348737716674805e-01
9.447282552719116211e-01
9.455808401107788086e-01
9.443498253822326660e-01
9.437498450279235840e-01
9.471275806427001953e-01
9.479798078536987305e-01
9.468115568161010742e-01
9.487057328224182129e-01
9.458329677581787109e-01
9.477902650833129883e-01
9.487690925598144531e-01
9.480744600296020508e-01
9.497474431991577148e-01
9.488319158554077148e-01
9.489899277687072754e-01
9.497792124748229980e-01
9.505365490913391113e-01
9.504733681678771973e-01
9.510734677314758301e-01
9.504104852676391602e-01
9.507260918617248535e-01
9.514834284782409668e-01
9.525253772735595703e-01
9.515466690063476562e-01
9.517992734909057617e-01
9.527146220207214355e-01
9.499367475509643555e-01
9.241762161254882812e-01
9.250890016555786133e-01
9.258236885070800781e-01
9.264088869094848633e-01
9.256644845008850098e-01
9.283728003501892090e-01
9.266470074653625488e-01
9.271925687789916992e-01
9.267455935478210449e-01
9.265374541282653809e-01
9.271624684333801270e-01
9.277186989784240723e-01
9.273018240928649902e-01
9.282041788101196289e-01
9.281347393989562988e-01
9.273112416267395020e-01
9.286308884620666504e-01
9.281548857688903809e-01
9.283134341239929199e-01
9.284522533416748047e-01
9.284624457359313965e-01
9.287399649620056152e-01
9.286506772041320801e-01
9.298511743545532227e-01
9.290472269058227539e-01
9.289385080337524414e-01
9.290573596954345703e-01
9.302873015403747559e-01
9.296428561210632324e-01
