2.442567646503448486e-01
2.164853513240814209e-01
2.037609666585922241e-01
1.880213469266891479e-01
1.816766858100891113e-01
1.732419580221176147e-01
1.664437055587768555e-01
1.605183929204940796e-01
1.544730067253112793e-01
1.476938426494598389e-01
1.441247612237930298e-01
1.384755074977874756e-01
1.345614045858383179e-01
1.293800026178359985e-01
1.253285557031631470e-01
1.215342208743095398e-01
1.176044791936874390e-01
1.134121119976043701e-01
1.071419045329093933e-01
1.059639528393745422e-01
1.015634760260581970e-01
9.864906221628189087e-02
9.457062929868698120e-02
9.092617034912109375e-02
8.895721286535263062e-02
8.385223895311355591e-02
8.201175928115844727e-02
7.800578325986862183e-02
7.653719931840896606e-02
7.304824143648147583e-02
6.917852908372879028e-02
6.600020080804824829e-02
6.489071995019912720e-02
6.104115396738052368e-02
5.877652019262313843e-02
5.996139347553253174e-02
5.618664249777793884e-02
5.596394091844558716e-02
5.340124294161796570e-02
5.173564329743385315e-02
5.035988986492156982e-02
4.730628058314323425e-02
4.709110409021377563e-02
4.539750888943672180e-02
4.528195038437843323e-02
4.397829994559288025e-02
4.343682155013084412e-02
4.345602914690971375e-02
4.199793189764022827e-02
4.071261733770370483e-02
4.026791080832481384e-02
3.957530111074447632e-02
3.875674679875373840e-02
3.883681818842887878e-02
3.861894458532333374e-02
3.787877783179283142e-02
3.512491658329963684e-02
3.525969013571739197e-02
3.618464618921279907e-02
3.415818139910697937e-02
3.567696362733840942e-02
3.343222662806510925e-02
3.264131397008895874e-02
3.318948671221733093e-02
3.214455395936965942e-02
3.240149840712547302e-02
3.322657570242881775e-02
3.174354881048202515e-02
3.153599053621292114e-02
3.187818080186843872e-02
3.108294308185577393e-02
3.147244080901145935e-02
2.983137220144271851e-02
3.042354062199592590e-02
3.044006414711475372e-02
3.023151122033596039e-02
3.021025657653808594e-02
2.960246615111827850e-02
3.102555125951766968e-02
4.586514085531234741e-02
4.526898637413978577e-02
4.476062208414077759e-02
4.459263756871223450e-02
4.455866664648056030e-02
4.323184490203857422e-02
4.375689849257469177e-02
4.259607195854187012e-02
4.297973960638046265e-02
4.278332740068435669e-02
4.227291047573089600e-02
4.295418038964271545e-02
4.141835868358612061e-02
4.108576104044914246e-02
4.128508642315864563e-02
4.167186096310615540e-02
4.218050092458724976e-02
4.103866219520568848e-02
4.076340422034263611e-02
4.125354811549186707e-02
4.079676046967506409e-02
4.108893126249313354e-02
4.035644978284835815e-02
4.038130491971969604e-02
3.977442160248756409e-02
3.987440466880798340e-02
3.960116580128669739e-02
3.892337903380393982e-02
4.079707711935043335e-02
