2.810688614845275879e-01
2.669908106327056885e-01
2.454789876937866211e-01
2.228738665580749512e-01
1.955967843532562256e-01
1.759099811315536499e-01
1.579246670007705688e-01
1.460227221250534058e-01
1.343843042850494385e-01
1.248121261596679688e-01
1.171424016356468201e-01
1.097395345568656921e-01
1.027971878647804260e-01
9.728686511516571045e-02
9.107199311256408691e-02
8.586793392896652222e-02
8.105719834566116333e-02
7.649780064821243286e-02
7.139045000076293945e-02
6.862280517816543579e-02
6.533853709697723389e-02
6.187010556459426880e-02
5.886731669306755066e-02
5.630718916654586792e-02
5.378786474466323853e-02
5.173462629318237305e-02
4.992688447237014771e-02
4.774408042430877686e-02
4.657819122076034546e-02
4.477532580494880676e-02
4.344969987869262695e-02
4.170509055256843567e-02
4.026134312152862549e-02
3.902536630630493164e-02
3.773547336459159851e-02
3.609551489353179932e-02
3.511914610862731934e-02
3.438659012317657471e-02
3.314570337533950806e-02
3.251655027270317078e-02
3.124588355422019958e-02
3.096402063965797424e-02
3.016771934926509857e-02
2.991250343620777130e-02
2.945842593908309937e-02
2.890386991202831268e-02
2.813703194260597229e-02
2.787143550813198090e-02
2.750428579747676849e-02
2.683607302606105804e-02
2.652934752404689789e-02
2.622673474252223969e-02
2.569696120917797089e-02
2.539580129086971283e-02
2.515179477632045746e-02
2.493553049862384796e-02
2.439283020794391632e-02
2.398989908397197723e-02
2.351433970034122467e-02
2.365444973111152649e-02
2.352187223732471466e-02
2.318510785698890686e-02
2.330377511680126190e-02
2.280461601912975311e-02
2.271207422018051147e-02
2.266944199800491333e-02
2.227273769676685333e-02
2.206931449472904205e-02
2.216361649334430695e-02
2.196830697357654572e-02
2.180976234376430511e-02
2.165456116199493408e-02
2.165375649929046631e-02
2.133212052285671234e-02
2.101757191121578217e-02
2.122290804982185364e-02
2.116972953081130981e-02
2.113443799316883087e-02
2.105781808495521545e-02
2.071565762162208557e-02
2.084893360733985901e-02
2.086260914802551270e-02
2.068983949720859528e-02
2.039640024304389954e-02
2.042463980615139008e-02
2.004015259444713593e-02
2.020019665360450745e-02
2.001476660370826721e-02
2.005763538181781769e-02
1.986941322684288025e-02
1.981838792562484741e-02
1.987691223621368408e-02
1.987758651375770569e-02
1.964600943028926849e-02
1.990561559796333313e-02
1.985019817948341370e-02
1.938407681882381439e-02
1.966577209532260895e-02
1.939596049487590790e-02
1.945487223565578461e-02
2.950661629438400269e-02
2.932793647050857544e-02
2.916892617940902710e-02
2.871294319629669189e-02
2.849925681948661804e-02
2.827424928545951843e-02
2.822177484631538391e-02
2.792579680681228638e-02
2.776543609797954559e-02
2.748345956206321716e-02
2.753497660160064697e-02
2.739845588803291321e-02
2.729306556284427643e-02
2.698758989572525024e-02
2.701939828693866730e-02
2.685737237334251404e-02
2.654494903981685638e-02
2.656858600676059723e-02
2.656478062272071838e-02
2.634842880070209503e-02
2.617267332971096039e-02
2.629710361361503601e-02
2.612314000725746155e-02
2.598745375871658325e-02
2.585611119866371155e-02
2.575487643480300903e-02
2.557467855513095856e-02
2.557963132858276367e-02
2.550312317907810211e-02
2.554687485098838806e-02
2.530523948371410370e-02
2.531626075506210327e-02
2.529535815119743347e-02
2.522599697113037109e-02
2.510684914886951447e-02
2.491834387183189392e-02
2.505776286125183105e-02
2.497136592864990234e-02
2.470799349248409271e-02
2.476481534540653229e-02
2.440317347645759583e-02
2.471059188246726990e-02
2.453680336475372314e-02
2.440071478486061096e-02
2.435936406254768372e-02
2.432307228446006775e-02
2.441511675715446472e-02
2.415696531534194946e-02
2.411066927015781403e-02
2.391321398317813873e-02
2.398443035781383514e-02
2.398994006216526031e-02
2.396989054977893829e-02
2.400069870054721832e-02
2.385815978050231934e-02
2.371149696409702301e-02
2.373563684523105621e-02
2.362507395446300507e-02
2.355646714568138123e-02
2.349902689456939697e-02
2.356839179992675781e-02
2.345961518585681915e-02
2.342350967228412628e-02
2.346995100378990173e-02
2.327602729201316833e-02
2.337173372507095337e-02
2.310629934072494507e-02
2.316363900899887085e-02
2.315348945558071136e-02
2.311598509550094604e-02
2.311698533594608307e-02
2.300154045224189758e-02
2.294568158686161041e-02
2.288511022925376892e-02
2.297644503414630890e-02
2.276566252112388611e-02
2.277059480547904968e-02
2.270415052771568298e-02
2.278229780495166779e-02
2.263011410832405090e-02
2.275272831320762634e-02
2.259092405438423157e-02
2.248692139983177185e-02
2.244522795081138611e-02
2.236406318843364716e-02
2.229378931224346161e-02
2.234617434442043304e-02
2.254241704940795898e-02
2.217139489948749542e-02
2.234815992414951324e-02
2.234463207423686981e-02
2.238466218113899231e-02
2.227086760103702545e-02
2.211549133062362671e-02
2.206136099994182587e-02
2.214380539953708649e-02
2.197997830808162689e-02
2.198849059641361237e-02
2.190613746643066406e-02
2.202333509922027588e-02
