4.387789219617843628e-02
4.094897583127021790e-02
3.956180438399314880e-02
4.182443767786026001e-02
4.124524444341659546e-02
4.155499488115310669e-02
3.990330547094345093e-02
4.127993434667587280e-02
4.025228321552276611e-02
3.986822813749313354e-02
3.998476639389991760e-02
4.104025289416313171e-02
3.921075165271759033e-02
4.076199233531951904e-02
4.131198301911354065e-02
4.482473805546760559e-02
4.399646446108818054e-02
4.436156153678894043e-02
4.460280016064643860e-02
4.440760239958763123e-02
4.559284076094627380e-02
4.469661787152290344e-02
4.532214626669883728e-02
4.357842355966567993e-02
4.531434550881385803e-02
4.458393529057502747e-02
4.460169747471809387e-02
4.487985000014305115e-02
4.392070695757865906e-02
4.453609883785247803e-02
4.379388317465782166e-02
4.453159868717193604e-02
4.470668360590934753e-02
4.645587131381034851e-02
4.699201509356498718e-02
4.574006423354148865e-02
4.493870213627815247e-02
4.577369242906570435e-02
4.563535377383232117e-02
4.649143293499946594e-02
4.611168056726455688e-02
4.600784182548522949e-02
4.477014020085334778e-02
4.513534158468246460e-02
4.574640095233917236e-02
4.537192732095718384e-02
4.518471658229827881e-02
4.598098248243331909e-02
4.619877040386199951e-02
4.676231369376182556e-02
4.582594707608222961e-02
4.712175205349922180e-02
4.589738324284553528e-02
4.727471247315406799e-02
4.645146057009696960e-02
4.683234170079231262e-02
4.579151049256324768e-02
4.592996463179588318e-02
4.654942825436592102e-02
4.628637805581092834e-02
4.568941518664360046e-02
4.688900336623191833e-02
4.660826548933982849e-02
4.600414261221885681e-02
4.547400027513504028e-02
4.593598470091819763e-02
4.662759602069854736e-02
4.638186097145080566e-02
4.586558789014816284e-02
4.613712430000305176e-02
4.558850452303886414e-02
4.564506188035011292e-02
4.608875885605812073e-02
4.637430980801582336e-02
4.598552733659744263e-02
4.623147472739219666e-02
4.597519710659980774e-02
4.633692279458045959e-02
4.650178551673889160e-02
4.566236957907676697e-02
4.662147536873817444e-02
4.662911966443061829e-02
4.589356109499931335e-02
4.615875706076622009e-02
4.617536440491676331e-02
4.512369632720947266e-02
4.620030522346496582e-02
4.611751064658164978e-02
4.642625153064727783e-02
4.694332554936408997e-02
