7.132523059844970703e-01
7.190393805503845215e-01
7.320601940155029297e-01
7.332176566123962402e-01
7.395833134651184082e-01
7.537615895271301270e-01
7.526041865348815918e-01
7.581018805503845215e-01
7.717013955116271973e-01
7.699652314186096191e-01
7.688078880310058594e-01
7.766203880310058594e-01
7.780671119689941406e-01
7.812500000000000000e-01
7.696759104728698730e-01
7.847222685813903809e-01
7.815393805503845215e-01
7.867476940155029297e-01
7.864583134651184082e-01
7.945601940155029297e-01
7.881944775581359863e-01
7.858796119689941406e-01
7.910879254341125488e-01
7.916666865348815918e-01
7.977430820465087891e-01
8.046875000000000000e-01
7.986111044883728027e-01
7.994791865348815918e-01
7.931134700775146484e-01
7.974537014961242676e-01
8.061342239379882812e-01
8.055555820465087891e-01
8.084490895271301270e-01
8.038194775581359863e-01
8.125000000000000000e-01
8.032407760620117188e-01
8.096064925193786621e-01
8.165509104728698730e-01
8.177083134651184082e-01
8.148148059844970703e-01
8.171296119689941406e-01
8.139467239379882812e-01
8.113425374031066895e-01
8.200231194496154785e-01
8.194444775581359863e-01
8.263888955116271973e-01
8.321759700775146484e-01
8.252314925193786621e-01
8.240740895271301270e-01
8.240740299224853516e-01
8.258101940155029297e-01
8.321759104728698730e-01
8.330439925193786621e-01
8.353587985038757324e-01
8.342013955116271973e-01
8.347800374031066895e-01
8.391203880310058594e-01
8.330439925193786621e-01
8.454861640930175781e-01
8.391203880310058594e-01
8.350694775581359863e-01
8.405671119689941406e-01
8.365162014961242676e-01
8.376736640930175781e-01
8.460648059844970703e-01
8.414351940155029297e-01
8.446180224418640137e-01
8.512731194496154785e-01
8.431712985038757324e-01
8.451967835426330566e-01
8.460648059844970703e-01
8.509837985038757324e-01
8.509837985038757324e-01
8.486689925193786621e-01
8.524305224418640137e-01
8.544560074806213379e-01
8.532986044883728027e-01
8.492476940155029297e-01
8.564814925193786621e-01
8.637152314186096191e-01
8.648726940155029297e-01
8.556134700775146484e-01
8.590856194496154785e-01
8.602430224418640137e-01
8.680555820465087891e-01
8.654513955116271973e-01
8.593750000000000000e-01
8.671875000000000000e-01
8.608217239379882812e-01
8.637152314186096191e-01
8.668981194496154785e-01
8.663194179534912109e-01
8.556134104728698730e-01
8.677662014961242676e-01
8.741319775581359863e-01
8.755787014961242676e-01
8.695023059844970703e-01
8.718171119689941406e-01
8.752893805503845215e-01
8.735532760620117188e-01
8.400174379348754883e-01
8.400174379348754883e-01
8.411458134651184082e-01
8.432291746139526367e-01
8.420138359069824219e-01
8.465277552604675293e-01
8.453124761581420898e-01
8.475694656372070312e-01
8.493055105209350586e-01
8.466145396232604980e-01
8.584201931953430176e-01
8.530381917953491211e-01
8.565105199813842773e-01
8.532986640930175781e-01
8.581596612930297852e-01
8.605033755302429199e-01
8.571180105209350586e-01
8.669271469116210938e-01
8.567708730697631836e-01
8.599826097488403320e-01
8.655382394790649414e-01
8.622395396232604980e-01
8.616319894790649414e-01
8.629339933395385742e-01
8.664062619209289551e-01
8.645833134651184082e-01
8.674478530883789062e-01
8.718749880790710449e-01
8.685763478279113770e-01
8.730034828186035156e-01
8.715277910232543945e-01
8.695312738418579102e-01
8.704860806465148926e-01
8.724826574325561523e-01
8.738715052604675293e-01
8.768229484558105469e-01
8.771702051162719727e-01
8.787326812744140625e-01
8.766492605209350586e-01
8.773437738418579102e-01
8.802951574325561523e-01
8.791667222976684570e-01
8.818576931953430176e-01
8.782985806465148926e-01
8.819444775581359863e-01
8.808158636093139648e-01
8.769097328186035156e-01
8.835069537162780762e-01
8.844617605209350586e-01
8.811632394790649414e-01
