8.678982257843017578e-01
9.241948723793029785e-01
9.302247762680053711e-01
9.353457093238830566e-01
9.380685687065124512e-01
9.398129582405090332e-01
9.407597184181213379e-01
9.419194459915161133e-01
9.438215494155883789e-01
9.440985321998596191e-01
9.443822503089904785e-01
9.455894231796264648e-01
9.462527036666870117e-01
9.465600252151489258e-01
9.466786384582519531e-01
9.466782212257385254e-01
9.469629526138305664e-01
9.483124613761901855e-01
9.473969340324401855e-01
9.480127096176147461e-01
9.480597972869873047e-01
9.478866457939147949e-01
9.491648077964782715e-01
9.495751261711120605e-01
9.490231871604919434e-01
9.488735795021057129e-01
9.499138593673706055e-01
9.501985907554626465e-01
9.493072628974914551e-01
9.502848982810974121e-01
9.508852362632751465e-01
9.503408670425415039e-01
9.511217474937438965e-01
9.514142274856567383e-01
9.506329894065856934e-01
9.510281085968017578e-01
9.514771699905395508e-01
9.509327411651611328e-01
9.511613845825195312e-01
9.512875080108642578e-01
9.510584473609924316e-01
9.519346356391906738e-01
9.507040381431579590e-01
9.525980949401855469e-01
9.519029259681701660e-01
9.519432783126831055e-01
9.520916938781738281e-01
9.523372054100036621e-01
9.516584277153015137e-01
9.526916742324829102e-01
9.523684382438659668e-01
9.529757499694824219e-01
9.528497457504272461e-01
9.525427818298339844e-01
9.527160525321960449e-01
9.531730413436889648e-01
9.523212313652038574e-01
9.158752560615539551e-01
9.170684218406677246e-01
9.178743362426757812e-01
9.180508852005004883e-01
9.184743165969848633e-01
9.189010262489318848e-01
9.195281267166137695e-01
9.196927547454833984e-01
9.201579689979553223e-01
9.200714826583862305e-01
9.204137325286865234e-01
9.208335876464843750e-01
9.211661815643310547e-01
9.211828708648681641e-01
9.213350415229797363e-01
9.214590787887573242e-01
9.218004345893859863e-01
9.207173585891723633e-01
9.217050671577453613e-01
9.221158027648925781e-01
9.220023751258850098e-01
9.209386110305786133e-01
9.218307733535766602e-01
9.217086434364318848e-01
9.223287701606750488e-01
9.216834306716918945e-01
9.220473766326904297e-01
9.224218130111694336e-01
9.218654036521911621e-01
9.217293858528137207e-01
9.219629764556884766e-01
9.221734404563903809e-01
9.224576354026794434e-01
9.225219488143920898e-01
9.224914312362670898e-01
9.226068258285522461e-01
9.219467639923095703e-01
9.224207997322082520e-01
9.220893979072570801e-01
9.215694069862365723e-01
9.217489361763000488e-01
