5.780455842614173889e-02
1.929522678256034851e-02
1.542292162775993347e-02
1.336165983229875565e-02
1.206386741250753403e-02
1.097487192600965500e-02
1.035930123180150986e-02
9.684476070106029510e-03
9.217236191034317017e-03
8.484379388391971588e-03
8.261011913418769836e-03
8.060510270297527313e-03
7.716003339737653732e-03
7.614390924572944641e-03
7.315631955862045288e-03
7.115608546882867813e-03
6.902327761054039001e-03
6.709401030093431473e-03
6.732122506946325302e-03
6.520314607769250870e-03
6.535374093800783157e-03
6.403032224625349045e-03
6.237424910068511963e-03
5.983452778309583664e-03
5.895838607102632523e-03
5.921648815274238586e-03
5.767571274191141129e-03
5.876462906599044800e-03
5.845239385962486267e-03
5.616031587123870850e-03
5.566294770687818527e-03
5.548125132918357849e-03
5.266799591481685638e-03
5.280528217554092407e-03
5.088740494102239609e-03
5.211863201111555099e-03
5.116627085953950882e-03
5.046069156378507614e-03
5.111902952194213867e-03
5.022385623306035995e-03
5.018542520701885223e-03
4.910726565867662430e-03
5.046612583100795746e-03
4.988269414752721786e-03
4.926463123410940170e-03
4.841374699026346207e-03
4.835575353354215622e-03
4.706257488578557968e-03
4.838275723159313202e-03
4.578380379825830460e-03
4.444979596883058548e-03
4.562334157526493073e-03
4.444787744432687759e-03
4.535870160907506943e-03
4.518102388828992844e-03
4.315140657126903534e-03
4.566630348563194275e-03
1.181898824870586395e-02
1.115413662046194077e-02
1.070629432797431946e-02
1.046822685748338699e-02
1.017386093735694885e-02
9.876006282866001129e-03
9.737341664731502533e-03
9.497161954641342163e-03
9.365162812173366547e-03
9.225669316947460175e-03
9.162977337837219238e-03
9.053341113030910492e-03
8.899516426026821136e-03
8.865893818438053131e-03
8.774807676672935486e-03
8.891179226338863373e-03
8.646063506603240967e-03
8.828673511743545532e-03
8.656879886984825134e-03
8.631510660052299500e-03
8.600963279604911804e-03
8.501396514475345612e-03
8.482013829052448273e-03
8.490120060741901398e-03
8.371935226023197174e-03
8.397953584790229797e-03
8.384826593101024628e-03
8.357664570212364197e-03
8.264350704848766327e-03
8.304147049784660339e-03
8.344632573425769806e-03
8.172687143087387085e-03
8.230416104197502136e-03
8.162935264408588409e-03
8.168347179889678955e-03
8.073992095887660980e-03
8.108180016279220581e-03
8.138481527566909790e-03
8.104672655463218689e-03
8.074165321886539459e-03
8.061805739998817444e-03
