5.256597995758056641e-01
5.305902957916259766e-01
5.480555891990661621e-01
5.473263859748840332e-01
5.472917556762695312e-01
5.521527528762817383e-01
5.542360544204711914e-01
5.560417175292968750e-01
5.618402957916259766e-01
5.593402385711669922e-01
5.653819441795349121e-01
5.546179413795471191e-01
5.620139241218566895e-01
5.617361664772033691e-01
5.667014122009277344e-01
5.627430081367492676e-01
5.552083253860473633e-01
5.609374642372131348e-01
5.626736283302307129e-01
5.576388835906982422e-01
5.804514288902282715e-01
5.848610997200012207e-01
5.864582657814025879e-01
5.981596708297729492e-01
6.014235615730285645e-01
6.088194847106933594e-01
6.085416674613952637e-01
6.083680987358093262e-01
6.091667413711547852e-01
6.085416674613952637e-01
6.178472638130187988e-01
6.120833754539489746e-01
6.177778840065002441e-01
6.174306869506835938e-01
6.197568774223327637e-01
6.201736330986022949e-01
6.157987117767333984e-01
6.166666746139526367e-01
6.166666150093078613e-01
6.237847208976745605e-01
6.191321015357971191e-01
6.251041293144226074e-01
6.252777576446533203e-01
6.212846636772155762e-01
6.246181726455688477e-01
6.031943559646606445e-01
6.162847280502319336e-01
6.204167604446411133e-01
6.310763359069824219e-01
6.395485401153564453e-01
6.390623450279235840e-01
6.441318988800048828e-01
6.486805677413940430e-01
6.498262882232666016e-01
6.549999713897705078e-01
6.487500071525573730e-01
6.529862284660339355e-01
6.522570252418518066e-01
6.517013311386108398e-01
6.530555486679077148e-01
6.529514193534851074e-01
6.526041626930236816e-01
6.589235663414001465e-01
6.582638621330261230e-01
6.620832681655883789e-01
6.621180176734924316e-01
6.618402600288391113e-01
6.615625023841857910e-01
6.612153053283691406e-01
6.638541221618652344e-01
6.595486998558044434e-01
6.627777218818664551e-01
6.577777266502380371e-01
6.622222065925598145e-01
6.637848019599914551e-01
6.630903482437133789e-01
6.652083396911621094e-01
6.614581942558288574e-01
6.860069036483764648e-01
6.963192820549011230e-01
7.103123664855957031e-01
7.300000190734863281e-01
7.369790673255920410e-01
7.340624928474426270e-01
7.385417222976684570e-01
7.384376525878906250e-01
7.448956966400146484e-01
7.434722185134887695e-01
7.467362284660339355e-01
7.463888525962829590e-01
7.415972948074340820e-01
7.521874904632568359e-01
7.453123331069946289e-01
7.439583539962768555e-01
7.487847805023193359e-01
7.573959231376647949e-01
7.503124475479125977e-01
7.538541555404663086e-01
7.517011761665344238e-01
7.499999403953552246e-01
7.530555725097656250e-01
7.496526837348937988e-01
7.544096112251281738e-01
7.484723925590515137e-01
7.593750953674316406e-01
7.469444274902343750e-01
7.521179914474487305e-01
7.522567510604858398e-01
7.531945109367370605e-01
7.498612403869628906e-01
7.545485496520996094e-01
7.419444918632507324e-01
7.524654269218444824e-01
7.510764598846435547e-01
7.497915625572204590e-01
7.491667270660400391e-01
7.517013549804687500e-01
7.525000572204589844e-01
7.509375810623168945e-01
7.458681464195251465e-01
7.476388812065124512e-01
7.413540482521057129e-01
7.423959374427795410e-01
7.411111593246459961e-01
7.363888025283813477e-01
7.382637858390808105e-01
7.298958301544189453e-01
7.368403077125549316e-01
7.284027338027954102e-01
7.298263311386108398e-01
7.312847375869750977e-01
7.347568273544311523e-01
7.284722328186035156e-01
7.313888072967529297e-01
7.317709326744079590e-01
7.294099330902099609e-01
7.273262739181518555e-01
