5.833011269569396973e-01
6.318801641464233398e-01
6.579217314720153809e-01
6.704604029655456543e-01
6.896539330482482910e-01
7.022891044616699219e-01
7.126092314720153809e-01
7.231224775314331055e-01
7.310957312583923340e-01
7.383294701576232910e-01
7.459169030189514160e-01
7.534723877906799316e-01
7.589377760887145996e-01
7.664608359336853027e-01
7.716692686080932617e-01
7.777134180068969727e-01
7.864584326744079590e-01
7.899306416511535645e-01
7.939171791076660156e-01
7.976145148277282715e-01
8.057163357734680176e-01
8.102172017097473145e-01
8.168080449104309082e-01
8.192515373229980469e-01
8.243633508682250977e-01
8.300539851188659668e-01
8.348122239112854004e-01
8.394417166709899902e-01
8.438786864280700684e-01
8.478008508682250977e-01
8.542309999465942383e-01
8.618184328079223633e-01
8.604359030723571777e-01
8.661265969276428223e-01
8.731032013893127441e-01
8.771539330482482910e-01
8.818480372428894043e-01
8.858345746994018555e-01
8.904320597648620605e-01
8.944509029388427734e-01
8.989196419715881348e-01
9.028421044349670410e-01
9.063464999198913574e-01
9.080826044082641602e-01
9.146091341972351074e-01
9.181134700775146484e-01
9.198494553565979004e-01
9.219714999198913574e-01
9.265689849853515625e-01
9.297839403152465820e-01
9.339957833290100098e-01
9.345744252204895020e-01
9.387537837028503418e-01
9.428368806838989258e-01
9.449908733367919922e-01
9.472094774246215820e-01
9.492991566658020020e-01
9.505851864814758301e-01
9.528034925460815430e-01
9.562113285064697266e-01
9.570794701576232910e-01
9.601981043815612793e-01
9.607767462730407715e-01
9.643131494522094727e-01
9.628664851188659668e-01
9.675282239913940430e-01
9.671103358268737793e-01
9.687176942825317383e-01
9.704860448837280273e-01
9.693931341171264648e-01
9.725760221481323242e-01
9.745369553565979004e-01
9.721579551696777344e-01
9.751158356666564941e-01
9.754372835159301758e-01
9.753406643867492676e-01
9.773342013359069824e-01
9.778485298156738281e-01
9.772055745124816895e-01
9.782664775848388672e-01
9.780734181404113770e-01
9.788772463798522949e-01
9.802918434143066406e-01
9.799060821533203125e-01
9.811278581619262695e-01
9.806135892868041992e-01
9.811921119689941406e-01
9.814494252204895020e-01
9.826065897941589355e-01
9.829602837562561035e-01
9.820922613143920898e-01
9.827351570129394531e-01
9.846642613410949707e-01
9.837639331817626953e-01
9.839891791343688965e-01
9.836676716804504395e-01
9.830890297889709473e-01
9.843428730964660645e-01
9.843429327011108398e-01
9.835389256477355957e-01
9.579143524169921875e-01
9.616958498954772949e-01
9.625837802886962891e-01
9.637113809585571289e-01
9.652380943298339844e-01
9.646691679954528809e-01
9.655672311782836914e-01
9.650783538818359375e-01
9.655573368072509766e-01
9.640005826950073242e-01
9.644695520401000977e-01
9.645594358444213867e-01
9.641700983047485352e-01
9.652878046035766602e-01
9.656269550323486328e-01
9.651781916618347168e-01
9.648785591125488281e-01
9.648886322975158691e-01
9.653077125549316406e-01
9.651779532432556152e-01
9.661658406257629395e-01
9.660957455635070801e-01
9.638711214065551758e-01
9.650781750679016113e-01
9.645791053771972656e-01
9.639008641242980957e-01
9.654872417449951172e-01
9.644193053245544434e-01
9.639905691146850586e-01
9.655374884605407715e-01
9.656368494033813477e-01
9.644995331764221191e-01
9.641301631927490234e-01
9.641103744506835938e-01
9.646294116973876953e-01
9.650586247444152832e-01
9.643498659133911133e-01
9.631926417350769043e-01
9.643099308013916016e-01
9.641103744506835938e-01
9.641902446746826172e-01
9.647189378738403320e-01
9.641704559326171875e-01
9.641904234886169434e-01
9.644199013710021973e-01
9.638208746910095215e-01
9.652579426765441895e-01
9.651281237602233887e-01
9.643997550010681152e-01
9.653175473213195801e-01
9.646893143653869629e-01
9.651382565498352051e-01
9.643299579620361328e-01
9.650782346725463867e-01
9.646094441413879395e-01
9.645693302154541016e-01
9.642997980117797852e-01
9.647887945175170898e-01
9.649087190628051758e-01
9.656171202659606934e-01
9.650583267211914062e-01
9.645094871520996094e-01
9.647388458251953125e-01
9.653776288032531738e-01
9.647489786148071289e-01
9.657865762710571289e-01
9.650484323501586914e-01
9.650483131408691406e-01
9.649088382720947266e-01
9.655270576477050781e-01
9.654475450515747070e-01
9.652279615402221680e-01
9.650084376335144043e-01
9.649485349655151367e-01
