2.514511942863464355e-01
2.255929261445999146e-01
2.121004015207290649e-01
2.034105360507965088e-01
1.958797723054885864e-01
1.890851855278015137e-01
1.846266835927963257e-01
1.802171766757965088e-01
1.767890155315399170e-01
1.733389645814895630e-01
1.704689264297485352e-01
1.676122397184371948e-01
1.651027649641036987e-01
1.624320149421691895e-01
1.597397774457931519e-01
1.569108963012695312e-01
1.544084697961807251e-01
1.526225805282592773e-01
1.498722434043884277e-01
1.482823044061660767e-01
1.453329771757125854e-01
1.433807164430618286e-01
1.408942937850952148e-01
1.388721913099288940e-01
1.364293396472930908e-01
1.349371075630187988e-01
1.326406598091125488e-01
1.307070404291152954e-01
1.288271993398666382e-01
1.267887949943542480e-01
1.238707825541496277e-01
1.212457194924354553e-01
1.202809214591979980e-01
1.176003590226173401e-01
1.147057339549064636e-01
1.125359609723091125e-01
1.105184927582740784e-01
1.086636185646057129e-01
1.068049371242523193e-01
1.041452810168266296e-01
1.025623381137847900e-01
1.000071465969085693e-01
9.788388758897781372e-02
9.655377268791198730e-02
9.348873794078826904e-02
9.120760858058929443e-02
8.931719511747360229e-02
8.752691000699996948e-02
8.599528670310974121e-02
8.369787782430648804e-02
8.115629106760025024e-02
7.960186898708343506e-02
7.684753835201263428e-02
7.439903169870376587e-02
7.345472276210784912e-02
7.057436555624008179e-02
6.896188110113143921e-02
6.786517053842544556e-02
6.568673998117446899e-02
6.363183259963989258e-02
6.177037581801414490e-02
5.976199731230735779e-02
5.823399871587753296e-02
5.633733794093132019e-02
5.489864945411682129e-02
5.284704267978668213e-02
5.121268332004547119e-02
4.965921118855476379e-02
4.831845685839653015e-02
4.700325429439544678e-02
4.524895921349525452e-02
4.368690773844718933e-02
4.300697147846221924e-02
4.140374064445495605e-02
4.031516611576080322e-02
3.912103921175003052e-02
3.757602348923683167e-02
3.664720803499221802e-02
3.571938723325729370e-02
3.522359207272529602e-02
3.416979685425758362e-02
3.288575634360313416e-02
3.183374181389808655e-02
3.081281483173370361e-02
2.949449047446250916e-02
2.925011329352855682e-02
2.824304439127445221e-02
2.753333561122417450e-02
2.619451470673084259e-02
2.558769471943378448e-02
2.534918673336505890e-02
2.462819591164588928e-02
2.365441247820854187e-02
2.293451316654682159e-02
2.234686352312564850e-02
2.190932445228099823e-02
2.116429433226585388e-02
2.070964127779006958e-02
1.977439783513545990e-02
1.954544335603713989e-02
2.461585216224193573e-02
2.107460424304008484e-02
1.983478479087352753e-02
1.842476055026054382e-02
1.749954745173454285e-02
1.635884307324886322e-02
1.550543308258056641e-02
1.481452584266662598e-02
1.438054814934730530e-02
1.392883714288473129e-02
1.349765434861183167e-02
1.299183536320924759e-02
1.264463644474744797e-02
1.242445409297943115e-02
1.201777625828981400e-02
1.180188916623592377e-02
1.127629727125167847e-02
1.107849925756454468e-02
1.067851763218641281e-02
1.041612867265939713e-02
1.006734743714332581e-02
1.000614278018474579e-02
9.751876816153526306e-03
9.539177641272544861e-03
9.395075961947441101e-03
9.239855222404003143e-03
9.108964353799819946e-03
9.031864814460277557e-03
8.952001109719276428e-03
8.681457489728927612e-03
8.713643997907638550e-03
8.568510413169860840e-03
8.274258114397525787e-03
8.336259052157402039e-03
8.406213484704494476e-03
8.119727484881877899e-03
8.149401284754276276e-03
8.168024942278862000e-03
7.944318465888500214e-03
7.966667413711547852e-03
7.744717411696910858e-03
7.696077693253755569e-03
7.739628199487924576e-03
7.627320475876331329e-03
7.533097174018621445e-03
7.578325457870960236e-03
7.302564568817615509e-03
7.350871805101633072e-03
7.292664144188165665e-03
7.213397417217493057e-03
7.149362005293369293e-03
6.927322596311569214e-03
7.102641742676496506e-03
6.960765458643436432e-03
6.908033043146133423e-03
6.883404683321714401e-03
6.661299150437116623e-03
6.626249756664037704e-03
6.556218955665826797e-03
6.534188054502010345e-03
6.639013998210430145e-03
6.560903973877429962e-03
6.466057151556015015e-03
6.349883507937192917e-03
6.348755210638046265e-03
6.329935975372791290e-03
6.314993370324373245e-03
6.284713745117187500e-03
6.100374273955821991e-03
6.145399995148181915e-03
6.145542487502098083e-03
6.107372697442770004e-03
6.114282179623842239e-03
6.177829112857580185e-03
