9.981064299999999889e+00
1.665399129999999772e+01
2.337053029999999865e+01
3.031449229999999773e+01
3.735754939999999635e+01
4.402638969999999574e+01
5.086689779999999672e+01
5.757661780000000107e+01
6.418911989999999435e+01
7.101587510000000236e+01
7.805479239999999663e+01
8.535919300000000476e+01
9.242716099999999813e+01
9.917580909999999506e+01
1.058511651000000029e+02
1.127554982000000052e+02
1.194862092000000047e+02
1.262278698000000077e+02
1.331554916999999989e+02
1.398499756999999875e+02
1.465779229999999984e+02
1.533884828999999854e+02
1.600899167000000034e+02
1.667168092999999942e+02
1.738465047999999911e+02
1.807015954000000022e+02
1.875033554000000038e+02
1.944005477000000042e+02
2.013652318000000037e+02
2.081849334000000056e+02
2.150396990000000130e+02
2.219872647999999913e+02
2.287962972999999920e+02
2.357140218000000118e+02
2.424682220999999913e+02
2.489751451999999858e+02
2.557315889000000197e+02
2.623929190999999719e+02
2.691240313000000128e+02
2.759485176000000024e+02
2.827033331999999746e+02
2.892888227999999913e+02
2.961034890999999902e+02
3.028151326000000267e+02
3.094415324999999939e+02
3.161680286999999794e+02
3.230044189000000188e+02
3.296407219999999825e+02
3.364201502000000232e+02
3.430388608999999747e+02
3.497389934000000267e+02
3.565945621000000187e+02
3.633079650999999899e+02
3.700654849000000013e+02
3.768114777000000117e+02
3.834546614999999861e+02
3.900159378000000174e+02
3.967535639000000174e+02
4.034092274000000202e+02
4.099628700000000094e+02
4.166950064999999768e+02
4.234264339999999720e+02
4.299914914999999951e+02
4.366933053999999856e+02
4.433166656999999873e+02
4.499218503999999825e+02
4.567241128000000003e+02
4.634329913999999917e+02
4.699674334000000044e+02
4.768430361000000062e+02
4.834116357999999991e+02
4.899331404000000134e+02
4.966839314999999715e+02
5.032897520000000213e+02
5.097827037000000132e+02
5.164469587999999476e+02
5.230032026000000087e+02
5.296329042999999501e+02
5.364011550000000170e+02
5.430269024000000400e+02
5.494653031999999939e+02
5.562041153000000122e+02
5.627677694999999858e+02
5.692977581999999757e+02
5.761125995999999532e+02
5.829057063000000198e+02
5.894830927000000429e+02
5.962366107999999940e+02
6.028355587999999443e+02
6.093812391999999818e+02
6.160093316999999615e+02
6.226926236000000472e+02
6.293090316000000257e+02
6.362986171000000013e+02
6.429595236000000114e+02
6.495448943999999756e+02
6.562669521999999915e+02
6.630400439000000006e+02
6.695997284999999692e+02
6.763829306000000088e+02
6.930996924999999464e+02
7.107876840000000129e+02
7.279298635999999760e+02
7.448823787999999695e+02
7.617665362000000187e+02
7.795112979000000450e+02
7.974613933000000543e+02
8.154614924999999630e+02
8.357680117999999538e+02
8.527450884999999516e+02
8.700242828000000372e+02
8.960225755000000163e+02
9.236775453999999854e+02
9.416292625999999473e+02
9.626997602000000143e+02
9.809908414999999877e+02
9.988414471999999478e+02
1.017575537400000030e+03
1.037118658800000048e+03
1.055044667400000208e+03
1.074009802600000057e+03
1.097370525400000133e+03
1.117444597000000158e+03
1.138559755000000223e+03
1.159782204900000124e+03
1.177531407500000114e+03
1.194951882700000169e+03
1.212240366100000074e+03
1.229312224800000195e+03
1.246662012000000004e+03
1.264024815200000148e+03
1.281212414300000091e+03
1.298475482500000226e+03
1.315630106000000069e+03
1.332788912500000151e+03
1.350298757200000182e+03
1.367306478900000002e+03
1.384250506900000119e+03
1.401473889200000031e+03
1.418913563800000020e+03
1.436200138000000152e+03
1.453312031000000161e+03
1.470626252900000054e+03
1.487943584800000053e+03
1.505277647300000126e+03
1.522369046500000195e+03
1.539659318400000075e+03
1.556884198400000059e+03
1.573927225000000135e+03
1.591081946900000048e+03
1.608269122600000173e+03
1.625177668200000198e+03
1.642535184900000104e+03
1.659744626500000095e+03
1.676777206400000068e+03
1.693821976700000050e+03
1.711223013500000206e+03
1.728276968400000214e+03
1.745591495500000065e+03
1.762879893800000218e+03
1.779993450900000198e+03
1.796930670200000122e+03
1.814327413400000069e+03
1.831491828000000169e+03
1.848805659800000058e+03
1.866049605000000156e+03
1.883145366200000126e+03
1.900136801900000137e+03
1.917258311500000218e+03
1.934424787900000183e+03
1.951678520000000162e+03
1.968877707800000053e+03
1.985990134500000067e+03
2.003092247500000212e+03
