7.134452462196350098e-01
7.312243580818176270e-01
7.423481941223144531e-01
7.486497163772583008e-01
7.574910521507263184e-01
7.611882090568542480e-01
7.655285596847534180e-01
7.694187164306640625e-01
7.761702537536621094e-01
7.795782685279846191e-01
7.861690521240234375e-01
7.867153882980346680e-01
7.931777238845825195e-01
7.968750596046447754e-01
8.034656643867492676e-01
8.059735298156738281e-01
8.115032315254211426e-01
8.158757090568542480e-01
8.208911418914794922e-01
8.235274553298950195e-01
8.242991566658020020e-01
8.292503356933593750e-01
8.340086340904235840e-01
8.376736640930175781e-01
8.385737538337707520e-01
8.449395298957824707e-01
8.471255898475646973e-01
8.513374328613281250e-01
8.524626493453979492e-01
8.570280671119689941e-01
8.581210970878601074e-01
8.622042536735534668e-01
8.650013208389282227e-01
8.698880672454833984e-01
8.705310225486755371e-01
8.718814253807067871e-01
8.789544105529785156e-01
8.787615895271301270e-01
8.824588656425476074e-01
8.847094178199768066e-01
8.890175819396972656e-01
8.880851864814758301e-01
8.887282609939575195e-01
8.911393284797668457e-01
8.947080969810485840e-01
8.968940973281860352e-01
8.981480598449707031e-01
8.988875746726989746e-01
9.006237983703613281e-01
9.037423133850097656e-01
9.050285220146179199e-01
9.055747985839843750e-01
9.096580147743225098e-01
9.073750972747802734e-01
9.069572687149047852e-01
9.081470370292663574e-01
9.088862538337707520e-01
9.088863134384155273e-01
9.128407835960388184e-01
9.118441939353942871e-01
9.132266640663146973e-01
9.119084477424621582e-01
9.161521196365356445e-01
9.128085970878601074e-01
9.153163433074951172e-01
9.169880747795104980e-01
9.161201119422912598e-01
9.160557985305786133e-01
9.161201715469360352e-01
9.196245670318603516e-01
9.181134104728698730e-01
9.205567240715026855e-01
9.222930073738098145e-01
9.204602837562561035e-01
9.215535521507263184e-01
9.233218431472778320e-01
9.217785596847534180e-01
9.227107763290405273e-01
9.257974028587341309e-01
9.254757761955261230e-01
9.224858283996582031e-01
9.249935150146484375e-01
9.266011118888854980e-01
9.236431121826171875e-01
9.248970746994018555e-01
9.266331791877746582e-01
9.265689253807067871e-01
9.278228282928466797e-01
9.281442165374755859e-01
9.274368882179260254e-01
9.263439774513244629e-01
9.275655150413513184e-01
9.263437986373901367e-01
9.269546866416931152e-01
9.276942014694213867e-01
9.279193282127380371e-01
9.293659329414367676e-01
9.264081120491027832e-01
9.281764626502990723e-01
9.304591417312622070e-01
8.881805539131164551e-01
8.893179297447204590e-01
8.889287114143371582e-01
8.899465799331665039e-01
8.908544182777404785e-01
8.893279433250427246e-01
8.886497020721435547e-01
8.904054164886474609e-01
8.899264335632324219e-01
8.898167014122009277e-01
8.918520808219909668e-01
8.926103711128234863e-01
8.923808336257934570e-01
8.925105929374694824e-01
8.926004767417907715e-01
8.940074443817138672e-01
8.929696679115295410e-01
8.939175605773925781e-01
8.929398655891418457e-01
8.942371010780334473e-01
8.939674496650695801e-01
8.942768573760986328e-01
8.953143358230590820e-01
8.948855400085449219e-01
8.945661783218383789e-01
8.951649069786071777e-01
8.958234190940856934e-01
8.946359753608703613e-01
8.949953317642211914e-01
8.958134055137634277e-01
8.954742550849914551e-01
8.958634138107299805e-01
8.954342603683471680e-01
8.970906734466552734e-01
8.963024020195007324e-01
8.966814875602722168e-01
8.976891040802001953e-01
8.969010710716247559e-01
8.984274268150329590e-01
8.984077572822570801e-01
8.981682062149047852e-01
8.968212008476257324e-01
8.987869620323181152e-01
8.971505165100097656e-01
8.981181979179382324e-01
8.988267779350280762e-01
8.982977867126464844e-01
8.987267017364501953e-01
8.987668156623840332e-01
8.982079029083251953e-01
8.995848894119262695e-01
8.990761637687683105e-01
8.995450139045715332e-01
9.007326364517211914e-01
8.975195884704589844e-01
8.996247053146362305e-01
9.001736044883728027e-01
8.998044729232788086e-01
9.009718894958496094e-01
8.997945785522460938e-01
9.005927443504333496e-01
9.000239968299865723e-01
9.008520841598510742e-01
8.993257284164428711e-01
