1.439938396215438843e-01
1.348130553960800171e-01
1.302440464496612549e-01
1.262737661600112915e-01
1.223631426692008972e-01
1.204874888062477112e-01
1.184178441762924194e-01
1.156340613961219788e-01
1.127090081572532654e-01
1.108519956469535828e-01
1.074128597974777222e-01
1.068428903818130493e-01
1.034347638487815857e-01
1.014227569103240967e-01
9.932399541139602661e-02
9.695481508970260620e-02
9.407711774110794067e-02
9.290229529142379761e-02
8.982597291469573975e-02
8.846289664506912231e-02
8.709242939949035645e-02
8.477514982223510742e-02
8.280256390571594238e-02
8.067959547042846680e-02
7.982186973094940186e-02
7.772555947303771973e-02
7.446945458650588989e-02
7.395748794078826904e-02
7.227317988872528076e-02
7.045668363571166992e-02
6.855498999357223511e-02
6.659905612468719482e-02
6.485375761985778809e-02
6.261196732521057129e-02
6.136811152100563049e-02
6.043307483196258545e-02
5.797963589429855347e-02
5.682559311389923096e-02
5.563146993517875671e-02
5.424481257796287537e-02
5.240731313824653625e-02
5.111180990934371948e-02
5.000562220811843872e-02
4.884849116206169128e-02
4.753638058900833130e-02
4.654381424188613892e-02
4.486777260899543762e-02
4.382164031267166138e-02
4.322131350636482239e-02
4.185419157147407532e-02
4.078989103436470032e-02
3.907310590147972107e-02
3.836018219590187073e-02
3.825056552886962891e-02
3.764240071177482605e-02
3.667255118489265442e-02
3.636734932661056519e-02
3.559778630733489990e-02
3.412843868136405945e-02
3.418895229697227478e-02
3.311778604984283447e-02
3.261052444577217102e-02
3.171655163168907166e-02
3.147349506616592407e-02
3.060756623744964600e-02
2.994723618030548096e-02
2.946964465081691742e-02
2.832763455808162689e-02
2.798773162066936493e-02
2.718894928693771362e-02
2.699122205376625061e-02
2.573660947382450104e-02
2.482561580836772919e-02
2.445450052618980408e-02
2.380336634814739227e-02
2.318798005580902100e-02
2.283878810703754425e-02
2.241707034409046173e-02
2.152925729751586914e-02
2.143801376223564148e-02
2.140474505722522736e-02
2.030999585986137390e-02
2.030030079185962677e-02
2.020210027694702148e-02
1.950304955244064331e-02
1.908563822507858276e-02
1.904545538127422333e-02
1.821105740964412689e-02
1.851940527558326721e-02
1.829716749489307404e-02
1.775354519486427307e-02
1.752313226461410522e-02
1.741706579923629761e-02
1.720984466373920441e-02
1.680303923785686493e-02
1.655945554375648499e-02
1.648718304932117462e-02
1.605131849646568298e-02
1.603988371789455414e-02
1.552313752472400665e-02
2.476682886481285095e-02
2.392444945871829987e-02
2.383701317012310028e-02
2.319161966443061829e-02
2.270319126546382904e-02
2.277437224984169006e-02
2.248668111860752106e-02
2.168547920882701874e-02
2.172754518687725067e-02
2.173349261283874512e-02
2.101785503327846527e-02
2.079370990395545959e-02
2.035830728709697723e-02
2.021464519202709198e-02
2.036773785948753357e-02
1.998012512922286987e-02
2.015280537307262421e-02
1.941662095487117767e-02
1.967296190559864044e-02
1.938754878938198090e-02
1.908047497272491455e-02
1.892618276178836823e-02
1.882556639611721039e-02
1.880544051527976990e-02
1.830406300723552704e-02
1.853211596608161926e-02
1.854031160473823547e-02
1.821933686733245850e-02
1.829181797802448273e-02
1.789554022252559662e-02
1.795331574976444244e-02
1.757590845227241516e-02
1.751549541950225830e-02
1.743928343057632446e-02
1.757184043526649475e-02
1.723398640751838684e-02
1.686714589595794678e-02
1.698934100568294525e-02
1.663734018802642822e-02
1.661716774106025696e-02
1.662459783256053925e-02
1.676281169056892395e-02
1.609909720718860626e-02
1.639713533222675323e-02
1.621312275528907776e-02
1.608343236148357391e-02
1.613679528236389160e-02
1.585184782743453979e-02
1.583892107009887695e-02
1.590155437588691711e-02
1.590508036315441132e-02
1.568857394158840179e-02
1.532999146729707718e-02
1.531028375029563904e-02
1.544974185526371002e-02
1.509878970682621002e-02
1.502220146358013153e-02
1.527586858719587326e-02
1.502591557800769806e-02
1.493239682167768478e-02
1.491226442158222198e-02
1.472330093383789062e-02
1.483119092881679535e-02
1.503862999379634857e-02
