5.415981635451316833e-02
5.231034383177757263e-02
5.196724086999893188e-02
5.246448144316673279e-02
5.130169913172721863e-02
5.012478679418563843e-02
4.806840047240257263e-02
4.647847265005111694e-02
4.645001143217086792e-02
4.654290154576301575e-02
4.634219035506248474e-02
4.657166078686714172e-02
4.650112986564636230e-02
4.669535532593727112e-02
4.507281258702278137e-02
4.494521021842956543e-02
4.487415775656700134e-02
4.460880160331726074e-02
4.482502117753028870e-02
4.447660595178604126e-02
4.468024149537086487e-02
4.462298378348350525e-02
4.459190368652343750e-02
4.463219642639160156e-02
4.463611170649528503e-02
4.480652511119842529e-02
