7.049184900000000198e+00
1.030892669999999889e+01
1.357654769999999900e+01
1.686839730000000159e+01
2.011702209999999980e+01
2.342780150000000106e+01
2.677461240000000231e+01
2.999709139999999863e+01
3.328748769999999979e+01
3.660728379999999760e+01
3.986633499999999941e+01
4.314367000000000019e+01
4.640571649999999693e+01
4.971028599999999642e+01
5.835783359999999931e+01
6.698091589999999940e+01
7.562481809999999882e+01
8.426007919999999274e+01
9.291208360000000255e+01
1.015320425999999969e+02
1.101785696999999971e+02
1.188261835999999931e+02
1.275533533000000119e+02
1.361801403000000050e+02
1.448102358000000152e+02
1.534571071000000018e+02
