8.330649733543395996e-01
9.336094856262207031e-01
9.508761167526245117e-01
9.596434235572814941e-01
9.598405957221984863e-01
9.613953232765197754e-01
9.605351090431213379e-01
9.612058401107788086e-01
9.607166647911071777e-01
9.617975354194641113e-01
9.621841907501220703e-01
9.627051353454589844e-01
9.627919793128967285e-01
9.629971385002136230e-01
9.634707570075988770e-01
9.642519950866699219e-01
9.641256332397460938e-01
9.644019603729248047e-01
9.410614967346191406e-01
9.435242414474487305e-01
9.440077543258666992e-01
9.452133774757385254e-01
9.449927806854248047e-01
9.455483555793762207e-01
9.453051686286926270e-01
9.456079006195068359e-01
9.458753466606140137e-01
9.463491439819335938e-01
