1.253116577863693237e-01
4.848846793174743652e-02
2.678523771464824677e-02
1.852193102240562439e-02
1.679837331175804138e-02
1.586686074733734131e-02
1.524962205439805984e-02
1.476572360843420029e-02
1.503456849604845047e-02
1.435849163681268692e-02
1.383535284548997879e-02
1.347043085843324661e-02
1.295079756528139114e-02
1.249050348997116089e-02
1.225609891116619110e-02
1.194355450570583344e-02
1.170046906918287277e-02
1.158947031944990158e-02
2.060881257057189941e-02
1.840569451451301575e-02
1.778644882142543793e-02
1.711682602763175964e-02
1.669629849493503571e-02
1.638965122401714325e-02
1.617076806724071503e-02
1.610937714576721191e-02
1.594712212681770325e-02
1.573261618614196777e-02
