1.834013050000000078e+02
1.899678667999999959e+02
1.961751292999999805e+02
2.023487714000000040e+02
2.085417813999999908e+02
2.146939964000000032e+02
2.208799154999999814e+02
2.270025301000000013e+02
2.333103305999999861e+02
2.393924422999999990e+02
2.455673663000000033e+02
2.515824308999999914e+02
2.576827053000000092e+02
2.640628484000000071e+02
2.700771852000000308e+02
2.767120662000000380e+02
2.832277571000000194e+02
2.893036151000000018e+02
7.983593356000000085e+02
8.174361875000000737e+02
8.366354694000000336e+02
8.557440045000000737e+02
8.748828891000000567e+02
8.939040558000000374e+02
9.130042455999999902e+02
9.326865594000000783e+02
9.517778958999999759e+02
9.710639690000000428e+02
