7.110572500000216678e+00
1.211291200000005119e+01
1.720877870000003895e+01
2.225604460000022300e+01
2.732355430000006891e+01
3.239076420000037615e+01
3.741973710000002029e+01
4.252204870000014125e+01
4.756819380000024466e+01
5.260289120000015828e+01
5.766161850000025879e+01
6.270733190000009927e+01
6.776291750000018510e+01
7.279658360000030370e+01
7.780077810000011596e+01
8.286461980000012773e+01
8.790786310000021331e+01
9.295575580000013360e+01
9.802152820000037536e+01
1.030812273000001369e+02
1.081693629000001238e+02
1.132348172000001796e+02
1.182235543000001599e+02
1.232524441000000479e+02
1.282544207999999344e+02
1.332452356000003419e+02
1.382665274999999383e+02
1.432745485000000372e+02
1.482798643999999513e+02
1.532934748000002401e+02
1.582876287000003686e+02
1.633089775000003101e+02
1.683120779000000766e+02
1.733318490999999995e+02
1.783306233000002976e+02
1.833359745000002476e+02
1.883850692000000890e+02
1.933861821000000418e+02
1.983967138000002706e+02
2.033960732000000462e+02
2.084084175000002688e+02
2.134306629000002431e+02
2.184564954000002217e+02
2.234428903000002720e+02
2.284630759000001490e+02
2.334965048000003662e+02
2.385127781999999570e+02
2.435162133000003450e+02
2.484916863000003104e+02
2.534928598999999849e+02
2.584988694000003306e+02
2.635615881000003355e+02
2.685431968000002598e+02
2.739164427000000614e+02
2.789371169999999438e+02
2.839493464000001950e+02
3.013524836999999934e+02
3.187543413000003056e+02
3.361559313000002476e+02
3.535813771000002816e+02
3.710838854000003266e+02
3.885855857000001379e+02
4.060363280000001396e+02
4.234990363000001707e+02
4.410420665000001463e+02
4.585569739000002301e+02
4.760755798000000141e+02
4.936056459000001269e+02
5.111212083000000348e+02
5.286140374000001430e+02
5.462173213000000942e+02
5.637329110000000583e+02
5.813082100999999966e+02
5.989153037999999469e+02
6.164370507999997244e+02
6.339765533000004325e+02
6.515824471999999332e+02
6.691387531000004856e+02
6.867551932999999735e+02
7.044262470999997277e+02
7.220358965000000353e+02
7.396637586000001647e+02
7.572768258000000969e+02
7.748682069999999840e+02
7.925102677999998377e+02
8.101210975999997572e+02
8.277672724999997627e+02
8.455193297000000712e+02
8.631604442000002564e+02
8.808136712999998963e+02
8.984575171999999839e+02
9.161238413000005494e+02
9.337720475999999508e+02
9.514640739000001304e+02
9.691971829999997681e+02
9.869522760000004382e+02
1.004751322499999787e+03
1.022579206599999907e+03
1.040277884200000244e+03
1.057985583199999837e+03
1.075711275300000580e+03
1.093504292900000564e+03
1.111251918700000260e+03
1.129046400499999891e+03
1.146814789000000474e+03
1.164612966700000015e+03
1.182431768699999793e+03
1.200265129800000523e+03
1.218051042499999767e+03
1.235960270699999910e+03
1.253843137200000001e+03
1.271784268200000497e+03
1.289704723500000455e+03
1.307610317199999827e+03
1.325553603599999860e+03
1.343468290799999977e+03
1.361720019099999718e+03
1.380859740999999758e+03
1.399729592799999864e+03
1.418809872700000142e+03
1.438039250400000583e+03
1.455977201600000171e+03
