2.445079684257507324e-01
2.046446949243545532e-01
1.865706443786621094e-01
1.763925850391387939e-01
1.671493202447891235e-01
1.580383628606796265e-01
1.515342891216278076e-01
1.461953222751617432e-01
1.401804089546203613e-01
1.358761936426162720e-01
1.313891559839248657e-01
1.259288489818572998e-01
1.230114772915840149e-01
1.203013584017753601e-01
1.160995438694953918e-01
1.118581220507621765e-01
1.080435439944267273e-01
1.062198057770729065e-01
1.020301431417465210e-01
9.685484319925308228e-02
9.556704014539718628e-02
9.166284650564193726e-02
8.899649977684020996e-02
8.669412881135940552e-02
8.462394028902053833e-02
8.251677453517913818e-02
7.975301146507263184e-02
7.715746015310287476e-02
7.411163300275802612e-02
7.306605577468872070e-02
7.220348715782165527e-02
6.988769769668579102e-02
6.859291344881057739e-02
6.786140054464340210e-02
6.552549451589584351e-02
6.479776650667190552e-02
6.333465874195098877e-02
6.278552114963531494e-02
6.109208241105079651e-02
6.107192486524581909e-02
6.093456596136093140e-02
5.801211297512054443e-02
5.646736547350883484e-02
5.591153353452682495e-02
5.843225494027137756e-02
5.609143525362014771e-02
5.507440865039825439e-02
5.433830991387367249e-02
5.366730690002441406e-02
5.279115214943885803e-02
5.224790424108505249e-02
5.085067823529243469e-02
5.014896765351295471e-02
4.945936426520347595e-02
5.039265379309654236e-02
4.909100383520126343e-02
4.839544370770454407e-02
4.836105555295944214e-02
4.853098094463348389e-02
4.750132188200950623e-02
4.804344847798347473e-02
4.694769904017448425e-02
4.493515938520431519e-02
4.589567705988883972e-02
4.615982249379158020e-02
4.477403685450553894e-02
4.491702094674110413e-02
4.329121485352516174e-02
4.409163072705268860e-02
4.281361773610115051e-02
4.195759445428848267e-02
4.098264500498771667e-02
4.185988381505012512e-02
3.970772773027420044e-02
4.009792208671569824e-02
3.988340497016906738e-02
4.007802531123161316e-02
3.903147578239440918e-02
3.803230822086334229e-02
3.681741654872894287e-02
3.818995505571365356e-02
3.627837449312210083e-02
3.570653498172760010e-02
3.286613523960113525e-02
3.218462690711021423e-02
3.019089251756668091e-02
3.024178743362426758e-02
2.999988943338394165e-02
2.847501449286937714e-02
2.686468325555324554e-02
2.704782038927078247e-02
2.559271641075611115e-02
2.474672533571720123e-02
2.538415044546127319e-02
2.493562735617160797e-02
2.464464679360389709e-02
2.369516901671886444e-02
2.337459288537502289e-02
2.296726964414119720e-02
2.212121710181236267e-02
2.559964917600154877e-02
2.195539884269237518e-02
2.019042335450649261e-02
1.793148182332515717e-02
1.500468794256448746e-02
1.421308610588312149e-02
1.309876702725887299e-02
1.268578972667455673e-02
1.212047040462493896e-02
1.155409868806600571e-02
1.108757685869932175e-02
1.080139260739088058e-02
1.055870763957500458e-02
1.016362477093935013e-02
9.876156225800514221e-03
9.754498489201068878e-03
9.516553021967411041e-03
9.325599297881126404e-03
9.195326827466487885e-03
8.965352550148963928e-03
8.721721358597278595e-03
8.553760126233100891e-03
8.374624885618686676e-03
8.269243873655796051e-03
8.168756961822509766e-03
8.139928802847862244e-03
7.950610481202602386e-03
7.659792434424161911e-03
7.737504318356513977e-03
7.486171554774045944e-03
7.425376679748296738e-03
7.378427311778068542e-03
7.261137943714857101e-03
7.065963465720415115e-03
6.927660200744867325e-03
7.077212445437908173e-03
6.947546266019344330e-03
6.858779117465019226e-03
6.855050567537546158e-03
6.601307075470685959e-03
6.564221810549497604e-03
6.416467484086751938e-03
6.411276292055845261e-03
6.395591888576745987e-03
6.251931656152009964e-03
6.256741937249898911e-03
6.150878034532070160e-03
5.944248754531145096e-03
5.973115097731351852e-03
5.855765193700790405e-03
5.820113234221935272e-03
5.875486880540847778e-03
5.643349140882492065e-03
5.618517287075519562e-03
5.518034100532531738e-03
5.514061078429222107e-03
5.488012917339801788e-03
5.501901730895042419e-03
5.175333470106124878e-03
5.346640013158321381e-03
5.090841092169284821e-03
5.211221985518932343e-03
5.251472350209951401e-03
4.967842716723680496e-03
5.011945962905883789e-03
4.920420702546834946e-03
4.982788115739822388e-03
4.893779288977384567e-03
4.935145843774080276e-03
4.837093874812126160e-03
4.694235511124134064e-03
4.646344576030969620e-03
4.570047371089458466e-03
4.627981223165988922e-03
4.671892151236534119e-03
4.542530048638582230e-03
4.554683808237314224e-03
4.467022605240345001e-03
4.474491812288761139e-03
4.407295025885105133e-03
4.265022464096546173e-03
4.343290813267230988e-03
4.181967582553625107e-03
4.238139837980270386e-03
4.284760914742946625e-03
4.324437584728002548e-03
