8.727272748947143555e-01
8.749213218688964844e-01
8.737215995788574219e-01
8.766887187957763672e-01
8.740686774253845215e-01
8.742897510528564453e-01
8.757259845733642578e-01
8.727746009826660156e-01
8.722853064537048340e-01
8.757418394088745117e-01
8.536704778671264648e-01
8.522123694419860840e-01
8.512600064277648926e-01
8.519940376281738281e-01
8.518449068069458008e-01
8.518353104591369629e-01
8.542062044143676758e-01
8.520535826683044434e-01
8.515969514846801758e-01
8.532733917236328125e-01
8.536659479141235352e-01
8.523114919662475586e-01
8.524058461189270020e-01
8.512600064277648926e-01
8.531897664070129395e-01
8.531501293182373047e-01
