7.616881599999942409e+00
1.412264499999992040e+01
2.073458909999999378e+01
2.734227160000000367e+01
3.388951539999993656e+01
4.047780239999997320e+01
4.705231229999992593e+01
5.347956439999995837e+01
6.004974909999998545e+01
6.634155219999991004e+01
8.430389089999994212e+01
1.016998887999999397e+02
1.194092011999999841e+02
1.367903007999999545e+02
1.542167218999999250e+02
1.721219777999999678e+02
1.896341339999999036e+02
2.070971917999999050e+02
2.247635312999999542e+02
2.422152006000000029e+02
2.596234475999999631e+02
2.773531748000000334e+02
2.947417663999999604e+02
3.122985747000000174e+02
3.298183902999999191e+02
3.472642065999998522e+02
