2.532717883586883545e-01
2.246324867010116577e-01
2.085072994232177734e-01
1.966774761676788330e-01
1.880760937929153442e-01
1.823561489582061768e-01
1.794236600399017334e-01
1.742103099822998047e-01
1.716629564762115479e-01
1.677112728357315063e-01
1.672784388065338135e-01
1.631242185831069946e-01
1.620660573244094849e-01
1.596684455871582031e-01
1.581622958183288574e-01
1.561564505100250244e-01
1.543349921703338623e-01
1.514076888561248779e-01
1.516742855310440063e-01
1.498778462409973145e-01
1.473636478185653687e-01
1.468366086483001709e-01
1.483037471771240234e-01
1.437826752662658691e-01
1.443301588296890259e-01
1.437578499317169189e-01
1.417375653982162476e-01
1.388846933841705322e-01
1.383382678031921387e-01
1.384815275669097900e-01
1.363131254911422729e-01
1.346663534641265869e-01
1.349332630634307861e-01
1.333269029855728149e-01
1.320882588624954224e-01
1.310161054134368896e-01
1.309525370597839355e-01
1.291371881961822510e-01
1.293338686227798462e-01
1.279049813747406006e-01
1.257551759481430054e-01
1.262958943843841553e-01
1.240378692746162415e-01
1.231174618005752563e-01
1.232268661260604858e-01
1.220780536532402039e-01
1.222058832645416260e-01
1.185072287917137146e-01
1.201133579015731812e-01
1.186483576893806458e-01
1.195690557360649109e-01
1.169538646936416626e-01
1.146913096308708191e-01
1.148474663496017456e-01
1.142336800694465637e-01
1.137622520327568054e-01
1.133747920393943787e-01
1.116490811109542847e-01
1.120968610048294067e-01
1.103693544864654541e-01
1.099368259310722351e-01
1.091591045260429382e-01
1.079456508159637451e-01
1.082884222269058228e-01
1.055566817522048950e-01
1.073152869939804077e-01
1.048099324107170105e-01
1.051361262798309326e-01
1.038365662097930908e-01
1.028565093874931335e-01
1.023914739489555359e-01
1.022130921483039856e-01
1.015748083591461182e-01
9.925886243581771851e-02
9.822081774473190308e-02
9.856037050485610962e-02
9.741362184286117554e-02
9.669417887926101685e-02
9.724505245685577393e-02
9.562945365905761719e-02
9.567430615425109863e-02
9.518082439899444580e-02
9.404481202363967896e-02
9.369167685508728027e-02
9.226218611001968384e-02
9.360150247812271118e-02
9.054762870073318481e-02
9.093026816844940186e-02
9.050934016704559326e-02
8.985846489667892456e-02
9.064256399869918823e-02
8.853141963481903076e-02
8.785850554704666138e-02
8.721955120563507080e-02
8.567767590284347534e-02
8.588608354330062866e-02
8.529777824878692627e-02
8.523853868246078491e-02
8.408748358488082886e-02
8.310107886791229248e-02
8.765599131584167480e-02
8.590220659971237183e-02
8.302871882915496826e-02
8.342741429805755615e-02
8.009517937898635864e-02
7.780810445547103882e-02
7.681012153625488281e-02
7.458437234163284302e-02
7.402633875608444214e-02
7.171047478914260864e-02
7.101194560527801514e-02
6.819763779640197754e-02
6.755904108285903931e-02
6.642487645149230957e-02
6.588709354400634766e-02
6.417833268642425537e-02
6.264203786849975586e-02
6.107878684997558594e-02
6.061273440718650818e-02
5.869752168655395508e-02
5.792769044637680054e-02
5.769601464271545410e-02
5.644838139414787292e-02
5.567729100584983826e-02
5.417902022600173950e-02
5.459282547235488892e-02
5.260835215449333191e-02
5.232241377234458923e-02
5.179162323474884033e-02
5.037574842572212219e-02
5.001324415206909180e-02
5.072723329067230225e-02
4.843682050704956055e-02
4.813310876488685608e-02
4.803890362381935120e-02
4.848216474056243896e-02
4.813551530241966248e-02
4.670786485075950623e-02
4.557015001773834229e-02
4.515068605542182922e-02
4.571000486612319946e-02
4.430657997727394104e-02
4.433684423565864563e-02
4.483892023563385010e-02
4.387355968356132507e-02
4.409094899892807007e-02
4.351921752095222473e-02
4.287871718406677246e-02
4.293106496334075928e-02
4.270597174763679504e-02
4.202724248170852661e-02
4.183207824826240540e-02
4.129462316632270813e-02
4.165498912334442139e-02
4.125647246837615967e-02
4.037503898143768311e-02
4.076524823904037476e-02
4.039201885461807251e-02
4.041891917586326599e-02
3.979203477501869202e-02
4.108322411775588989e-02
