5.322569608688354492e-01
5.409374833106994629e-01
5.432637929916381836e-01
5.490625500679016113e-01
5.445137619972229004e-01
5.458680391311645508e-01
5.471875667572021484e-01
5.478471517562866211e-01
5.455557703971862793e-01
5.501388311386108398e-01
5.482639670372009277e-01
5.519791245460510254e-01
5.489931106567382812e-01
5.486457943916320801e-01
5.502082705497741699e-01
5.464931726455688477e-01
5.502083897590637207e-01
5.459027290344238281e-01
5.542361736297607422e-01
5.475347042083740234e-01
5.529513955116271973e-01
5.524999499320983887e-01
5.479514002799987793e-01
5.557987093925476074e-01
5.576040744781494141e-01
5.513541698455810547e-01
5.569096803665161133e-01
5.542013645172119141e-01
5.513541698455810547e-01
5.561805963516235352e-01
5.563541054725646973e-01
5.510069727897644043e-01
5.546528100967407227e-01
5.738540887832641602e-01
5.780556201934814453e-01
5.869444012641906738e-01
5.887846946716308594e-01
5.905556082725524902e-01
5.945833325386047363e-01
5.943056344985961914e-01
5.976041555404663086e-01
5.985416769981384277e-01
6.030208468437194824e-01
5.969443917274475098e-01
6.036458015441894531e-01
6.026390194892883301e-01
6.049653291702270508e-01
6.093403100967407227e-01
6.125695109367370605e-01
6.109722256660461426e-01
6.122917532920837402e-01
6.097915768623352051e-01
6.045486330986022949e-01
5.857986807823181152e-01
5.941665768623352051e-01
6.039930582046508789e-01
6.128820180892944336e-01
6.187501549720764160e-01
6.251736879348754883e-01
6.241666674613952637e-01
6.277083158493041992e-01
6.306598186492919922e-01
6.315971612930297852e-01
6.342014670372009277e-01
6.310069561004638672e-01
6.335417032241821289e-01
6.329513788223266602e-01
6.341319084167480469e-01
6.371180415153503418e-01
6.424999237060546875e-01
6.403819322586059570e-01
6.463888287544250488e-01
6.413889527320861816e-01
6.422222256660461426e-01
6.422222256660461426e-01
6.423264145851135254e-01
6.398263573646545410e-01
6.379514932632446289e-01
6.477082967758178711e-01
6.451042294502258301e-01
6.436457633972167969e-01
6.450347900390625000e-01
6.481945514678955078e-01
6.459721326828002930e-01
6.491319537162780762e-01
6.495833396911621094e-01
6.440623998641967773e-01
6.470138430595397949e-01
6.514583826065063477e-01
6.511458754539489746e-01
6.454861164093017578e-01
6.442707777023315430e-01
6.485416293144226074e-01
6.542013287544250488e-01
6.472222805023193359e-01
6.548957824707031250e-01
6.534028649330139160e-01
6.609027981758117676e-01
6.703820228576660156e-01
6.742013692855834961e-01
6.750695705413818359e-01
6.782986521720886230e-01
6.911457777023315430e-01
7.008332610130310059e-01
7.076040506362915039e-01
7.121874094009399414e-01
7.203471660614013672e-01
7.289235591888427734e-01
7.270137667655944824e-01
7.258680462837219238e-01
7.332640290260314941e-01
7.287847995758056641e-01
7.350347042083740234e-01
7.349998950958251953e-01
7.393750548362731934e-01
7.343403100967407227e-01
7.390972375869750977e-01
7.394791245460510254e-01
7.304513454437255859e-01
7.343401908874511719e-01
7.370137572288513184e-01
7.383679747581481934e-01
7.398263812065124512e-01
7.357291579246520996e-01
7.315624952316284180e-01
7.364584207534790039e-01
7.362501025199890137e-01
7.401388287544250488e-01
7.383332848548889160e-01
7.421181201934814453e-01
7.364234924316406250e-01
7.409375905990600586e-01
7.347916960716247559e-01
7.326737046241760254e-01
7.352778911590576172e-01
7.339584231376647949e-01
