8.980685092200019426e+01
1.136243290140000681e+02
1.365944984180000574e+02
1.638557888089999324e+02
1.870138266339999973e+02
2.105393039830000816e+02
2.380603258680002909e+02
2.613110291870002584e+02
2.850959567800000514e+02
3.083639821480001046e+02
3.320256084470001952e+02
3.597124009510002907e+02
3.827108115070000167e+02
4.064518797640002958e+02
4.293833558430001176e+02
4.526287853490002817e+02
4.763543184879999899e+02
4.994840073730001677e+02
5.229566239499999938e+02
5.464086042260000795e+02
5.736996229100000164e+02
6.008069668799998908e+02
6.275486920630000895e+02
6.506474310640001022e+02
6.783655143119999593e+02
7.013051372130003074e+02
7.244435486150000543e+02
7.521411925309998878e+02
7.789190743829999519e+02
8.016961862810003367e+02
8.248437996430002386e+02
8.483138295839999046e+02
8.728376582099999723e+02
8.961217600479999419e+02
9.239982767070000591e+02
9.465128281760003119e+02
9.697127488370001629e+02
9.929894288420000521e+02
1.016249080384000081e+03
1.043538323478000166e+03
1.066918394161999913e+03
1.094327494791999925e+03
1.117622686171000169e+03
1.144681364994999967e+03
1.167928989757000181e+03
1.191286726858000293e+03
1.218561480827000196e+03
1.241335164160000204e+03
1.264574662964000254e+03
1.288002277141999912e+03
1.310955652396000005e+03
1.334967567108999901e+03
1.362614907217000109e+03
1.385682821640999919e+03
1.408314150109999900e+03
1.431568837927000004e+03
1.459071190977000242e+03
1.482265592207000282e+03
1.509901677690000270e+03
1.532849534528000277e+03
1.555755756736000421e+03
1.579004224836000049e+03
1.602280678206000175e+03
1.625453390959999979e+03
1.649211329039999782e+03
1.672630390392000209e+03
1.695644927179999740e+03
1.719458661191000374e+03
1.742629904023000108e+03
1.765916099528000359e+03
1.793405807255000127e+03
1.816502231914999811e+03
1.839428257687000496e+03
1.866461943126999813e+03
1.893844369713000106e+03
1.917068570021999676e+03
1.940098055589000523e+03
1.963479480479000358e+03
1.991395706707000045e+03
2.018429089339000257e+03
2.041192494172999886e+03
2.064704724972999884e+03
2.092619210903000294e+03
2.119923195232000126e+03
2.142529395392000424e+03
2.165630855724000412e+03
2.193088057960000242e+03
2.219896943574000488e+03
2.246792023012999834e+03
2.270102705118000358e+03
2.297552364671000305e+03
2.320697493658000440e+03
2.343445850831000371e+03
2.403005627670999729e+03
2.457784895406000487e+03
2.514676119891000326e+03
2.571162945239000237e+03
2.626642026885000178e+03
2.686844333296000059e+03
2.746211273324000558e+03
2.801097165360000417e+03
2.857488198018000276e+03
2.912654424556000322e+03
2.968008756640000229e+03
3.023455550043999665e+03
3.078991841587999716e+03
3.136173103693000030e+03
3.191763605321999876e+03
3.252026698010000018e+03
3.311216784280000411e+03
3.367210059591000118e+03
3.426635880250999890e+03
3.482161627107000186e+03
3.537719035417000214e+03
3.597286572563999925e+03
3.653929469711999900e+03
3.709121265842999946e+03
3.765128905246999693e+03
3.820319856030000210e+03
3.875692723866000506e+03
3.935964685217000351e+03
3.991660490749000473e+03
4.047568800771000042e+03
4.104444385793000038e+03
4.159766201000000365e+03
4.215998119337000389e+03
4.271388749527999607e+03
4.327293250038999759e+03
4.383442297352999958e+03
4.443698044496999501e+03
4.503938555249000274e+03
4.559931561936000435e+03
4.616064003079000031e+03
4.671984093185999882e+03
4.727867344293999849e+03
4.783941489983999418e+03
4.840027952324999205e+03
4.896702043862000210e+03
4.957313437021999562e+03
5.013042352434000350e+03
5.072510461871999723e+03
5.129142432413000279e+03
5.184662347859999500e+03
5.239596309185000791e+03
5.294936623527000847e+03
5.350750871697000548e+03
5.406005836928999997e+03
5.465344389992000288e+03
5.520054483759000505e+03
