4.630605131387710571e-02
4.222300648689270020e-02
4.131067171692848206e-02
4.011578112840652466e-02
3.823897987604141235e-02
3.825002163648605347e-02
3.892617300152778625e-02
3.775996714830398560e-02
3.745504468679428101e-02
3.673982992768287659e-02
3.642107918858528137e-02
3.664383292198181152e-02
3.630811348557472229e-02
3.661343455314636230e-02
3.582182154059410095e-02
3.592877089977264404e-02
3.609219938516616821e-02
3.540445119142532349e-02
3.565158694982528687e-02
3.587384894490242004e-02
3.562695905566215515e-02
3.494153171777725220e-02
3.468854725360870361e-02
3.494223207235336304e-02
3.495145216584205627e-02
3.424213826656341553e-02
3.503145277500152588e-02
5.059273540973663330e-02
4.412053152918815613e-02
4.051895439624786377e-02
3.978533670306205750e-02
3.793597593903541565e-02
3.776074945926666260e-02
3.701141849160194397e-02
3.617402166128158569e-02
3.550749272108078003e-02
3.588783368468284607e-02
3.460140526294708252e-02
3.505928441882133484e-02
3.443300724029541016e-02
3.474255651235580444e-02
3.409570828080177307e-02
3.392402455210685730e-02
3.361777961254119873e-02
3.357803076505661011e-02
3.355088084936141968e-02
3.317172825336456299e-02
3.317568823695182800e-02
3.222046792507171631e-02
3.310785070061683655e-02
3.255013376474380493e-02
3.306521475315093994e-02
3.295652568340301514e-02
3.282382711768150330e-02
3.255623206496238708e-02
3.258188813924789429e-02
3.245546668767929077e-02
3.284668177366256714e-02
3.258222341537475586e-02
3.256813436746597290e-02
3.234488889575004578e-02
3.262644261121749878e-02
3.153258934617042542e-02
3.179670497775077820e-02
3.139570355415344238e-02
3.200804069638252258e-02
3.226858004927635193e-02
3.158820793032646179e-02
3.215680271387100220e-02
3.171668946743011475e-02
3.140327706933021545e-02
3.199391439557075500e-02
3.157366067171096802e-02
3.143512830138206482e-02
3.099193982779979706e-02
3.083990514278411865e-02
3.130824491381645203e-02
3.154774382710456848e-02
3.042053245007991791e-02
3.137050569057464600e-02
3.081220574676990509e-02
3.084140457212924957e-02
3.128169849514961243e-02
3.062788769602775574e-02
3.059659898281097412e-02
3.097032010555267334e-02
3.087438642978668213e-02
3.116195835173130035e-02
3.157401457428932190e-02
4.473559558391571045e-02
4.141259565949440002e-02
3.845597803592681885e-02
3.752315416932106018e-02
3.717609122395515442e-02
3.643433749675750732e-02
3.616350889205932617e-02
3.519580885767936707e-02
3.473000600934028625e-02
3.470451012253761292e-02
3.438739851117134094e-02
3.477289900183677673e-02
3.358954191207885742e-02
3.451107814908027649e-02
3.366808220744132996e-02
3.365655988454818726e-02
3.367279842495918274e-02
3.318255767226219177e-02
3.321062028408050537e-02
3.315061703324317932e-02
3.283499553799629211e-02
3.279889747500419617e-02
3.282272443175315857e-02
3.189659118652343750e-02
3.190314769744873047e-02
3.202624619007110596e-02
3.139912709593772888e-02
3.108494915068149567e-02
3.142809867858886719e-02
3.201799467206001282e-02
4.701323434710502625e-02
4.100464656949043274e-02
3.851898387074470520e-02
3.802342340350151062e-02
3.673176094889640808e-02
3.529658541083335876e-02
3.478913381695747375e-02
3.519844636321067810e-02
3.468078002333641052e-02
3.504863381385803223e-02
3.444078564643859863e-02
3.351710364222526550e-02
3.393119201064109802e-02
3.338886424899101257e-02
3.332288190722465515e-02
3.258938342332839966e-02
3.316211327910423279e-02
3.174749389290809631e-02
3.212331235408782959e-02
3.180316463112831116e-02
3.189937397837638855e-02
3.160658478736877441e-02
3.177759423851966858e-02
3.185907006263732910e-02
3.140229359269142151e-02
3.137960284948348999e-02
3.078630752861499786e-02
3.093982487916946411e-02
3.151971474289894104e-02
3.114300034940242767e-02
3.110453113913536072e-02
3.089732117950916290e-02
3.086905553936958313e-02
3.080864995718002319e-02
3.093075193464756012e-02
3.065735101699829102e-02
3.086377866566181183e-02
3.624129295349121094e-02
3.507485985755920410e-02
3.472216427326202393e-02
3.330972418189048767e-02
3.333253785967826843e-02
3.325345367193222046e-02
3.296529874205589294e-02
3.279969841241836548e-02
3.255888447165489197e-02
3.272089362144470215e-02
3.275722637772560120e-02
3.216296434402465820e-02
3.240747749805450439e-02
3.259649872779846191e-02
3.268325701355934143e-02
3.191434219479560852e-02
3.110547550022602081e-02
3.144302964210510254e-02
3.176163882017135620e-02
3.073056414723396301e-02
3.150077536702156067e-02
3.077196888625621796e-02
3.111021965742111206e-02
3.113413043320178986e-02
3.082397952675819397e-02
3.038463182747364044e-02
3.157278150320053101e-02
3.202400356531143188e-02
3.143023326992988586e-02
3.141267597675323486e-02
3.145617619156837463e-02
3.095255792140960693e-02
3.123595565557479858e-02
3.155841305851936340e-02
3.346087038516998291e-02
3.352170065045356750e-02
3.353369608521461487e-02
3.366001695394515991e-02
3.376587852835655212e-02
3.257507458329200745e-02
3.270718455314636230e-02
3.278131783008575439e-02
3.310703113675117493e-02
3.275757282972335815e-02
3.248505294322967529e-02
3.196176514029502869e-02
3.229327127337455750e-02
3.266538307070732117e-02
3.210070729255676270e-02
3.198938071727752686e-02
3.223742172122001648e-02
3.199547901749610901e-02
3.204167261719703674e-02
3.168548643589019775e-02
3.159743547439575195e-02
3.163026645779609680e-02
3.183216601610183716e-02
3.173083439469337463e-02
3.218582272529602051e-02
3.157162293791770935e-02
3.156272321939468384e-02
3.246711567044258118e-02
3.130951523780822754e-02
3.149873390793800354e-02
3.168312460184097290e-02
3.174338117241859436e-02
3.055212087929248810e-02
3.158332780003547668e-02
3.168301284313201904e-02
