4.493111999999973705e+01
4.875814229999969029e+01
5.257729669999980615e+01
5.640239459999975224e+01
6.022066879999965749e+01
6.403961909999998170e+01
6.789954629999965618e+01
7.173206789999994726e+01
7.555274770000005446e+01
7.936481809999986581e+01
8.303432339999972100e+01
8.679061950000004799e+01
9.084919880000006742e+01
9.476705730000003314e+01
9.862491239999963000e+01
1.025068770999996559e+02
1.064508437999998023e+02
1.101479242999998860e+02
1.139186930999999277e+02
1.175667370999999548e+02
1.211566241999998965e+02
1.247509034999998221e+02
2.247910300999997162e+02
2.362203246999997646e+02
2.477244570999996540e+02
2.596520868999996310e+02
2.712607608999996955e+02
2.828814414999997098e+02
2.946083667999996578e+02
3.059183009999997012e+02
3.174190785999999207e+02
3.290056024000000434e+02
3.403772152999999889e+02
3.524187259000000267e+02
3.652165980999998283e+02
