7.445314526557922363e-02
3.566677123308181763e-02
2.470664307475090027e-02
2.434496209025382996e-02
2.492999471724033356e-02
2.440497092902660370e-02
2.487570792436599731e-02
2.464436925947666168e-02
2.449115924537181854e-02
2.458979375660419464e-02
2.449905499815940857e-02
2.434277720749378204e-02
2.435274049639701843e-02
2.447644248604774475e-02
2.475741505622863770e-02
2.309540659189224243e-02
2.136808261275291443e-02
2.134091034531593323e-02
1.636176183819770813e-02
1.221921294927597046e-02
7.507755421102046967e-03
6.062590982764959335e-03
5.502352025359869003e-03
3.082242328673601151e-03
1.910672523081302643e-03
1.666488125920295715e-03
1.738969935104250908e-03
1.269385451450943947e-03
1.024652621708810329e-03
7.205650326795876026e-04
5.162159795872867107e-04
6.298901280388236046e-04
6.470621447078883648e-04
5.283168284222483635e-04
5.181914893910288811e-04
5.247560329735279083e-04
5.084755830466747284e-04
4.600933170877397060e-04
4.439357144292443991e-04
5.509352777153253555e-04
9.484014473855495453e-03
5.645000841468572617e-03
4.084975924342870712e-03
3.454092191532254219e-03
2.733132336288690567e-03
2.506793010979890823e-03
2.377414144575595856e-03
2.100802259519696236e-03
1.947296550497412682e-03
1.851574401371181011e-03
1.815239898860454559e-03
1.620898139663040638e-03
1.680409186519682407e-03
1.539702992886304855e-03
1.563851605169475079e-03
1.443220535293221474e-03
1.479222206398844719e-03
1.427082112058997154e-03
1.399330445565283298e-03
1.393051585182547569e-03
1.283625490032136440e-03
1.324336510151624680e-03
1.412755111232399940e-03
1.315323170274496078e-03
1.243206323124468327e-03
1.221324084326624870e-03
1.282818964682519436e-03
1.254182774573564529e-03
1.181325875222682953e-03
1.144922920502722263e-03
1.212426694110035896e-03
1.192355062812566757e-03
1.079227076843380928e-03
1.241463818587362766e-03
1.077006454579532146e-03
1.059189788065850735e-03
1.107218093238770962e-03
1.141974818892776966e-03
1.137833227403461933e-03
9.946234058588743210e-04
1.095169689506292343e-03
1.135990372858941555e-03
1.199596445076167583e-03
