4.364073999999988018e+00
7.707452099999983375e+00
1.103009430000000179e+01
1.430683249999998452e+01
1.756608130000000756e+01
2.097921979999998143e+01
2.423670119999999883e+01
2.753648970000000418e+01
3.086773990000000367e+01
3.414854449999998565e+01
3.748537109999998052e+01
4.073506319999998482e+01
4.406739149999998517e+01
4.737749959999999305e+01
5.071140739999998459e+01
5.397070879999998283e+01
5.740278089999998201e+01
6.075157099999998422e+01
6.404942529999999579e+01
6.736535169999999084e+01
7.061340579999998113e+01
7.396271939999999745e+01
7.730112409999998135e+01
8.060390010000000416e+01
8.384162839999999051e+01
8.709697689999998715e+01
9.046580599999998640e+01
9.370112499999999045e+01
9.701282720000000381e+01
1.003451174999999864e+02
1.035877488999999798e+02
1.069410534999999811e+02
1.102106290000000115e+02
1.133897144999999966e+02
1.167811541999999747e+02
1.200844909000000200e+02
1.233274694000000125e+02
1.266196063999999808e+02
1.300565324000000089e+02
1.333023909999999717e+02
1.437567289999999787e+02
1.541615119999999877e+02
1.644604341999999804e+02
1.750057963999999799e+02
1.854449810000000127e+02
1.957111106000000120e+02
2.060975623999999868e+02
2.164954059000000086e+02
2.267194962999999746e+02
2.370633203999999807e+02
2.475945839000000035e+02
2.579497818999999481e+02
2.684447264000000359e+02
2.789104843000000074e+02
2.891633206000000200e+02
2.993469853000000285e+02
3.097181620000000066e+02
3.201665688000000500e+02
3.305497367000000395e+02
3.409555675999999949e+02
3.512652636000000257e+02
3.617372434999999768e+02
3.722055252000000110e+02
3.826213912000000619e+02
3.931795964000000367e+02
4.035425519000000349e+02
4.139445127000000184e+02
4.245611231999999973e+02
4.349940867000000253e+02
4.452590400000000272e+02
4.556968080000000327e+02
4.661223230000000513e+02
4.764327336999999716e+02
4.868213170000000218e+02
4.973151975000000675e+02
5.076724318999999923e+02
5.181258942000000616e+02
5.285035348000000113e+02
5.389908040000000256e+02
5.495617762000000539e+02
5.600147531000000072e+02
5.703824156000000585e+02
5.811079616000000669e+02
