7.563979029655456543e-01
9.594264626502990723e-01
9.754372239112854004e-01
9.799062013626098633e-01
9.817706942558288574e-01
9.838284850120544434e-01
9.839248657226562500e-01
9.853072762489318848e-01
9.858217835426330566e-01
9.869148731231689453e-01
9.857251644134521484e-01
9.865933656692504883e-01
9.867220520973205566e-01
9.878150820732116699e-01
9.878150820732116699e-01
9.889725446701049805e-01
9.892619252204895020e-01
9.885545372962951660e-01
9.888117909431457520e-01
9.894546866416931152e-01
9.901298880577087402e-01
9.890367984771728516e-01
9.891011118888854980e-01
9.896477460861206055e-01
9.902585148811340332e-01
9.906765222549438477e-01
9.897119998931884766e-01
9.911265969276428223e-01
9.915122985839843750e-01
9.912230372428894043e-01
9.913837909698486328e-01
9.911265969276428223e-01
9.917052388191223145e-01
9.915444850921630859e-01
9.918659329414367676e-01
9.918017983436584473e-01
9.923481941223144531e-01
9.927982687950134277e-01
9.921553730964660645e-01
9.924125671386718750e-01
9.935699105262756348e-01
9.926055073738098145e-01
9.924768805503845215e-01
9.923804998397827148e-01
9.656669497489929199e-01
9.709551334381103516e-01
9.735890626907348633e-01
9.741077423095703125e-01
9.752156138420104980e-01
9.749560952186584473e-01
9.758841991424560547e-01
9.766818284988403320e-01
9.762830138206481934e-01
9.764326214790344238e-01
9.772407412528991699e-01
9.782690405845642090e-01
9.769017100334167480e-01
9.772508740425109863e-01
9.770614504814147949e-01
9.771709442138671875e-01
9.774004817008972168e-01
9.774706363677978516e-01
9.786477684974670410e-01
9.772111773490905762e-01
9.777895808219909668e-01
9.788671731948852539e-01
9.778097867965698242e-01
