6.929030269384384155e-02
4.637967422604560852e-02
4.610687121748924255e-02
4.614970088005065918e-02
4.610552638769149780e-02
4.616729542613029480e-02
4.612101241946220398e-02
4.613094031810760498e-02
4.619839042425155640e-02
4.620289430022239685e-02
4.621002450585365295e-02
4.420658573508262634e-02
4.408863186836242676e-02
4.395400732755661011e-02
4.382202401757240295e-02
2.954878658056259155e-02
1.563783176243305206e-02
8.894921280443668365e-03
6.024118047207593918e-03
5.017004907131195068e-03
4.488653969019651413e-03
3.929830156266689301e-03
3.555575385689735413e-03
3.362495452165603638e-03
3.210998373106122017e-03
3.041141433641314507e-03
2.933323150500655174e-03
2.769935876131057739e-03
2.649028319865465164e-03
2.618158236145973206e-03
2.602693391963839531e-03
2.463612472638487816e-03
2.478870330378413200e-03
2.417685929685831070e-03
2.409992273896932602e-03
2.220503985881805420e-03
2.247283933684229851e-03
2.254182705655694008e-03
2.189359627664089203e-03
2.092034323140978813e-03
2.134498441591858864e-03
2.138054929673671722e-03
2.123780315741896629e-03
2.066715620458126068e-03
2.054437994956970215e-03
2.030757721513509750e-03
2.077906392514705658e-03
1.975863473489880562e-03
1.949755591340363026e-03
1.999300438910722733e-03
1.835376489907503128e-03
1.996792852878570557e-03
1.896677073091268539e-03
1.862947130575776100e-03
1.913072890602052212e-03
1.830457942560315132e-03
1.901093870401382446e-03
1.756080775521695614e-03
1.862638164311647415e-03
1.737758284434676170e-03
1.708428142592310905e-03
1.792666735127568245e-03
1.766318222507834435e-03
1.750146271660923958e-03
1.724762609228491783e-03
1.768394024111330509e-03
1.647824072279036045e-03
1.712190802209079266e-03
1.592335989698767662e-03
1.623280579224228859e-03
1.594589091837406158e-03
1.626522047445178032e-03
1.642882474698126316e-03
1.604120363481342793e-03
1.740181120112538338e-03
