5.464294552803039551e-01
5.990742444992065430e-01
6.455994248390197754e-01
6.943282485008239746e-01
7.459443807601928711e-01
7.953662276268005371e-01
8.383371233940124512e-01
8.722385764122009277e-01
8.985960483551025391e-01
9.136216640472412109e-01
9.223532080650329590e-01
9.284119606018066406e-01
9.300841093063354492e-01
9.320544004440307617e-01
9.345871806144714355e-01
9.329779744148254395e-01
9.352821707725524902e-01
9.365343451499938965e-01
9.359259605407714844e-01
9.387269020080566406e-01
9.388198852539062500e-01
9.405668973922729492e-01
9.402683377265930176e-01
9.398064613342285156e-01
9.404336214065551758e-01
9.406856894493103027e-01
9.436357021331787109e-01
9.431972503662109375e-01
9.444611668586730957e-01
9.455061554908752441e-01
9.445523023605346680e-01
9.473438262939453125e-01
9.460239410400390625e-01
9.502425193786621094e-01
9.483721256256103516e-01
9.499044418334960938e-01
9.475885629653930664e-01
9.506273865699768066e-01
9.517116546630859375e-01
9.527611732482910156e-01
9.529151320457458496e-01
9.527099132537841797e-01
9.518516063690185547e-01
9.515227079391479492e-01
9.540531039237976074e-01
9.547901153564453125e-01
9.544239640235900879e-01
9.545803070068359375e-01
9.551657438278198242e-01
9.559886455535888672e-01
9.553475379943847656e-01
9.564016461372375488e-01
9.554501175880432129e-01
9.559443593025207520e-01
9.553219079971313477e-01
9.568796753883361816e-01
9.578941464424133301e-01
9.566790461540222168e-01
9.447960257530212402e-01
9.478991031646728516e-01
9.532048106193542480e-01
9.664816260337829590e-01
9.689525365829467773e-01
9.700406193733215332e-01
9.715197086334228516e-01
9.727762937545776367e-01
9.740301370620727539e-01
9.747356772422790527e-01
9.758573174476623535e-01
9.764506816864013672e-01
9.772277474403381348e-01
9.775306582450866699e-01
9.779208898544311523e-01
9.783768057823181152e-01
9.785964488983154297e-01
9.788421392440795898e-01
9.791422486305236816e-01
9.794453978538513184e-01
9.795799255371093750e-01
9.797557592391967773e-01
9.799020886421203613e-01
9.800413846969604492e-01
9.801936149597167969e-01
9.799910783767700195e-01
9.800903201103210449e-01
9.801838397979736328e-01
9.801036715507507324e-01
9.801365733146667480e-01
9.799632430076599121e-01
9.803254604339599609e-01
9.804680943489074707e-01
9.807761311531066895e-01
9.809184074401855469e-01
9.807576537132263184e-01
9.809537529945373535e-01
9.807522296905517578e-01
9.806702136993408203e-01
9.807311892509460449e-01
9.808020591735839844e-01
9.807449579238891602e-01
9.809222817420959473e-01
9.807063937187194824e-01
9.807438850402832031e-01
9.807671308517456055e-01
9.808340072631835938e-01
9.808055162429809570e-01
9.810249805450439453e-01
9.811069369316101074e-01
9.810702204704284668e-01
9.815424084663391113e-01
9.818736314773559570e-01
9.818819165229797363e-01
9.818449020385742188e-01
9.821438789367675781e-01
9.820448756217956543e-01
9.822378158569335938e-01
9.821646213531494141e-01
9.821808934211730957e-01
9.823905229568481445e-01
9.825200438499450684e-01
9.826647043228149414e-01
9.825736880302429199e-01
9.825714826583862305e-01
9.824321866035461426e-01
9.822781682014465332e-01
9.741327762603759766e-01
9.743449091911315918e-01
9.745849967002868652e-01
9.747093915939331055e-01
9.748165011405944824e-01
9.749183058738708496e-01
9.750874638557434082e-01
9.751562476158142090e-01
9.753264188766479492e-01
9.754499793052673340e-01
9.755771756172180176e-01
9.756709933280944824e-01
9.757655262947082520e-01
9.758391976356506348e-01
9.758938550949096680e-01
9.759638905525207520e-01
9.760627746582031250e-01
9.761611819267272949e-01
9.762759208679199219e-01
9.764090776443481445e-01
9.764534831047058105e-01
9.765881896018981934e-01
9.766411781311035156e-01
9.766774177551269531e-01
9.767302274703979492e-01
9.768179655075073242e-01
9.768818616867065430e-01
9.768739938735961914e-01
9.769080877304077148e-01
9.769663810729980469e-01
9.770224690437316895e-01
9.770699739456176758e-01
9.770936369895935059e-01
9.770393371582031250e-01
9.770879149436950684e-01
9.770876169204711914e-01
9.771073460578918457e-01
9.741561412811279297e-01
9.740792512893676758e-01
9.741551280021667480e-01
9.742276072502136230e-01
9.743008613586425781e-01
9.743561148643493652e-01
9.744380712509155273e-01
9.745173454284667969e-01
9.745986461639404297e-01
9.746469855308532715e-01
9.747195243835449219e-01
9.747568964958190918e-01
9.748346805572509766e-01
9.748745560646057129e-01
9.749326109886169434e-01
9.750142693519592285e-01
9.750841856002807617e-01
9.751006364822387695e-01
9.751673936843872070e-01
