8.415117114782333374e-02
4.820544645190238953e-02
3.660138696432113647e-02
2.903670258820056915e-02
2.430576272308826447e-02
2.067692577838897705e-02
1.751098595559597015e-02
1.554017979651689529e-02
1.327765081077814102e-02
1.206767279654741287e-02
1.084032468497753143e-02
1.014783419668674469e-02
9.016334079205989838e-03
8.727977052330970764e-03
8.133314549922943115e-03
7.639530580490827560e-03
7.400884758681058884e-03
6.952193100005388260e-03
6.664124317467212677e-03
6.427331827580928802e-03
6.108660250902175903e-03
5.725782364606857300e-03
5.637553986161947250e-03
5.664622876793146133e-03
5.347115918993949890e-03
5.317257717251777649e-03
5.086702760308980942e-03
4.954165313392877579e-03
4.773816093802452087e-03
4.851524252444505692e-03
4.561642650514841080e-03
4.578743595629930496e-03
4.387536551803350449e-03
4.298132378607988358e-03
4.218432120978832245e-03
4.155692644417285919e-03
4.101343918591737747e-03
3.914371598511934280e-03
3.760074032470583916e-03
3.871502820402383804e-03
3.607912454754114151e-03
3.683998715132474899e-03
3.588727442547678947e-03
3.527766559273004532e-03
3.467255039140582085e-03
3.579399781301617622e-03
3.436921630054712296e-03
3.373136743903160095e-03
3.321242053061723709e-03
3.259284188970923424e-03
3.212575800716876984e-03
3.092378843575716019e-03
3.185028675943613052e-03
3.136576386168599129e-03
3.149159485474228859e-03
3.029292915016412735e-03
2.995059126988053322e-03
2.889359602704644203e-03
2.999888965860009193e-03
2.760453382506966591e-03
2.964072627946734428e-03
9.281709790229797363e-03
8.568648248910903931e-03
8.172874338924884796e-03
7.742350921034812927e-03
7.469170261174440384e-03
7.195922080427408218e-03
7.073882035911083221e-03
6.834822241216897964e-03
6.600230932235717773e-03
6.528199184685945511e-03
6.353695876896381378e-03
6.119494326412677765e-03
6.062576547265052795e-03
5.951076745986938477e-03
5.785242654383182526e-03
5.688416771590709686e-03
5.535669159144163132e-03
5.449090152978897095e-03
5.273485090583562851e-03
5.202407483011484146e-03
5.214118864387273788e-03
5.062525626271963120e-03
4.965581465512514114e-03
4.967844579368829727e-03
4.876442253589630127e-03
4.841486923396587372e-03
4.692198708653450012e-03
4.651827737689018250e-03
4.586856346577405930e-03
4.488845355808734894e-03
4.503349773585796356e-03
4.399175755679607391e-03
4.295101389288902283e-03
4.282097332179546356e-03
4.263741895556449890e-03
4.214108455926179886e-03
4.038072656840085983e-03
4.138492979109287262e-03
4.038103856146335602e-03
3.991059493273496628e-03
3.915569279342889786e-03
3.909821622073650360e-03
3.853421192616224289e-03
3.837410360574722290e-03
3.767664078623056412e-03
3.705888055264949799e-03
3.781661391258239746e-03
3.690944751724600792e-03
3.589999629184603691e-03
3.639417700469493866e-03
3.604650497436523438e-03
3.499996382743120193e-03
3.611939959228038788e-03
3.510447917506098747e-03
3.468472277745604515e-03
3.474328434094786644e-03
3.416113089770078659e-03
3.413098864257335663e-03
3.373556770384311676e-03
3.406509757041931152e-03
3.352032043039798737e-03
3.302267985418438911e-03
3.319858107715845108e-03
3.243820741772651672e-03
3.254605457186698914e-03
3.303124569356441498e-03
3.170646494254469872e-03
3.175227669999003410e-03
3.187424503266811371e-03
3.166329581290483475e-03
3.181556239724159241e-03
3.142845584079623222e-03
3.054574830457568169e-03
3.087017452344298363e-03
3.026408376172184944e-03
3.086037933826446533e-03
3.029250772669911385e-03
2.986499341204762459e-03
3.037786576896905899e-03
3.040365176275372505e-03
2.993668895214796066e-03
2.926417393609881401e-03
3.055864479392766953e-03
