1.889033360000030370e+01
3.711146160000134842e+01
5.544312669999999343e+01
7.379677880000053847e+01
9.204236080000009679e+01
1.101778083000008337e+02
1.283397772000007535e+02
1.472269190999995772e+02
1.654844019000011031e+02
1.836543158000004041e+02
2.018972886999999901e+02
2.200960498000004009e+02
2.383024604000002000e+02
2.565968379000005370e+02
2.747570234000013443e+02
2.929162979000011546e+02
3.111134225000005245e+02
3.293416765000001760e+02
3.475382783000004565e+02
3.663959617000000435e+02
3.845872761999999057e+02
4.026345493999997416e+02
4.209287424000012834e+02
4.389988618000006682e+02
4.571395315999998274e+02
4.752652924000012717e+02
4.933286415000002307e+02
5.114041295999995782e+02
5.297277229999999690e+02
5.478497665000013512e+02
5.658643891000010626e+02
5.847612074999997276e+02
6.029221319999996922e+02
6.209382710999998380e+02
6.389963662000009208e+02
6.571302214000006643e+02
6.749956168999997317e+02
6.930612180999996781e+02
7.110420032000001811e+02
7.289974911999997857e+02
7.469114858000011736e+02
7.649405886000004102e+02
7.828316348000007565e+02
8.009211742999996204e+02
8.193993559999998979e+02
8.373452229000013176e+02
8.553498871000010695e+02
8.732887642000005144e+02
8.910006487999999081e+02
9.088427074000010180e+02
9.266317591999995784e+02
9.443614603000005445e+02
9.620624664000006305e+02
9.798257083999997121e+02
9.973875392999998439e+02
1.015183243400000720e+03
1.032834331800000655e+03
1.051074085199999899e+03
1.068779489700000340e+03
1.086624074999999721e+03
1.104151260900000125e+03
1.121800062199999957e+03
1.139265368600001239e+03
1.156644869300000209e+03
1.174309862500000236e+03
1.191864522600000782e+03
1.209368391400001201e+03
1.226908949000000575e+03
1.244466231600001265e+03
1.262065973900000245e+03
1.280249371500000052e+03
1.297628042100001039e+03
1.315055559500000527e+03
1.332524060699999609e+03
1.349997077699999863e+03
1.367314580000000205e+03
1.384838697799999863e+03
1.402276012100001026e+03
1.419782387500001278e+03
1.437267405800001143e+03
1.454729596900000615e+03
1.472008924499999921e+03
1.533591479099999560e+03
1.594720387000001210e+03
1.655716674900000726e+03
1.716929442000000563e+03
1.778876572000001033e+03
1.840780287600000520e+03
1.901711506400000872e+03
1.962541046500000448e+03
2.023118842900001255e+03
2.084700133399999686e+03
2.145327088800000638e+03
2.206020576099999744e+03
2.266939434199999596e+03
2.327699487400001090e+03
2.389083857200001148e+03
2.449929670600000463e+03
2.510324327800000901e+03
2.570841100700001334e+03
2.631922870100001091e+03
2.692192673600000489e+03
2.752318624999999884e+03
2.812400783799999772e+03
2.873296050400000240e+03
2.933044759300000806e+03
2.992843797800000175e+03
3.052820180700000492e+03
3.112786186100000123e+03
3.173278747600001225e+03
3.233330952099999195e+03
3.293287371100001110e+03
3.353152586300000621e+03
3.413052084799999648e+03
3.473470791500001724e+03
3.533639268799999627e+03
3.593345035399999688e+03
3.653234340500001053e+03
3.712940607900001851e+03
3.773420248000000356e+03
3.832701803699999800e+03
3.891959488599999531e+03
3.951570783900000606e+03
4.011622919600000387e+03
4.071101872000001094e+03
4.130403232200000275e+03
4.189578864900000553e+03
4.248500185800001418e+03
4.308514364299999215e+03
4.367529094700001224e+03
4.426531561599998895e+03
4.485789380000000165e+03
4.545168398800002251e+03
4.605133390799999688e+03
4.664739300600000206e+03
4.723864308700000038e+03
4.783072383000000627e+03
4.843108342800000173e+03
4.902119160600001123e+03
4.961449060299999474e+03
5.020780594599998949e+03
5.080058465100000831e+03
5.139742960300000050e+03
5.199085246399999960e+03
5.258330859100000453e+03
5.317528688399999737e+03
5.377521493400001418e+03
5.437390992800001186e+03
