7.403001189231872559e-01
9.129348397254943848e-01
9.530176520347595215e-01
9.613790512084960938e-01
9.634186625480651855e-01
9.644162058830261230e-01
9.643727540969848633e-01
9.655202627182006836e-01
9.656149148941040039e-01
9.660791158676147461e-01
9.672505855560302734e-01
9.664973020553588867e-01
9.675282239913940430e-01
9.669934511184692383e-01
9.684024453163146973e-01
9.690451025962829590e-01
9.693750143051147461e-01
9.699736237525939941e-01
9.696857929229736328e-01
9.710121750831604004e-01
9.700896739959716797e-01
