1.723862439393997192e-01
7.700087130069732666e-02
3.246136009693145752e-02
1.574283465743064880e-02
1.107429899275302887e-02
8.842960000038146973e-03
7.749846670776605606e-03
6.970253773033618927e-03
6.333301309496164322e-03
5.812355317175388336e-03
5.245843436568975449e-03
4.827703814953565598e-03
4.579825326800346375e-03
4.324436187744140625e-03
4.099869169294834137e-03
3.820394165813922882e-03
3.655790584161877632e-03
3.403742099180817604e-03
3.249819856137037277e-03
3.087564138695597649e-03
2.926989458501338959e-03
