4.215847349999967264e+01
4.688448210000024119e+01
5.161621790000026522e+01
5.637562369999977818e+01
6.110609939999994822e+01
6.583543120000013005e+01
7.059321939999972528e+01
7.531854629999997996e+01
8.003041070000017498e+01
8.477487949999976991e+01
8.948813549999977113e+01
9.424065210000026127e+01
9.896250549999967916e+01
1.036675722999998470e+02
1.084163085000000137e+02
1.131304828000002090e+02
1.178534732999996777e+02
1.225957726999995430e+02
1.272996440999995684e+02
1.320263988999995490e+02
1.367734018000001015e+02
