4.409949340000002849e+01
4.880480279999937920e+01
5.354164339999988442e+01
5.829221099999995204e+01
6.301265129999956116e+01
6.773020949999954610e+01
7.247412179999992077e+01
7.719266019999940909e+01
8.191011759999946662e+01
8.665977549999934126e+01
9.137491210000007413e+01
9.611986299999989569e+01
1.008441573999998582e+02
1.055537264999993567e+02
1.102916090999997323e+02
1.149985281999997824e+02
1.197234179999995831e+02
1.244577988000000914e+02
1.291607479999993302e+02
1.338597555999995166e+02
1.386009381999992911e+02
1.433039190999998027e+02
1.480419241999998121e+02
1.527421166999993147e+02
1.574444446999996217e+02
1.621986214999997173e+02
1.669046420999993643e+02
1.716352981999998519e+02
1.763398288999997021e+02
1.810407256999997117e+02
1.857728934999995545e+02
1.904728670999993483e+02
1.952015346999996837e+02
1.999318852999995215e+02
2.046417551999993520e+02
2.093759234999997716e+02
2.140769439999994574e+02
2.187858173999993596e+02
2.235279894999994212e+02
2.282403702000001431e+02
2.332318114999998215e+02
2.379572127000001274e+02
2.426989994999994451e+02
2.476416519999993398e+02
2.523710594999993191e+02
2.571160671999996339e+02
2.618420120000000679e+02
2.669593463000001066e+02
2.717182973999997557e+02
2.764316027999993821e+02
2.811725644999996803e+02
2.859475549999997384e+02
2.906513324999996257e+02
2.954225618999998915e+02
3.001533080999997765e+02
3.055677897999994457e+02
3.103382186999997430e+02
3.150509525999996185e+02
3.198094255999994857e+02
3.245253834999994069e+02
3.292689170999992712e+02
3.340319823999998334e+02
3.387524122999993779e+02
3.438831178000000364e+02
3.486114404999998442e+02
3.533693721999998161e+02
3.581612546999995175e+02
3.629876925999997184e+02
3.677412048999995022e+02
3.725231456000001344e+02
3.772325936999995974e+02
3.822723213999997824e+02
3.870184573999995337e+02
3.918489521000001332e+02
3.967172450999996727e+02
4.014794764999996914e+02
4.062043180999999095e+02
4.108964710000000196e+02
4.156162457000000359e+02
4.203488750999995318e+02
4.250651436999996804e+02
4.298004775999997946e+02
4.345189488999994865e+02
4.392360805999996956e+02
4.439827187000000777e+02
4.487069537999996101e+02
4.534330925999993269e+02
4.581805103999995481e+02
4.628882874999999331e+02
4.676349767000001521e+02
4.723493723000001410e+02
4.787960533999994368e+02
4.834831795000000056e+02
4.881695550999993429e+02
4.928700143999994907e+02
4.975568675999993502e+02
5.022566550999999890e+02
5.069891211999993175e+02
5.116978006999997888e+02
5.164079918999996153e+02
