8.253762125968933105e-01
8.728298544883728027e-01
8.783275485038757324e-01
8.764467835426330566e-01
8.754339814186096191e-01
8.748553395271301270e-01
8.747106194496154785e-01
8.739871978759765625e-01
8.734085559844970703e-01
8.793402314186096191e-01
8.774594664573669434e-01
8.786168694496154785e-01
8.687789440155029297e-01
8.757234215736389160e-01
8.780382275581359863e-01
8.679108619689941406e-01
8.780381679534912109e-01
8.710937500000000000e-01
8.781828880310058594e-01
8.738426566123962402e-01
8.744212985038757324e-01
8.540012836456298828e-01
8.541252613067626953e-01
8.552414178848266602e-01
8.530920147895812988e-01
8.489168882369995117e-01
8.550347685813903809e-01
8.527197837829589844e-01
8.537119626998901367e-01
8.523892164230346680e-01
8.509010076522827148e-01
8.537119030952453613e-01
8.533399701118469238e-01
8.522238135337829590e-01
8.528853058815002441e-01
8.538359403610229492e-01
8.523064851760864258e-01
8.537533283233642578e-01
8.528439402580261230e-01
8.525131940841674805e-01
8.526371717453002930e-01
8.509837388992309570e-01
8.534640073776245117e-01
8.518105745315551758e-01
8.512316942214965820e-01
8.536706566810607910e-01
8.543319702148437500e-01
