1.112127602100372314e-01
5.624328181147575378e-02
4.877555370330810547e-02
4.813637956976890564e-02
4.732574149966239929e-02
4.808814451098442078e-02
4.728537797927856445e-02
4.665081575512886047e-02
4.710473492741584778e-02
4.746025800704956055e-02
4.701577126979827881e-02
4.718643054366111755e-02
4.645556211471557617e-02
4.656736180186271667e-02
4.671094939112663269e-02
4.649633169174194336e-02
4.668562114238739014e-02
4.680826887488365173e-02
4.682727530598640442e-02
4.615883156657218933e-02
4.677730798721313477e-02
4.440382495522499084e-02
4.523039609193801880e-02
4.420745745301246643e-02
4.445717111229896545e-02
4.409630596637725830e-02
4.442726820707321167e-02
4.431171342730522156e-02
4.423330351710319519e-02
4.388511925935745239e-02
4.403568431735038757e-02
4.416427388787269592e-02
4.403755068778991699e-02
4.425998032093048096e-02
4.412155970931053162e-02
4.415899887681007385e-02
4.406691715121269226e-02
4.421538859605789185e-02
4.407100751996040344e-02
4.389058798551559448e-02
4.403305798768997192e-02
4.405506327748298645e-02
4.410877823829650879e-02
4.401900246739387512e-02
4.382465407252311707e-02
4.414222761988639832e-02
4.409514740109443665e-02
