8.977317200000470621e+00
1.665720640000017738e+01
2.441013060000022961e+01
3.195916480000050797e+01
3.986591050000060932e+01
4.750660100000004604e+01
5.517728110000007291e+01
6.292155240000010963e+01
7.060418620000018564e+01
7.802813920000062353e+01
8.577637290000075154e+01
9.330441820000032749e+01
1.008960197000005792e+02
1.083804323000003933e+02
1.160738414000006742e+02
1.235236633000004076e+02
1.312624933000006422e+02
1.388350921000001108e+02
1.464637743000002956e+02
1.545299875000000611e+02
1.621522161000002598e+02
1.695209188000007998e+02
1.771806607000007716e+02
1.846656931000006807e+02
1.921642206000005899e+02
1.996955102000001716e+02
2.074362168000006932e+02
2.148410412000002907e+02
2.225762829000004785e+02
2.300609623000000283e+02
2.376324091000005865e+02
2.452226290000007793e+02
2.529146209000000454e+02
2.603036883000004309e+02
2.680326928000004045e+02
2.755525847000008071e+02
2.831137308000006669e+02
2.906566280000006373e+02
2.984381108000006861e+02
3.058318107000004602e+02
3.136695795000005091e+02
3.211089185000000725e+02
3.286138755000001765e+02
3.360747731000001295e+02
3.435846826000006331e+02
3.509029975000003105e+02
3.585568614000003436e+02
3.666083056000006763e+02
3.741394219000003432e+02
3.816291032000008272e+02
3.892380921000003582e+02
3.964488295999999536e+02
4.041092137000005096e+02
4.114504335000001447e+02
4.188369339000000764e+02
4.262641620000003968e+02
4.338932161000002452e+02
4.410977924000007988e+02
4.487407943000007435e+02
4.560949774000000616e+02
4.635473535999999513e+02
4.709702436000006855e+02
4.784413941000002524e+02
4.856633799999999610e+02
4.932860411999999997e+02
5.006002975000001243e+02
5.079220585000002757e+02
5.153189963000004354e+02
5.228187656000000061e+02
5.300256742999999915e+02
5.376468917000001966e+02
5.450070359999999710e+02
5.524267847999999503e+02
5.597480472000006557e+02
5.672248437000007470e+02
5.750124383000002126e+02
5.824642920000005688e+02
5.897946989000001849e+02
5.971870180000005348e+02
6.046169192000006660e+02
6.121681754000001092e+02
6.194605578000000605e+02
6.270231869000008373e+02
6.342367092000004050e+02
6.415754666000002544e+02
6.490628039000002900e+02
6.565052278000002843e+02
6.636891777000000729e+02
6.711972291000001860e+02
6.784684757000004538e+02
6.858756427000007534e+02
6.932601115000006757e+02
7.007831585000003543e+02
7.079493646000000808e+02
7.155161889999999403e+02
7.228376572000006490e+02
7.301460730000007970e+02
7.375512705000001006e+02
7.450020948000001226e+02
7.520648500000006607e+02
7.689706938000008449e+02
7.866260942000008072e+02
8.042822462000003725e+02
8.221189485000004424e+02
8.399468044000004738e+02
8.574649218000004112e+02
8.754719638000005943e+02
8.938025347000002512e+02
9.115167310000006182e+02
9.293803153000008024e+02
9.472652834000000439e+02
9.649121542000002592e+02
9.829718190000003233e+02
1.000727793100000781e+03
1.018908152100000734e+03
1.036712987700000667e+03
1.054666906800000106e+03
1.072274952700000540e+03
1.090378904100000000e+03
1.108113591300000735e+03
1.125843991700000515e+03
1.143628281000000243e+03
1.161558489800000643e+03
1.179011440200000834e+03
1.193819678800000474e+03
1.207818090700000539e+03
1.222309325400000489e+03
1.236460421600000700e+03
1.251867118400000436e+03
1.265692972400000144e+03
1.280423199200000454e+03
1.294389983500000199e+03
1.309261563800000658e+03
1.327319663100000071e+03
1.345522459700000582e+03
1.363383387400000174e+03
1.381810906900000191e+03
1.399495196800000485e+03
1.417198754700000791e+03
1.434902484100000038e+03
1.453006787500000428e+03
1.470401967400000103e+03
1.488454275900000539e+03
1.504452749299999596e+03
1.520373431500001061e+03
1.538120858100000078e+03
1.555989629099999547e+03
1.574155403800000386e+03
1.592249521200000345e+03
1.609811068500000147e+03
1.627354604500001187e+03
1.645113642900000741e+03
1.662855353300000388e+03
1.680303779099999701e+03
1.698218232899999748e+03
1.715793804899999486e+03
1.733310816199999863e+03
1.751106587299999774e+03
1.768833680400000048e+03
1.786177095800000643e+03
1.804125444300000709e+03
1.821805569000001015e+03
1.839425351900000351e+03
1.857369632500000989e+03
1.875155152199999975e+03
1.892613450100000591e+03
1.910708595200000673e+03
1.928371077599999808e+03
1.946663872199999787e+03
1.964606134200000270e+03
1.982509444300000723e+03
2.000061009800000647e+03
2.018071392700000615e+03
2.035741789000000608e+03
2.053501941900000929e+03
2.071362077700000555e+03
2.089255273800000396e+03
2.107103968700000223e+03
2.125039716899999803e+03
2.142707381500001247e+03
2.160364535699999578e+03
2.178135695899999519e+03
2.196120070800000576e+03
2.213706151100000170e+03
2.231775406499999917e+03
2.246737283600000410e+03
2.264513504800000192e+03
2.282334563000001253e+03
2.300266451200000120e+03
2.317658642200000941e+03
2.336490621400001146e+03
2.354316164599999865e+03
2.372208792200000062e+03
2.390170834900000955e+03
2.408182383200000004e+03
2.425905949299999520e+03
2.444056912000000921e+03
2.461983214300001237e+03
2.479778231000001142e+03
2.497726616000000831e+03
