6.072126626968383789e-01
6.635100841522216797e-01
6.949495077133178711e-01
7.206281423568725586e-01
7.402305603027343750e-01
7.569285035133361816e-01
7.730271816253662109e-01
7.893623113632202148e-01
8.041983246803283691e-01
8.160670995712280273e-01
8.300662636756896973e-01
8.418244123458862305e-01
8.530617356300354004e-01
8.622946739196777344e-01
8.727274537086486816e-01
8.833177089691162109e-01
8.905460834503173828e-01
8.968118429183959961e-01
9.058082103729248047e-01
9.154040217399597168e-01
9.200757145881652832e-01
9.245108366012573242e-01
9.308555126190185547e-01
9.354797601699829102e-01
9.406408667564392090e-01
9.440498948097229004e-01
9.477115273475646973e-01
9.509943723678588867e-01
9.547504782676696777e-01
9.574970602989196777e-01
9.595171809196472168e-01
9.618844985961914062e-01
9.621530175209045410e-01
9.654355645179748535e-01
9.672820568084716797e-01
9.696497321128845215e-01
9.691919684410095215e-01
9.709122180938720703e-01
9.720014333724975586e-01
9.736111164093017578e-01
9.741792082786560059e-01
9.760415554046630859e-01
9.765467047691345215e-01
9.782668948173522949e-01
9.788194894790649414e-01
9.795295596122741699e-01
9.798769950866699219e-01
9.814867973327636719e-01
9.822916984558105469e-01
9.826862215995788574e-01
9.831125140190124512e-01
9.838540554046630859e-01
9.834911823272705078e-01
9.837437868118286133e-01
9.846274852752685547e-01
9.842801690101623535e-01
9.849903583526611328e-01
9.846274852752685547e-01
9.850852489471435547e-01
9.851325750350952148e-01
9.851800203323364258e-01
9.855902194976806641e-01
9.851955771446228027e-01
9.859374165534973145e-01
9.866951704025268555e-01
9.872000217437744141e-01
9.865213632583618164e-01
9.869949221611022949e-01
9.868528246879577637e-01
9.868845939636230469e-01
9.866793751716613770e-01
9.863005280494689941e-01
9.872474670410156250e-01
9.860953092575073242e-01
9.869318604469299316e-01
9.861109852790832520e-01
9.866951107978820801e-01
9.871685504913330078e-01
9.884941577911376953e-01
9.895834922790527344e-01
9.894729852676391602e-01
9.902461171150207520e-01
9.892361760139465332e-01
9.896150231361389160e-01
9.889046549797058105e-01
9.891571998596191406e-01
9.887467622756958008e-01
9.896464943885803223e-01
9.895832538604736328e-01
9.895517230033874512e-01
9.892519116401672363e-01
9.892204999923706055e-01
9.894570112228393555e-01
9.892835021018981934e-01
9.892992973327636719e-01
9.892045855522155762e-01
9.895676970481872559e-01
9.898673295974731445e-01
9.889047145843505859e-01
9.898043274879455566e-01
9.616020917892456055e-01
9.660367369651794434e-01
9.656498432159423828e-01
9.662151932716369629e-01
9.661257266998291016e-01
9.665971398353576660e-01
9.669097661972045898e-01
9.660565257072448730e-01
9.662054181098937988e-01
9.665374755859375000e-01
9.664683938026428223e-01
9.662649035453796387e-01
9.658280611038208008e-01
9.670289754867553711e-01
9.665376543998718262e-01
9.669596552848815918e-01
9.674206376075744629e-01
9.677281975746154785e-01
9.672523736953735352e-01
9.676535725593566895e-01
9.676682949066162109e-01
9.675844311714172363e-01
9.673907756805419922e-01
9.683679938316345215e-01
9.682936072349548340e-01
9.684077501296997070e-01
9.683685898780822754e-01
9.685564041137695312e-01
9.686708450317382812e-01
9.687002897262573242e-01
9.689385294914245605e-01
9.681248068809509277e-01
9.689932465553283691e-01
9.693650603294372559e-01
9.690129756927490234e-01
9.695238471031188965e-01
9.693004488945007324e-01
9.697768092155456543e-01
9.700496196746826172e-01
9.702286124229431152e-01
9.698067903518676758e-01
9.701786637306213379e-01
9.698114991188049316e-01
