5.221155600505881011e+01
7.098582081589847803e+01
9.350031641311943531e+01
1.158202818669378757e+02
1.345679717429447919e+02
1.570320663950406015e+02
1.797029094200115651e+02
2.021937887968961149e+02
2.246103897560387850e+02
2.474273652280680835e+02
2.699093976239673793e+02
2.886202995690982789e+02
3.110082879690453410e+02
3.297708205089438707e+02
3.521663171560503542e+02
3.710561978959012777e+02
3.934458476779982448e+02
4.157766686640679836e+02
4.346650528400205076e+02
4.571255494148936123e+02
4.756589745969977230e+02
4.943163848889525980e+02
5.165270186590496451e+02
5.392820851439610124e+02
5.616860615340992808e+02
5.805212191760074347e+02
6.030526764949318022e+02
6.252275747249368578e+02
6.438297341479919851e+02
6.661457912418991327e+02
6.847308151039760560e+02
7.067726586589124054e+02
7.289288920089602470e+02
7.510113019060809165e+02
7.696786119949538261e+02
7.882660271909553558e+02
8.069080591620877385e+02
8.295071184220723808e+02
8.516902410269249231e+02
8.736924105659127235e+02
8.922602247050963342e+02
9.144805671530775726e+02
9.367766992440447211e+02
9.556187124680727720e+02
9.780277261999435723e+02
1.000341816328931600e+03
1.022550572613021359e+03
1.044855507236905396e+03
1.067142062939004973e+03
1.089426350729074329e+03
1.141799566041911021e+03
1.161594549471978098e+03
1.176716893963981420e+03
1.191426435956964269e+03
1.207303898375015706e+03
1.222157958189956844e+03
1.237027768404921517e+03
1.252102405742974952e+03
1.267957106217043474e+03
1.282838115582941100e+03
1.298807338597951457e+03
1.313539073851890862e+03
1.328026213658042252e+03
1.342673342959955335e+03
1.358567940114066005e+03
1.373874910498037934e+03
1.388891494930954650e+03
1.403468668842921034e+03
1.418156905012903735e+03
1.433634316670941189e+03
1.448573772890027612e+03
1.463268186907982454e+03
1.479289455248974264e+03
1.494974229498067871e+03
1.510884620155906305e+03
1.525669901832006872e+03
1.540351216626120731e+03
1.555276908325031400e+03
1.570950491484953091e+03
1.587092073257081211e+03
1.602019006551941857e+03
1.616924561863997951e+03
1.631626428378047422e+03
1.647258710725000128e+03
1.662530280824052170e+03
1.678612055541947484e+03
1.693397398465080187e+03
1.708277573700062931e+03
1.722933498204918578e+03
1.738611080294009298e+03
1.754552746278932318e+03
1.769347936644917354e+03
1.784393656915985048e+03
1.799486642894102260e+03
1.814278889215085655e+03
1.830291221369057894e+03
1.845673221551114693e+03
1.860962044473038986e+03
1.877144276631996036e+03
1.891934686100110412e+03
1.907676201536087319e+03
1.923638127091107890e+03
1.938436796040972695e+03
1.982087528022006154e+03
1.997787071698112413e+03
2.013402341373031959e+03
2.030176913091912866e+03
2.046263886576052755e+03
2.062978580585913733e+03
2.078569872905965894e+03
2.094370699698105454e+03
2.111283102911897004e+03
2.127400989807909355e+03
2.143232288361992687e+03
2.158926716610090807e+03
2.174399492848897353e+03
2.191737868644064292e+03
2.208746815983904526e+03
2.224487746397033334e+03
2.240252170683117583e+03
2.256167215584078804e+03
2.272743219224968925e+03
2.288463194638956338e+03
2.305190941466018558e+03
2.320965735976118594e+03
2.337449119111057371e+03
2.354235812802100554e+03
2.370225928152911365e+03
2.386942279387963936e+03
2.402805221685906872e+03
2.419513286938890815e+03
2.435656593688996509e+03
2.451764563977019861e+03
2.467888876955956221e+03
2.484692434594966471e+03
2.501124659860972315e+03
2.517194380143890157e+03
2.533948542253114283e+03
2.549830312293954194e+03
2.566710640270030126e+03
2.584132382923969999e+03
2.599890907404012978e+03
2.616519416492898017e+03
2.632603940882021561e+03
2.648428884676890448e+03
2.664268970410106704e+03
2.681328900326043367e+03
2.698147398710018024e+03
2.714376431972952560e+03
2.730847031506011263e+03
2.747718430368928239e+03
2.763732883699005470e+03
