5.781146511435508728e-02
5.780175700783729553e-02
5.719368532299995422e-02
5.633424594998359680e-02
5.692623555660247803e-02
5.642715469002723694e-02
5.529218167066574097e-02
5.638676136732101440e-02
5.499916523694992065e-02
5.411356315016746521e-02
5.413593724370002747e-02
5.489894375205039978e-02
5.426272749900817871e-02
5.353066325187683105e-02
5.471362546086311340e-02
5.367818847298622131e-02
5.398795008659362793e-02
5.353031679987907410e-02
5.280238762497901917e-02
5.207315459847450256e-02
5.306281894445419312e-02
5.278226733207702637e-02
5.229994654655456543e-02
5.214074999094009399e-02
5.272611975669860840e-02
5.220440030097961426e-02
5.148963630199432373e-02
5.106886476278305054e-02
5.264030396938323975e-02
5.072894692420959473e-02
5.147349461913108826e-02
5.154722183942794800e-02
5.169279500842094421e-02
5.077316239476203918e-02
5.080486461520195007e-02
5.167179182171821594e-02
6.603553891181945801e-02
6.607575714588165283e-02
6.623093783855438232e-02
6.593019515275955200e-02
6.496478617191314697e-02
6.537470221519470215e-02
6.552112847566604614e-02
6.444869935512542725e-02
6.557781994342803955e-02
6.345947086811065674e-02
6.453972309827804565e-02
6.426265090703964233e-02
6.267940998077392578e-02
6.407703459262847900e-02
6.556656956672668457e-02
8.010814338922500610e-02
7.937634736299514771e-02
8.006259053945541382e-02
7.963184267282485962e-02
7.937464118003845215e-02
7.949864864349365234e-02
7.907644659280776978e-02
7.846018671989440918e-02
7.939729094505310059e-02
7.779377698898315430e-02
8.032325655221939087e-02
9.488195180892944336e-02
9.647805988788604736e-02
9.598698467016220093e-02
9.535647183656692505e-02
9.552378952503204346e-02
9.673210978507995605e-02
9.503391385078430176e-02
9.643780440092086792e-02
9.499464184045791626e-02
9.573368728160858154e-02
9.553974121809005737e-02
9.536037594079971313e-02
9.534914791584014893e-02
9.564111381769180298e-02
9.532929211854934692e-02
9.562176465988159180e-02
