6.653212010860443115e-02
4.296623542904853821e-02
2.745078504085540771e-02
2.652704715728759766e-02
2.595390379428863525e-02
2.518853545188903809e-02
2.454445324838161469e-02
2.402822487056255341e-02
2.279577031731605530e-02
2.192557230591773987e-02
2.182059362530708313e-02
2.039771899580955505e-02
1.970209181308746338e-02
1.728376932442188263e-02
1.704982295632362366e-02
1.392790675163269043e-02
1.045408006757497787e-02
8.237672038376331329e-03
6.326281931251287460e-03
3.712183330208063126e-03
2.854436170309782028e-03
2.373666968196630478e-03
2.094663213938474655e-03
1.554067130200564861e-03
1.270700711756944656e-03
1.131090568378567696e-03
1.372120110318064690e-03
9.460264700464904308e-04
9.096203139051795006e-04
8.139841957017779350e-04
8.713079732842743397e-04
7.414473220705986023e-04
7.478651823475956917e-04
6.479168660007417202e-04
6.452464731410145760e-04
5.635915440507233143e-04
5.374461179599165916e-04
6.824255688115954399e-04
4.952078452333807945e-04
5.035783979110419750e-04
3.639258211478590965e-04
3.768132592085748911e-04
5.224823253229260445e-04
4.558393848128616810e-04
9.191976860165596008e-04
9.802784770727157593e-03
7.618324365466833115e-03
6.366618908941745758e-03
5.417318549007177353e-03
4.751481581479310989e-03
4.060014616698026657e-03
3.717841580510139465e-03
3.543180180713534355e-03
3.222873434424400330e-03
3.095971886068582535e-03
2.984869526699185371e-03
2.858252963051199913e-03
2.767741680145263672e-03
2.662372542545199394e-03
2.702264813706278801e-03
2.557522151619195938e-03
2.531748032197356224e-03
2.369716763496398926e-03
2.387638203799724579e-03
2.357017248868942261e-03
2.302318578585982323e-03
2.260518725961446762e-03
2.283737761899828911e-03
2.088260138407349586e-03
2.188814803957939148e-03
2.074654214084148407e-03
2.013314748182892799e-03
2.120080171152949333e-03
2.037517260760068893e-03
1.997749553993344307e-03
1.968417549505829811e-03
1.997172832489013672e-03
1.896028756164014339e-03
1.933354535140097141e-03
1.874155947007238865e-03
1.870056381449103355e-03
1.749414601363241673e-03
1.824285020120441914e-03
1.805833308026194572e-03
1.707796822302043438e-03
1.728695817291736603e-03
1.735115074552595615e-03
1.817278447560966015e-03
1.708195428363978863e-03
1.712569384835660458e-03
1.751802978105843067e-03
