8.745621442794799805e-01
9.140983819961547852e-01
9.409111738204956055e-01
9.488312602043151855e-01
9.558858871459960938e-01
9.575423002243041992e-01
9.591684341430664062e-01
9.588369727134704590e-01
9.601935744285583496e-01
9.603188037872314453e-01
9.605082273483276367e-01
9.607774019241333008e-01
9.613608717918395996e-01
9.612357616424560547e-01
9.623865485191345215e-01
9.621669650077819824e-01
9.612507820129394531e-01
9.621028304100036621e-01
9.628605246543884277e-01
9.624969363212585449e-01
9.627020359039306641e-01
9.640125036239624023e-01
9.636801481246948242e-01
9.627500176429748535e-01
9.624499082565307617e-01
9.636341929435729980e-01
9.631598591804504395e-01
9.635545611381530762e-01
9.639011621475219727e-01
9.644864201545715332e-01
9.634599089622497559e-01
9.636496305465698242e-01
9.643278121948242188e-01
9.636019468307495117e-01
9.631589055061340332e-01
9.643589854240417480e-01
9.641382098197937012e-01
9.647537469863891602e-01
9.641540050506591797e-01
9.316965937614440918e-01
9.364211559295654297e-01
9.375469088554382324e-01
9.393990039825439453e-01
9.398055672645568848e-01
9.407134056091308594e-01
9.415918588638305664e-01
9.426643848419189453e-01
9.424907565116882324e-01
9.426648020744323730e-01
9.434031248092651367e-01
9.444369673728942871e-01
9.442707896232604980e-01
9.445158243179321289e-01
9.443013072013854980e-01
9.447283148765563965e-01
9.456962347030639648e-01
9.452149271965026855e-01
9.462633132934570312e-01
9.452248811721801758e-01
9.459199905395507812e-01
9.465792179107666016e-01
9.463021159172058105e-01
9.470806121826171875e-01
9.466339349746704102e-01
9.475678205490112305e-01
9.465951919555664062e-01
9.472801685333251953e-01
9.479302763938903809e-01
9.479737281799316406e-01
9.476715326309204102e-01
