6.260181963443756104e-02
4.450269043445587158e-02
4.453130811452865601e-02
4.454188048839569092e-02
4.442831501364707947e-02
4.442755132913589478e-02
4.424214735627174377e-02
4.412835836410522461e-02
4.423223808407783508e-02
4.427088424563407898e-02
4.418505728244781494e-02
4.412839561700820923e-02
4.403892904520034790e-02
4.421339556574821472e-02
4.421923309564590454e-02
4.425393044948577881e-02
3.933762386441230774e-02
3.937863186001777649e-02
3.913017734885215759e-02
3.925349563360214233e-02
3.917887434363365173e-02
3.921640664339065552e-02
3.922381624579429626e-02
3.911700099706649780e-02
3.921594470739364624e-02
3.921554982662200928e-02
4.186415299773216248e-02
4.171471297740936279e-02
4.224354401230812073e-02
4.185447841882705688e-02
4.196404665708541870e-02
4.196874797344207764e-02
4.194676131010055542e-02
4.188283905386924744e-02
4.190417006611824036e-02
4.192124679684638977e-02
4.209335520863533020e-02
