1.088752040156611700e-01
8.728782860217271233e-02
7.576092939685892536e-02
6.847735080454084300e-02
6.206212261760676169e-02
5.819095174471537041e-02
5.477235866365609551e-02
5.188037344702967762e-02
5.038659053820150613e-02
4.874514926362921025e-02
4.659986261416364933e-02
4.576688646166413021e-02
4.409129158766181278e-02
4.285162770085864520e-02
4.188705580653967475e-02
4.092633020546701528e-02
3.951700073149469472e-02
3.878857402337922144e-02
3.772989522527765011e-02
3.686064398951000715e-02
3.622725578369917487e-02
3.531482939918836189e-02
3.432708868273982167e-02
3.385681127784428979e-02
3.356703357012183475e-02
3.262541077479168272e-02
3.164041463147710537e-02
3.159967002769311500e-02
3.058654097495255506e-02
2.987074893381860483e-02
2.919358987775113809e-02
2.862757534064628434e-02
2.805601908928818250e-02
2.750555329300739121e-02
2.665331752763853979e-02
2.651381258059430993e-02
2.585007298599790657e-02
2.505643424336556971e-02
2.483684631685416019e-02
2.412382671954455340e-02
2.398738575478394711e-02
2.364922397666507220e-02
2.323399332386475932e-02
2.226457330915663016e-02
2.206891947598368930e-02
2.129386869017724573e-02
2.091008769693198169e-02
2.035798677415759372e-02
1.985798990009007489e-02
1.927222283901991809e-02
1.927948860382592070e-02
1.879518817144411671e-02
1.859957669620160639e-02
1.811879721504670512e-02
1.775730994564515483e-02
1.785510909502152979e-02
1.746379956603050232e-02
1.688958414726787066e-02
1.642096770444401860e-02
1.632722484430781246e-02
1.605085700888324654e-02
1.568723463073924684e-02
1.568542686463506031e-02
1.533464000870784182e-02
1.505397336074599558e-02
1.484709878072694444e-02
1.461451866284564638e-02
1.440436844886453134e-02
1.395764929690846735e-02
1.401843772166305041e-02
1.376441945494325143e-02
1.347008278524434131e-02
1.340670559417318428e-02
1.291235567380984682e-02
1.294268429693248498e-02
1.288052889759893835e-02
1.218794555299811816e-02
1.236152983512039602e-02
1.221002952230197496e-02
1.184504448125759703e-02
1.182695447156826597e-02
1.143685776602338874e-02
1.155397220066300100e-02
1.111293170187208426e-02
1.126075891294965083e-02
1.095946854049408871e-02
1.057451583996966982e-02
1.058872095826599372e-02
1.028646666694570458e-02
1.015578765698053193e-02
1.016995472902501065e-02
9.903358295559883118e-03
1.004894971157665670e-02
9.812824635042084395e-03
9.537953607462070285e-03
9.295019200416627589e-03
9.350943586064709365e-03
9.268065880018251657e-03
9.196708634219787418e-03
8.986476601825820268e-03
1.801276078511928821e-02
1.627558293142195370e-02
1.554786579833291119e-02
1.502448743230652521e-02
1.456356687663958038e-02
1.411656697077312735e-02
1.358116926603961279e-02
1.335770900136437969e-02
1.307359452348673401e-02
1.280224108105075705e-02
1.247282630239410044e-02
1.235595572975346432e-02
1.215236064517635078e-02
1.190712370899045525e-02
1.161857932035265280e-02
1.150588097650257977e-02
1.131835435891802299e-02
1.111297187898522068e-02
1.089623097822755259e-02
1.082448611014533331e-02
1.058430187725301411e-02
1.054825588268623951e-02
1.054822949521329149e-02
1.019967612328714392e-02
1.017067034932217333e-02
9.943323268758496800e-03
9.997933904972227878e-03
9.763383204866757717e-03
9.678355648300085087e-03
9.505782501193982964e-03
9.471128973039403057e-03
9.439702386614578361e-03
9.327686193730982608e-03
9.195411256675061970e-03
9.042193588597336254e-03
8.958776834709891376e-03
8.859195559146418666e-03
8.590501235348397407e-03
8.671736184122234153e-03
8.612788694471806145e-03
8.503352634437468319e-03
8.331319552728500347e-03
8.431829506766864643e-03
8.378216782691835784e-03
8.199387706345182686e-03
8.165978136119144554e-03
8.073955908117965222e-03
8.065055547303509598e-03
7.975070603491589069e-03
7.927620050165501767e-03
8.001657015504851436e-03
7.784344389734939966e-03
7.835072192267096558e-03
7.762967892547790842e-03
7.634563344776973057e-03
7.522266770274132347e-03
7.379939667238244114e-03
7.437043502156077089e-03
7.386471262608451833e-03
7.335666096073457584e-03
7.268589321823640433e-03
7.232878598031298838e-03
7.328727684015858002e-03
7.215558117705172386e-03
7.077378140569761181e-03
7.104379264102585363e-03
7.073807634477471094e-03
7.007677129459106979e-03
6.948156793462647619e-03
6.977725899831831169e-03
6.833879970249602184e-03
6.894566549587695208e-03
6.718898981531289463e-03
6.756062600654603491e-03
6.569090770322015896e-03
6.581207889870837116e-03
6.490088814612606297e-03
6.593212324740557566e-03
6.574036995077441568e-03
6.498404363726918535e-03
6.487568016110480118e-03
6.483041593034206095e-03
6.328575851010351076e-03
6.371615202990414152e-03
6.307488853304550266e-03
6.401374647072677164e-03
6.227304249059879837e-03
6.260259526556935863e-03
6.052602467865779781e-03
6.237970223521877890e-03
6.079976602147023172e-03
6.151684211973829260e-03
6.064272945982286320e-03
6.030611956128101130e-03
5.878128408422243767e-03
6.131374311965258513e-03
5.883717497318297768e-03
5.839682007529612036e-03
5.916569874375715923e-03
5.839185224546269808e-03
