4.117172360420227051e-01
4.080808460712432861e-01
4.197474420070648193e-01
4.236868917942047119e-01
4.270707070827484131e-01
4.407575726509094238e-01
4.520201981067657471e-01
4.596969783306121826e-01
4.743434786796569824e-01
4.871716797351837158e-01
5.052525401115417480e-01
5.179798007011413574e-01
5.304039716720581055e-01
5.414142012596130371e-01
5.529292821884155273e-01
5.659090876579284668e-01
5.808585882186889648e-01
5.985858440399169922e-01
6.033334136009216309e-01
6.149495244026184082e-01
6.272727251052856445e-01
6.378788352012634277e-01
6.504040956497192383e-01
6.600000262260437012e-01
6.695454716682434082e-01
6.742929220199584961e-01
6.841919422149658203e-01
6.908585429191589355e-01
6.937373876571655273e-01
7.054040431976318359e-01
7.081313133239746094e-01
7.160605788230895996e-01
7.213131189346313477e-01
7.275758385658264160e-01
7.351515293121337891e-01
7.382827997207641602e-01
7.436869144439697266e-01
7.486363649368286133e-01
7.510606050491333008e-01
7.555049657821655273e-01
7.607576251029968262e-01
7.632828354835510254e-01
7.667676806449890137e-01
7.696970105171203613e-01
7.724747657775878906e-01
7.732322812080383301e-01
7.758585810661315918e-01
7.792424559593200684e-01
7.817676067352294922e-01
7.826262712478637695e-01
7.835859060287475586e-01
7.850000262260437012e-01
7.869697213172912598e-01
7.899495363235473633e-01
7.909595966339111328e-01
7.924747467041015625e-01
7.930808067321777344e-01
7.948989868164062500e-01
7.941919565200805664e-01
7.953535318374633789e-01
7.970201969146728516e-01
7.982828021049499512e-01
7.977272868156433105e-01
7.970201373100280762e-01
7.991918921470642090e-01
8.003030419349670410e-01
8.003030419349670410e-01
8.008585572242736816e-01
8.011615872383117676e-01
8.019696474075317383e-01
8.031818270683288574e-01
8.024242520332336426e-01
8.031818270683288574e-01
8.032827973365783691e-01
8.032828569412231445e-01
8.039898276329040527e-01
8.039394021034240723e-01
8.040909171104431152e-01
8.040908575057983398e-01
8.048484921455383301e-01
8.045959472656250000e-01
8.052524924278259277e-01
8.054040670394897461e-01
8.051009774208068848e-01
8.057070374488830566e-01
8.058080673217773438e-01
8.060101270675659180e-01
8.060100078582763672e-01
8.057070970535278320e-01
8.063131570816040039e-01
8.062626719474792480e-01
8.062626123428344727e-01
8.070706725120544434e-01
8.072727322578430176e-01
8.064646124839782715e-01
8.074241876602172852e-01
8.067677021026611328e-01
8.076767325401306152e-01
8.073232173919677734e-01
8.068181872367858887e-01
7.116349339485168457e-01
7.125079035758972168e-01
7.130793333053588867e-01
7.134920954704284668e-01
7.137142419815063477e-01
7.141588330268859863e-01
7.139683365821838379e-01
7.146666646003723145e-01
7.146189212799072266e-01
7.149523496627807617e-01
7.152380943298339844e-01
7.154603004455566406e-01
7.150317430496215820e-01
7.154921293258666992e-01
7.155396938323974609e-01
7.155396938323974609e-01
7.157777547836303711e-01
7.158730030059814453e-01
7.158572077751159668e-01
7.161268591880798340e-01
7.161429524421691895e-01
7.160158157348632812e-01
7.160316705703735352e-01
7.161428332328796387e-01
7.163175940513610840e-01
7.160634994506835938e-01
7.162222266197204590e-01
7.162857055664062500e-01
7.161904573440551758e-01
7.163650989532470703e-01
7.163492441177368164e-01
7.164604067802429199e-01
7.163969278335571289e-01
7.165079712867736816e-01
7.163809537887573242e-01
7.163491845130920410e-01
7.165873050689697266e-01
7.166031002998352051e-01
7.165080308914184570e-01
7.165396809577941895e-01
7.164444923400878906e-01
7.164761424064636230e-01
7.162857651710510254e-01
7.166507840156555176e-01
7.164919972419738770e-01
7.166190147399902344e-01
7.164444327354431152e-01
7.165714502334594727e-01
7.166666388511657715e-01
7.164920568466186523e-01
7.164921760559082031e-01
7.164602279663085938e-01
7.164602875709533691e-01
7.166666984558105469e-01
7.165874242782592773e-01
7.166984677314758301e-01
7.166984081268310547e-01
7.167619466781616211e-01
7.166507244110107422e-01
7.167302370071411133e-01
7.167935967445373535e-01
7.166031002998352051e-01
7.167301177978515625e-01
7.166824936866760254e-01
7.166507244110107422e-01
7.166665196418762207e-01
7.167143821716308594e-01
7.166032195091247559e-01
7.167460918426513672e-01
7.166824936866760254e-01
7.168411612510681152e-01
7.166825532913208008e-01
7.165396809577941895e-01
7.167618870735168457e-01
7.165712714195251465e-01
7.166190147399902344e-01
7.167620062828063965e-01
7.166984677314758301e-01
7.166984677314758301e-01
7.166190147399902344e-01
7.165714502334594727e-01
7.167460322380065918e-01
7.166825532913208008e-01
7.167142629623413086e-01
7.166666984558105469e-01
7.167936563491821289e-01
7.167620062828063965e-01
7.166666388511657715e-01
7.166826128959655762e-01
7.165237069129943848e-01
7.166032195091247559e-01
7.167460322380065918e-01
7.167301774024963379e-01
7.166348099708557129e-01
7.166984677314758301e-01
7.166666388511657715e-01
7.166507244110107422e-01
7.168412804603576660e-01
7.167301774024963379e-01
7.168254256248474121e-01
6.367098689079284668e-01
6.366089582443237305e-01
6.365873813629150391e-01
6.366593837738037109e-01
6.366378068923950195e-01
6.366450786590576172e-01
6.365583539009094238e-01
6.366738677024841309e-01
6.366450190544128418e-01
6.365511417388916016e-01
6.366089582443237305e-01
6.366306543350219727e-01
6.366306543350219727e-01
6.366233229637145996e-01
6.366379261016845703e-01
6.365439891815185547e-01
6.366883516311645508e-01
6.366739869117736816e-01
6.365585327148437500e-01
6.365800499916076660e-01
6.366234421730041504e-01
6.366448998451232910e-01
6.367100477218627930e-01
6.367459297180175781e-01
6.367027759552001953e-01
6.367027163505554199e-01
6.366667747497558594e-01
6.367388963699340820e-01
6.368181705474853516e-01
6.365799903869628906e-01
6.366379261016845703e-01
6.366883516311645508e-01
6.367099285125732422e-01
6.367027163505554199e-01
6.366740465164184570e-01
6.366955637931823730e-01
6.367676854133605957e-01
6.367677450180053711e-01
6.367388963699340820e-01
6.367676258087158203e-01
6.367245316505432129e-01
6.367893815040588379e-01
6.367748975753784180e-01
6.367820501327514648e-01
6.367101073265075684e-01
6.366813182830810547e-01
6.366811394691467285e-01
6.368035674095153809e-01
6.367604732513427734e-01
6.367603540420532227e-01
6.367245316505432129e-01
6.367099881172180176e-01
6.367530822753906250e-01
6.367315053939819336e-01
6.367459297180175781e-01
6.366955041885375977e-01
6.367677450180053711e-01
6.367748975753784180e-01
6.368182897567749023e-01
6.367532610893249512e-01
6.367604136466979980e-01
6.367677450180053711e-01
6.368542909622192383e-01
6.367461085319519043e-01
6.368470788002014160e-01
6.367748975753784180e-01
6.367893218994140625e-01
6.368544101715087891e-01
6.368182301521301270e-01
6.368326544761657715e-01
6.367749571800231934e-01
6.368039250373840332e-01
6.368253827095031738e-01
6.368398070335388184e-01
6.367965340614318848e-01
6.368616223335266113e-01
6.368326544761657715e-01
6.368253827095031738e-01
6.368036866188049316e-01
6.368108987808227539e-01
6.368182897567749023e-01
6.367821097373962402e-01
6.366739273071289062e-01
6.367965340614318848e-01
6.368110179901123047e-01
6.368253231048583984e-01
6.367317438125610352e-01
6.367387175559997559e-01
6.368181705474853516e-01
6.367749571800231934e-01
6.367676854133605957e-01
6.368399262428283691e-01
6.367750167846679688e-01
6.368325352668762207e-01
6.368902921676635742e-01
6.368182897567749023e-01
6.368182897567749023e-01
6.368469595909118652e-01
6.368110775947570801e-01
6.367676854133605957e-01
5.704039335250854492e-01
5.703952312469482422e-01
5.704169273376464844e-01
5.704125165939331055e-01
5.704693198204040527e-01
5.703994035720825195e-01
5.704299807548522949e-01
5.704255104064941406e-01
5.704473853111267090e-01
5.703950524330139160e-01
5.704212188720703125e-01
5.704210996627807617e-01
5.704257488250732422e-01
5.704779624938964844e-01
5.704429149627685547e-01
5.704038143157958984e-01
5.704604983329772949e-01
5.703994631767272949e-01
5.704866647720336914e-01
5.704517364501953125e-01
5.704779028892517090e-01
5.704299807548522949e-01
5.704693198204040527e-01
5.704866647720336914e-01
5.704517960548400879e-01
5.704298615455627441e-01
5.704603791236877441e-01
5.704822540283203125e-01
5.705040693283081055e-01
5.704996585845947266e-01
5.704823732376098633e-01
5.704822540283203125e-01
5.704910755157470703e-01
5.705217123031616211e-01
5.705215930938720703e-01
5.704780817031860352e-01
5.704996585845947266e-01
5.704866051673889160e-01
5.704735517501831055e-01
5.704647898674011230e-01
5.704953670501708984e-01
5.704429745674133301e-01
5.704910159111022949e-01
5.704954266548156738e-01
5.704735517501831055e-01
5.704560875892639160e-01
5.705215334892272949e-01
5.704519152641296387e-01
5.704910755157470703e-01
5.704866051673889160e-01
5.705650448799133301e-01
5.704821944236755371e-01
5.705173015594482422e-01
5.705128908157348633e-01
5.705260038375854492e-01
5.704909563064575195e-01
5.704910159111022949e-01
5.705258846282958984e-01
5.704649090766906738e-01
5.705173015594482422e-01
5.705040693283081055e-01
5.705126523971557617e-01
5.704649090766906738e-01
5.705040097236633301e-01
5.705304145812988281e-01
5.705433487892150879e-01
5.704910159111022949e-01
5.705783367156982422e-01
5.705302357673645020e-01
5.705739855766296387e-01
5.705261230468750000e-01
5.704954862594604492e-01
5.705217123031616211e-01
5.704953670501708984e-01
5.705040693283081055e-01
5.705127716064453125e-01
5.704997181892395020e-01
5.705564022064208984e-01
5.705301761627197266e-01
5.705608725547790527e-01
5.705127716064453125e-01
5.705347657203674316e-01
5.705477595329284668e-01
5.704997181892395020e-01
5.705477595329284668e-01
5.704997777938842773e-01
5.705039501190185547e-01
5.705215334892272949e-01
5.705608725547790527e-01
5.705213546752929688e-01
5.705258846282958984e-01
5.705696940422058105e-01
5.705214738845825195e-01
5.705738663673400879e-01
5.705258846282958984e-01
5.705739855766296387e-01
5.705738663673400879e-01
5.705738663673400879e-01
5.705477595329284668e-01
5.705390572547912598e-01
