5.325260758399963379e-01
5.394184589385986328e-01
5.469617247581481934e-01
5.454167127609252930e-01
5.485414862632751465e-01
5.482379794120788574e-01
5.502083897590637207e-01
5.539842844009399414e-01
5.583855509757995605e-01
5.553299188613891602e-01
5.539325475692749023e-01
5.592275261878967285e-01
5.581509470939636230e-01
5.593662858009338379e-01
5.570660829544067383e-01
5.579515695571899414e-01
5.577692985534667969e-01
5.609980225563049316e-01
5.580209493637084961e-01
5.569356679916381836e-01
5.624739527702331543e-01
5.603471994400024414e-01
5.607553124427795410e-01
5.579339861869812012e-01
5.591666698455810547e-01
5.607292652130126953e-01
5.616058707237243652e-01
5.605556368827819824e-01
5.600173473358154297e-01
5.642361640930175781e-01
5.653992295265197754e-01
5.630468726158142090e-01
5.551126599311828613e-01
5.762240886688232422e-01
5.813280344009399414e-01
5.869445204734802246e-01
5.870051383972167969e-01
5.922570824623107910e-01
5.969790816307067871e-01
5.938282012939453125e-01
5.980122089385986328e-01
5.976910591125488281e-01
6.021875143051147461e-01
5.987673997879028320e-01
6.004512310028076172e-01
5.967620611190795898e-01
5.987673997879028320e-01
6.011111140251159668e-01
6.003730893135070801e-01
6.036370992660522461e-01
5.997742414474487305e-01
6.028820276260375977e-01
6.013802886009216309e-01
6.050693988800048828e-01
6.012065410614013672e-01
6.032291650772094727e-01
6.016232967376708984e-01
5.990105271339416504e-01
6.025868654251098633e-01
6.018838286399841309e-01
6.022222638130187988e-01
6.046790480613708496e-01
6.012759208679199219e-01
6.049738526344299316e-01
6.034981012344360352e-01
6.052256226539611816e-01
6.071266531944274902e-01
6.026910543441772461e-01
6.041927933692932129e-01
6.046007275581359863e-01
6.038019657135009766e-01
6.062759757041931152e-01
6.038630008697509766e-01
6.026823520660400391e-01
6.033506393432617188e-01
5.963974595069885254e-01
6.130900382995605469e-01
6.191493272781372070e-01
6.246266365051269531e-01
6.291146874427795410e-01
6.329947710037231445e-01
6.425607204437255859e-01
6.594094634056091309e-01
6.717622280120849609e-01
6.769617199897766113e-01
6.743836402893066406e-01
6.754512190818786621e-01
6.786372661590576172e-01
6.767186522483825684e-01
6.730816364288330078e-01
6.666840314865112305e-01
6.616058349609375000e-01
6.558941006660461426e-01
6.515972614288330078e-01
6.522828936576843262e-01
6.509895920753479004e-01
6.534984111785888672e-01
6.533767580986022949e-01
6.504859924316406250e-01
6.543055176734924316e-01
6.539669036865234375e-01
6.557118892669677734e-01
6.570487022399902344e-01
6.581857800483703613e-01
6.601734757423400879e-01
6.568317413330078125e-01
6.590974926948547363e-01
6.623525023460388184e-01
6.565452814102172852e-01
6.546093821525573730e-01
6.727082133293151855e-01
6.861456036567687988e-01
6.936284899711608887e-01
6.970226168632507324e-01
7.055119276046752930e-01
7.068922519683837891e-01
7.110505700111389160e-01
7.133683562278747559e-01
7.115710377693176270e-01
7.145747542381286621e-01
7.145486474037170410e-01
7.158333659172058105e-01
7.196356058120727539e-01
7.199044227600097656e-01
7.235590219497680664e-01
7.203907966613769531e-01
7.250261902809143066e-01
7.218399643898010254e-01
7.239584326744079590e-01
7.233592271804809570e-01
7.268314361572265625e-01
7.230032086372375488e-01
7.257379293441772461e-01
7.251559495925903320e-01
7.218750715255737305e-01
7.273611426353454590e-01
7.284725308418273926e-01
7.271350026130676270e-01
7.287414669990539551e-01
7.250608801841735840e-01
7.260676622390747070e-01
7.237500548362731934e-01
7.246353626251220703e-01
7.288369536399841309e-01
7.291145920753479004e-01
7.229431867599487305e-01
7.235763669013977051e-01
7.256163954734802246e-01
7.234981060028076172e-01
7.296613454818725586e-01
7.255556583404541016e-01
7.271527647972106934e-01
7.255210280418395996e-01
7.296791076660156250e-01
7.257121205329895020e-01
7.269183993339538574e-01
7.273261547088623047e-01
7.241927385330200195e-01
7.261893749237060547e-01
7.300172448158264160e-01
7.292617559432983398e-01
7.278298735618591309e-01
7.307464480400085449e-01
7.279516458511352539e-01
7.292447090148925781e-01
7.275000214576721191e-01
7.274219393730163574e-01
7.312325239181518555e-01
7.319185137748718262e-01
7.325171828269958496e-01
7.318229079246520996e-01
