5.261900249999962398e+01
1.037639154999997118e+02
1.546211151999996218e+02
2.048206464999993841e+02
2.557757940999999846e+02
3.061126468999991630e+02
3.567299541999991561e+02
4.071247414999998000e+02
4.573194191999991745e+02
5.080316336999994746e+02
5.587235422999992807e+02
6.094382495999998355e+02
6.598835618999992221e+02
7.100730128999994122e+02
7.608904172999991715e+02
8.102266632999999274e+02
8.593012629999993806e+02
9.090143922999995993e+02
9.583662274999996953e+02
1.007243070899999111e+03
1.057003790499999923e+03
1.106252153499999622e+03
1.155291164699999172e+03
1.205100452099999529e+03
1.254589515699999538e+03
1.303502895099999478e+03
1.353386616099999628e+03
1.402912123199999769e+03
1.451839717399999245e+03
1.501700230099999317e+03
1.551144192699999621e+03
1.600169676599999548e+03
1.650277880199999345e+03
1.700214653099999850e+03
1.749845377299999200e+03
1.799994484499999999e+03
1.849808626999999433e+03
1.899069277799999327e+03
1.949245326099999147e+03
1.999085294599999543e+03
2.048313283599999522e+03
2.098554455499999676e+03
2.148357897999999295e+03
2.197823305199999595e+03
2.247963065299999471e+03
2.297859494899999845e+03
2.347329432799999267e+03
2.397523707099999228e+03
2.447608058799999526e+03
2.497158788299999287e+03
2.548056433499999912e+03
2.598686477199999899e+03
2.648770308099999966e+03
2.699796414399999776e+03
2.750502114299999448e+03
2.801293607599999632e+03
2.852696382699999958e+03
2.903522042899999178e+03
2.953970313099999657e+03
3.005262037800000144e+03
3.056184434800000417e+03
3.106441205699999955e+03
3.157698740099999668e+03
3.208353858600000422e+03
3.258873414400000001e+03
3.310084150399999089e+03
3.360781313299999056e+03
3.411247927499999605e+03
3.462646786599999359e+03
3.513726192999999512e+03
3.564368909599998915e+03
3.616012853199998972e+03
3.667046761499998865e+03
3.717839622899999995e+03
3.769538763599998674e+03
3.820876705599998786e+03
3.871511743599999136e+03
3.923139099899998655e+03
3.974774168299999474e+03
4.025991997500000252e+03
4.077561125199998969e+03
4.128759592299999895e+03
4.180334967199999483e+03
4.233619562999999289e+03
4.286574712799999361e+03
4.339159958600000209e+03
4.392631547799998771e+03
4.445951556699998946e+03
4.498494206000000304e+03
4.550890495999999075e+03
4.603000757799999519e+03
4.654488450399999238e+03
4.706828033799999503e+03
4.758999014799998804e+03
4.810607919299999594e+03
4.863053845600000386e+03
4.915202602500000467e+03
4.966920786399999088e+03
5.019254653499999222e+03
5.071407052399998975e+03
5.123293535599998904e+03
5.176018021299999418e+03
5.228366846500000065e+03
5.280043718500000068e+03
5.332885946399998829e+03
5.385350163699999939e+03
5.437234316899998703e+03
5.490128112899998996e+03
5.542704696300000251e+03
5.595057426999998825e+03
5.648173708299999817e+03
5.700979945799998859e+03
5.753422809599999709e+03
5.806570011400000112e+03
5.859549770900000112e+03
5.912007005200000094e+03
5.965393490199999178e+03
6.018492769600000429e+03
6.071113593600000058e+03
6.124529751699998997e+03
6.177518092999999681e+03
6.230110886399998890e+03
6.283472450799999024e+03
6.336433554000000186e+03
6.389104575999998815e+03
6.442476706000000377e+03
6.495514250399998673e+03
6.548065591300000051e+03
6.601472786299999825e+03
6.654523101199999473e+03
6.707038736999999855e+03
6.760805063400000108e+03
6.814178129799999624e+03
6.867256833099999312e+03
6.921268105399999513e+03
6.974997785999998996e+03
7.028205423299998984e+03
7.082362691899998936e+03
7.136056286799998816e+03
7.189369897199999286e+03
7.243552804300000389e+03
7.302272777999999562e+03
7.363611258300000372e+03
7.422164715399999295e+03
7.480111715099998946e+03
7.537615006999999423e+03
7.596081034699999691e+03
7.653770530699998744e+03
7.712880771299999651e+03
7.771120154499999444e+03
7.828818478399999549e+03
7.886358104500000081e+03
7.944956410699999651e+03
8.003121514899999056e+03
8.061372178900000108e+03
8.120210287999999309e+03
8.178697173100000327e+03
8.236532064999999420e+03
8.295312528099999327e+03
8.353810039699998015e+03
8.411924983000000793e+03
8.470658951199999137e+03
8.529407714900000428e+03
8.587440766699997766e+03
8.646150854399998934e+03
8.705028453599999921e+03
8.763093281499997829e+03
8.822516297699999996e+03
8.881407554099998379e+03
8.939692317699998966e+03
8.998942550399999163e+03
