1.114782914519309998e-01
3.076619654893875122e-02
1.903614215552806854e-02
1.765111275017261505e-02
1.638751663267612457e-02
1.576429419219493866e-02
1.512358058243989944e-02
1.431098766624927521e-02
1.383219659328460693e-02
1.432373467832803726e-02
1.325354725122451782e-02
1.251117326319217682e-02
1.210004463791847229e-02
1.183240208774805069e-02
1.178565248847007751e-02
1.148452982306480408e-02
1.097165979444980621e-02
1.071555726230144501e-02
1.059202197939157486e-02
1.039046142250299454e-02
1.046376209706068039e-02
1.044123247265815735e-02
9.975777007639408112e-03
1.992330141365528107e-02
1.783309876918792725e-02
1.712180115282535553e-02
1.697516255080699921e-02
1.701428368687629700e-02
1.690542139112949371e-02
1.693355105817317963e-02
