5.081598162651062012e-01
5.149305462837219238e-01
5.167014598846435547e-01
5.212152600288391113e-01
5.211458802223205566e-01
5.246527791023254395e-01
5.247221589088439941e-01
5.269443988800048828e-01
5.294443964958190918e-01
5.293750166893005371e-01
5.297916531562805176e-01
5.256596207618713379e-01
5.287847518920898438e-01
5.323957800865173340e-01
5.308679342269897461e-01
5.336805582046508789e-01
5.291666984558105469e-01
5.326042771339416504e-01
5.307638049125671387e-01
5.373611450195312500e-01
5.325694084167480469e-01
5.341319441795349121e-01
5.319791436195373535e-01
5.336458086967468262e-01
5.353124737739562988e-01
5.314236283302307129e-01
5.302082896232604980e-01
5.204166769981384277e-01
5.263195037841796875e-01
5.297222733497619629e-01
5.315277576446533203e-01
5.408680438995361328e-01
5.414582490921020508e-01
5.458680987358093262e-01
5.381249785423278809e-01
5.421875119209289551e-01
5.510070323944091797e-01
5.486111044883728027e-01
5.460069179534912109e-01
5.524652600288391113e-01
5.561804771423339844e-01
5.539931058883666992e-01
5.575347542762756348e-01
5.571181178092956543e-01
5.598611831665039062e-01
5.567709207534790039e-01
5.612153410911560059e-01
5.587152838706970215e-01
5.590277910232543945e-01
5.646874904632568359e-01
5.611459016799926758e-01
5.662499666213989258e-01
5.655903220176696777e-01
5.702430605888366699e-01
5.668749809265136719e-01
5.695831775665283203e-01
5.718402266502380371e-01
5.710069537162780762e-01
5.691667199134826660e-01
5.674654245376586914e-01
5.681596994400024414e-01
5.731250047683715820e-01
5.709722042083740234e-01
5.753819942474365234e-01
5.739236474037170410e-01
5.760763287544250488e-01
5.705902576446533203e-01
5.739930868148803711e-01
5.726041197776794434e-01
5.779514312744140625e-01
5.797222256660461426e-01
5.799306631088256836e-01
5.804167389869689941e-01
5.767013430595397949e-01
5.781597495079040527e-01
5.515626072883605957e-01
5.587151646614074707e-01
5.551389455795288086e-01
5.596528053283691406e-01
5.568402409553527832e-01
5.611804723739624023e-01
5.725693702697753906e-01
5.687153339385986328e-01
5.704514980316162109e-01
5.657639503479003906e-01
5.728819966316223145e-01
5.635416507720947266e-01
5.754514336585998535e-01
5.783332586288452148e-01
5.745138525962829590e-01
5.754860043525695801e-01
5.783680081367492676e-01
5.830903053283691406e-01
5.782291889190673828e-01
5.742360949516296387e-01
5.789235830307006836e-01
5.772222280502319336e-01
5.815972685813903809e-01
5.786805152893066406e-01
5.822917222976684570e-01
5.797221660614013672e-01
5.850694775581359863e-01
5.860763788223266602e-01
5.852429866790771484e-01
5.892014503479003906e-01
5.887500047683715820e-01
5.911804437637329102e-01
5.821528434753417969e-01
5.851389169692993164e-01
5.843751430511474609e-01
5.901736021041870117e-01
5.930902957916259766e-01
5.945485830307006836e-01
5.949652791023254395e-01
5.937153697013854980e-01
5.884721875190734863e-01
5.897220373153686523e-01
5.888541936874389648e-01
5.882986783981323242e-01
5.910763144493103027e-01
5.926389098167419434e-01
5.907291173934936523e-01
5.967708230018615723e-01
5.931249856948852539e-01
6.052430272102355957e-01
5.925694108009338379e-01
5.978820323944091797e-01
5.948958992958068848e-01
5.696181058883666992e-01
5.741666555404663086e-01
5.759028196334838867e-01
5.801736116409301758e-01
5.743054747581481934e-01
5.735069513320922852e-01
5.800001025199890137e-01
5.799999833106994629e-01
5.832291245460510254e-01
5.787153244018554688e-01
5.832985043525695801e-01
5.826041698455810547e-01
5.805556178092956543e-01
5.801042318344116211e-01
5.887846946716308594e-01
5.823958516120910645e-01
5.810765027999877930e-01
5.865972638130187988e-01
5.855556130409240723e-01
5.838543176651000977e-01
5.885068774223327637e-01
5.876041650772094727e-01
5.859375596046447754e-01
5.886457562446594238e-01
5.881943702697753906e-01
5.889235734939575195e-01
5.912153124809265137e-01
5.885763764381408691e-01
5.974305868148803711e-01
5.938888788223266602e-01
5.962500572204589844e-01
5.932985544204711914e-01
5.906597971916198730e-01
5.952430963516235352e-01
5.943403840065002441e-01
5.954514145851135254e-01
5.946528315544128418e-01
5.960417389869689941e-01
5.960763692855834961e-01
5.973610877990722656e-01
6.003124713897705078e-01
5.980208516120910645e-01
6.038888692855834961e-01
6.015277504920959473e-01
5.959026813507080078e-01
5.964931249618530273e-01
6.029514074325561523e-01
6.074652075767517090e-01
6.038194894790649414e-01
5.998612642288208008e-01
6.059721708297729492e-01
5.997222661972045898e-01
5.978472232818603516e-01
6.003472208976745605e-01
6.050693988800048828e-01
5.995485782623291016e-01
6.025347709655761719e-01
6.051388978958129883e-01
6.090624332427978516e-01
6.072221398353576660e-01
6.099999547004699707e-01
6.093403100967407227e-01
6.040624380111694336e-01
