1.995213039999998728e+01
3.759700939999947877e+01
5.642458689999966737e+01
7.561226489999990008e+01
9.392341749999923195e+01
1.117941959999998289e+02
1.291428293999997550e+02
1.459316334999994069e+02
1.638122544999996535e+02
1.814838360999992801e+02
1.995328888999993069e+02
2.179107561999999234e+02
2.359170295999992959e+02
2.537968419999997423e+02
2.722502672999999049e+02
2.902877899999994042e+02
3.079117966999992859e+02
3.264015782999995281e+02
3.453352491999994527e+02
3.638628494999993563e+02
3.822478027999995902e+02
3.995825457999999344e+02
4.167520019999992655e+02
4.346660712999992029e+02
4.521117821999996522e+02
4.692666512999994666e+02
4.873308430999995835e+02
5.047855470999993486e+02
5.216617991999992228e+02
5.395312977999992654e+02
5.573501761999996233e+02
5.744361341999992874e+02
5.924534963999994943e+02
6.100226704999995491e+02
6.268159515999996074e+02
6.448496402000000671e+02
6.622659091999994416e+02
6.794131076999992729e+02
6.975098298999992039e+02
7.149352059999991980e+02
7.320730605999997351e+02
7.502129288999994969e+02
7.676612101000000621e+02
7.845717065999997430e+02
8.033366833999998562e+02
8.213440647999996145e+02
8.385217082999997729e+02
8.566899822999994285e+02
8.741293361999996705e+02
8.913877042999993137e+02
9.097008095999999568e+02
9.273455934999992678e+02
9.448152161999996679e+02
9.629433275999999751e+02
9.805702297999996517e+02
9.977872760000000198e+02
1.015622303699999975e+03
1.033497689499999979e+03
1.051033807699999670e+03
1.069084569799999372e+03
1.087318885499999851e+03
1.104804989999999634e+03
1.123053157599999395e+03
1.140648247299999639e+03
1.157842206199999964e+03
1.176070101199999954e+03
1.193647476599999209e+03
1.211357266699999855e+03
1.230315343299999768e+03
1.248275506999999379e+03
1.266143853099999433e+03
1.284565944799999670e+03
1.302292895300000055e+03
1.319598744999999326e+03
1.338058268599999792e+03
1.355649274299999888e+03
1.373034941299999446e+03
1.391219653999999537e+03
1.408896096599999510e+03
1.426270292100000006e+03
1.444446291599999313e+03
1.462271881099999518e+03
1.479823304900000039e+03
1.498061692999999650e+03
1.516003373199999260e+03
1.533537322599999243e+03
1.551839925700000094e+03
1.569764828800000032e+03
1.587359270899999501e+03
1.605785606299999927e+03
1.623841137200000048e+03
1.641500204899999517e+03
1.660125374399999600e+03
1.678088860799999566e+03
1.695755011999999624e+03
1.714149767099999735e+03
1.732065991799999210e+03
1.749889977899999394e+03
1.768449624199999562e+03
1.786538501600000018e+03
1.804324735899999723e+03
1.822982212999999319e+03
1.841095675300000039e+03
1.859093415399999685e+03
1.877760223599999335e+03
1.895960843099999693e+03
1.913785548099999687e+03
1.932279349200000070e+03
1.950577979199999390e+03
1.968462609599999269e+03
1.987264554099999259e+03
2.005430184399999234e+03
2.023516979899999569e+03
2.042447836299999835e+03
2.060779239799999232e+03
2.078778660799999670e+03
2.097498612299999877e+03
2.115734582199999750e+03
2.133705711900000097e+03
2.152486787699999695e+03
2.170830015399999866e+03
2.188901253799999722e+03
2.207859108599999672e+03
2.226163413899999796e+03
2.244203536199999689e+03
2.263177648099999715e+03
2.281619790499999908e+03
2.299839925599999333e+03
2.318655149700000038e+03
2.337174810799999250e+03
2.355384745899999871e+03
2.374459069799999270e+03
2.392823820300000079e+03
2.411081759799999418e+03
2.430034705299999587e+03
2.448572021299999506e+03
2.467064339699999437e+03
2.486754630200000065e+03
2.505728892899999664e+03
2.525393158699999731e+03
2.544994425099999717e+03
2.563822909199999231e+03
2.582383606800000052e+03
2.602421661599999425e+03
2.622100724699999773e+03
2.641316549399999531e+03
2.661097714699999415e+03
2.680350135599999703e+03
2.699771151199999622e+03
2.719919484299999567e+03
2.739562433199999759e+03
2.758787510399999519e+03
2.779021241599999485e+03
2.798117593399999350e+03
2.817010419299999739e+03
2.836453230799999801e+03
2.855627763299999970e+03
2.876629754999999932e+03
2.897277928499999689e+03
2.917277495099999214e+03
2.936848646999999801e+03
2.957243872299999566e+03
2.977259208200000103e+03
2.996788973699999588e+03
3.016146573199999693e+03
3.035273398999999699e+03
3.054017952799999875e+03
3.074050319999999374e+03
3.093683017000000291e+03
3.113227494800000386e+03
3.133514146200000141e+03
3.153310402000000067e+03
3.172911577699999725e+03
3.193330155799999375e+03
3.213392429700000321e+03
3.233024043899999924e+03
3.253356450099999165e+03
3.273393756399999802e+03
3.292916946700000153e+03
3.313411139400000138e+03
3.333670345499999712e+03
3.354032519199999115e+03
3.374301754799999799e+03
3.394614381599999433e+03
3.414589632000000165e+03
3.435402618699999039e+03
3.455746486199998799e+03
3.475686779399999978e+03
3.496521579299999757e+03
3.516813065899998946e+03
3.536917683099999522e+03
