8.387154340744018555e-01
9.074968099594116211e-01
9.280618429183959961e-01
9.353060722351074219e-01
9.389834403991699219e-01
9.433709979057312012e-01
9.470483660697937012e-01
9.464328885078430176e-01
9.473170042037963867e-01
9.481849074363708496e-01
9.493055343627929688e-01
9.495738148689270020e-01
9.507733583450317383e-01
9.500790238380432129e-01
9.505839347839355469e-01
9.511994123458862305e-01
9.522884488105773926e-01
9.506629705429077148e-01
9.518148899078369141e-01
9.529987573623657227e-01
9.533143639564514160e-01
9.523041248321533203e-01
9.528566598892211914e-01
9.528250694274902344e-01
9.530304670333862305e-01
9.538192749023437500e-01
9.544824957847595215e-01
9.531250596046447754e-01
9.532986283302307129e-01
9.556345939636230469e-01
9.546716809272766113e-01
9.542456865310668945e-01
9.553974270820617676e-01
9.539456367492675781e-01
9.554925560951232910e-01
9.557924866676330566e-01
9.543561935424804688e-01
9.550032019615173340e-01
9.552872180938720703e-01
9.549401998519897461e-01
9.557291865348815918e-01
9.563920497894287109e-01
9.554765820503234863e-01
9.556500315666198730e-01
9.551922678947448730e-01
9.569917321205139160e-01
9.556029438972473145e-01
9.566761851310729980e-01
9.571811556816101074e-01
9.564394354820251465e-01
9.562971591949462891e-01
9.554291963577270508e-01
9.555081725120544434e-01
9.559186697006225586e-01
9.558712244033813477e-01
9.569126963615417480e-01
9.567392468452453613e-01
9.567391872406005859e-01
9.568656086921691895e-01
9.563128948211669922e-01
9.575915932655334473e-01
9.555872678756713867e-01
9.569129347801208496e-01
9.569129943847656250e-01
9.566916823387145996e-01
9.574180841445922852e-01
9.570390582084655762e-01
9.575757384300231934e-01
9.572443366050720215e-01
9.228022694587707520e-01
9.249156117439270020e-01
9.255656003952026367e-01
9.260615110397338867e-01
9.269842505455017090e-01
9.273563027381896973e-01
9.269000291824340820e-01
9.281252026557922363e-01
9.285220503807067871e-01
9.287298321723937988e-01
9.290820956230163574e-01
9.297622442245483398e-01
9.296376109123229980e-01
9.292263388633728027e-01
9.298214316368103027e-01
9.299751520156860352e-01
9.300642609596252441e-01
9.312747716903686523e-01
9.301091432571411133e-01
9.311508536338806152e-01
9.302778244018554688e-01
9.314978718757629395e-01
9.309523105621337891e-01
9.320733547210693359e-01
9.315871596336364746e-01
9.326980113983154297e-01
9.323115944862365723e-01
9.315229058265686035e-01
9.325796961784362793e-01
9.317113161087036133e-01
9.325247406959533691e-01
9.327481389045715332e-01
9.324602484703063965e-01
9.331297874450683594e-01
9.337252378463745117e-01
9.327229261398315430e-01
9.337151050567626953e-01
9.333034157752990723e-01
9.336606264114379883e-01
9.343352317810058594e-01
9.342657327651977539e-01
9.342908859252929688e-01
9.348661303520202637e-01
9.345437884330749512e-01
9.347767829895019531e-01
9.347075819969177246e-01
9.345189332962036133e-01
9.350346922874450684e-01
9.347867965698242188e-01
9.353170990943908691e-01
