1.199774220585823059e-01
1.021432206034660339e-01
9.089128673076629639e-02
8.119595795869827271e-02
7.262406498193740845e-02
6.557363271713256836e-02
6.031152233481407166e-02
5.570175871253013611e-02
5.277311429381370544e-02
4.900147393345832825e-02
4.651191830635070801e-02
4.381638020277023315e-02
4.174917936325073242e-02
3.991257399320602417e-02
3.799396380782127380e-02
3.668177500367164612e-02
3.498838096857070923e-02
3.387058153748512268e-02
3.228243812918663025e-02
3.118047863245010376e-02
3.007610701024532318e-02
2.914437651634216309e-02
2.770817279815673828e-02
2.710269764065742493e-02
2.592948079109191895e-02
2.482304349541664124e-02
2.416028268635272980e-02
2.317173779010772705e-02
2.256582863628864288e-02
2.202811092138290405e-02
2.116872556507587433e-02
2.041077800095081329e-02
1.960417628288269043e-02
1.931977272033691406e-02
1.855436898767948151e-02
1.780158095061779022e-02
1.719055697321891785e-02
1.670248433947563171e-02
1.621904224157333374e-02
1.570359431207180023e-02
1.490083243697881699e-02
1.446252502501010895e-02
1.385153457522392273e-02
1.346578728407621384e-02
1.327418629080057144e-02
1.260888017714023590e-02
1.225245278328657150e-02
1.224124897271394730e-02
1.181360986083745956e-02
1.134957000613212585e-02
1.124959345906972885e-02
1.104092691093683243e-02
1.058711763471364975e-02
1.052845269441604614e-02
1.017657294869422913e-02
9.905638173222541809e-03
9.667993523180484772e-03
9.322955273091793060e-03
9.293079376220703125e-03
8.966813795268535614e-03
8.684911765158176422e-03
8.534879423677921295e-03
8.368339389562606812e-03
8.207500912249088287e-03
8.176424540579319000e-03
7.896032184362411499e-03
7.913940586149692535e-03
7.725168950855731964e-03
7.597025483846664429e-03
7.300949655473232269e-03
7.297350093722343445e-03
6.957720965147018433e-03
6.895641796290874481e-03
6.803717464208602905e-03
6.909751798957586288e-03
6.722377613186836243e-03
6.654537282884120941e-03
6.604465190321207047e-03
6.552055012434720993e-03
6.417102646082639694e-03
6.371931172907352448e-03
6.336222868412733078e-03
6.098531186580657959e-03
5.997496657073497772e-03
6.062312051653862000e-03
5.862304475158452988e-03
5.738309118896722794e-03
5.859644617885351181e-03
5.750156007707118988e-03
5.620818119496107101e-03
5.590245593339204788e-03
5.445056594908237457e-03
5.469903815537691116e-03
5.454428959637880325e-03
5.321556702256202698e-03
5.146673414856195450e-03
5.383287556469440460e-03
5.210005212575197220e-03
5.149047356098890305e-03
5.033128429204225540e-03
1.323095150291919708e-02
1.276541594415903091e-02
1.241781376302242279e-02
1.224957779049873352e-02
1.190656144171953201e-02
1.174461096525192261e-02
1.161713432520627975e-02
1.149523910135030746e-02
1.130037754774093628e-02
1.123791281133890152e-02
1.090221758931875229e-02
1.101838145405054092e-02
1.076630968600511551e-02
1.070892438292503357e-02
1.040158979594707489e-02
1.028915308415889740e-02
1.032664440572261810e-02
1.016735564917325974e-02
1.012705080211162567e-02
9.934608824551105499e-03
9.993846528232097626e-03
9.836197830736637115e-03
9.685646742582321167e-03
9.576391428709030151e-03
9.393779560923576355e-03
9.408891201019287109e-03
9.345925413072109222e-03
9.231175296008586884e-03
9.093565866351127625e-03
9.040348231792449951e-03
9.005136787891387939e-03
8.859083987772464752e-03
8.751659654080867767e-03
8.816073648631572723e-03
8.802733384072780609e-03
8.646336384117603302e-03
8.583303540945053101e-03
8.548527024686336517e-03
8.492096327245235443e-03
8.372164331376552582e-03
8.449852466583251953e-03
8.265336975455284119e-03
8.199720643460750580e-03
8.159021846950054169e-03
8.188822306692600250e-03
8.100417442619800568e-03
8.033020421862602234e-03
7.968005724251270294e-03
7.851592265069484711e-03
7.780451793223619461e-03
7.862414233386516571e-03
7.733076810836791992e-03
7.717902306467294693e-03
7.571358699351549149e-03
7.577473297715187073e-03
7.566762622445821762e-03
7.500089704990386963e-03
7.485216483473777771e-03
7.480007130652666092e-03
7.327874191105365753e-03
7.313335780054330826e-03
7.280402351170778275e-03
7.286834064871072769e-03
7.259310223162174225e-03
7.223931141197681427e-03
7.077528629451990128e-03
6.968470755964517593e-03
6.922346539795398712e-03
6.956384982913732529e-03
6.881294306367635727e-03
6.882829591631889343e-03
6.888112984597682953e-03
6.837540306150913239e-03
6.816447246819734573e-03
6.772969849407672882e-03
6.745751015841960907e-03
6.712136790156364441e-03
6.604636088013648987e-03
6.649021524935960770e-03
6.590708158910274506e-03
6.537032779306173325e-03
6.465216167271137238e-03
6.531974766403436661e-03
6.520925089716911316e-03
6.342568900436162949e-03
6.463874597102403641e-03
