9.259715100000001087e+00
1.495386359999999826e+01
2.062402239999999765e+01
2.642083639999999889e+01
3.242353460000000354e+01
3.821556920000000446e+01
4.428173939999999931e+01
4.977694850000000315e+01
5.587471730000000036e+01
6.144615470000000101e+01
6.745567979999999864e+01
7.311094980000000021e+01
7.894925549999999248e+01
8.484979219999999600e+01
9.063092179999999587e+01
9.645194920000000138e+01
1.022794449999999955e+02
1.078497077999999902e+02
1.140672640999999885e+02
1.199344193000000018e+02
1.258003392999999903e+02
1.316675076000000217e+02
1.373104978000000074e+02
1.431674581999999987e+02
1.486566595000000177e+02
1.547798346000000151e+02
1.604224238000000184e+02
1.657344610000000102e+02
1.717676984000000004e+02
1.774641022000000135e+02
1.831364608000000089e+02
1.889875714000000073e+02
1.942947382000000118e+02
2.002899288000000126e+02
2.058331132000000139e+02
2.116940436000000147e+02
2.173549622000000170e+02
2.230614060000000052e+02
2.284944760000000201e+02
2.344190163000000098e+02
2.400201172000000156e+02
2.458316793000000189e+02
2.514867244000000142e+02
2.570473718000000076e+02
2.627635172999999895e+02
2.682958087999999748e+02
2.740863817000000040e+02
2.794097043999999528e+02
2.853273282999999765e+02
2.909509031000000050e+02
2.964610055999999645e+02
3.019114538000000039e+02
3.075859024999999747e+02
3.132918922000000066e+02
3.188180027999999879e+02
3.245049569999999903e+02
3.299890692999999828e+02
3.354609500999999909e+02
3.411008026000000086e+02
3.465834959999999683e+02
3.521267532999999617e+02
3.577283865999999648e+02
3.633042029000000070e+02
3.689144819999999640e+02
3.744347388999999566e+02
3.801098766999999725e+02
3.857224602000000004e+02
3.912213532999999757e+02
3.968311107999999763e+02
4.022189587999999958e+02
4.079986406999999531e+02
4.135101603999999611e+02
4.189829512999999679e+02
4.245699743999999782e+02
4.300579837999999882e+02
4.355817021999999952e+02
4.410710729999999558e+02
4.465679648999999927e+02
4.520966369999999870e+02
4.578016592999999830e+02
4.634072347999999693e+02
4.690547372999999993e+02
4.743625945999999658e+02
4.800018743999999629e+02
4.854203091999999629e+02
4.908654640999999970e+02
4.960990175000000022e+02
5.019210714999999823e+02
5.076003692999999544e+02
5.131405054000000518e+02
5.186054463000000396e+02
5.243803301000000374e+02
5.298272137000000157e+02
5.351272092000000384e+02
5.407906179999999949e+02
5.461154797000000372e+02
5.517448424000000387e+02
5.572901684000000841e+02
5.629144257000000380e+02
5.684751674000000321e+02
5.844861544999999978e+02
6.007415533000000778e+02
6.170390584000000445e+02
6.333167045000000144e+02
6.495278186000000460e+02
6.662866694000000507e+02
6.832078218999999990e+02
6.997630902000000788e+02
7.159357727000000295e+02
7.328362159000000702e+02
7.495191141999999900e+02
7.662280503000000635e+02
7.828047712000000047e+02
7.992012134000000287e+02
8.156284478000000036e+02
8.324919680000000426e+02
8.490780444000000671e+02
8.658088395000000901e+02
8.823258880000000772e+02
8.990327856000000111e+02
9.158249815000000353e+02
9.325362506000000167e+02
9.490753353000000061e+02
9.657279783000000180e+02
9.820511340000000473e+02
9.985007030000000441e+02
1.014862751900000035e+03
1.031389185799999950e+03
1.047703314900000123e+03
1.064176476800000046e+03
1.080701905000000124e+03
1.097260603200000105e+03
1.114155949400000054e+03
1.130694214699999975e+03
1.147048227499999939e+03
1.163527415000000019e+03
1.180596896600000036e+03
1.197054613199999949e+03
1.213774179600000025e+03
1.229958204000000023e+03
1.246376740899999959e+03
1.263409137800000053e+03
1.279986315099999956e+03
1.296731097300000101e+03
1.313484447499999987e+03
1.329888989900000070e+03
1.346470153600000003e+03
1.362903615700000046e+03
1.379436347100000148e+03
1.395937336899999991e+03
1.412619644699999981e+03
1.429101935000000140e+03
1.445691764100000000e+03
1.461913491000000022e+03
1.478089834699999983e+03
1.494944487200000140e+03
1.511467922300000055e+03
1.528108323800000107e+03
1.545868722899999966e+03
1.563345229499999959e+03
1.579953747000000021e+03
1.596273844900000086e+03
1.612707990300000120e+03
1.629648198300000104e+03
1.646423335400000042e+03
1.663522714899999983e+03
1.680264298300000064e+03
1.696823284800000010e+03
1.713427509800000053e+03
1.729920310400000062e+03
1.746574768100000028e+03
1.763080586000000039e+03
1.779511055599999963e+03
1.796005042700000104e+03
1.812373731599999928e+03
1.828814995200000112e+03
1.845574520500000062e+03
1.862057382299999972e+03
1.878425548800000115e+03
1.894656234499999982e+03
1.911075872300000128e+03
1.927435085200000003e+03
1.943751884000000018e+03
1.959835700300000099e+03
1.976446584600000051e+03
1.993028434699999934e+03
