2.854142785072326660e-01
2.676899433135986328e-01
2.447209656238555908e-01
2.196071743965148926e-01
1.948494762182235718e-01
1.753024756908416748e-01
1.588293164968490601e-01
1.452906280755996704e-01
1.337814331054687500e-01
1.233196482062339783e-01
1.141305342316627502e-01
1.047144532203674316e-01
9.701647609472274780e-02
8.902722597122192383e-02
8.209703117609024048e-02
7.539411634206771851e-02
6.890613585710525513e-02
6.380730122327804565e-02
5.867762491106987000e-02
5.418583005666732788e-02
5.031588301062583923e-02
4.652976989746093750e-02
4.301694408059120178e-02
4.049578681588172913e-02
3.691213205456733704e-02
3.476493060588836670e-02
3.222217038273811340e-02
3.044083714485168457e-02
2.877870947122573853e-02
2.735233865678310394e-02
2.589211799204349518e-02
2.431030012667179108e-02
2.280318737030029297e-02
2.187010832130908966e-02
2.079219929873943329e-02
1.941544748842716217e-02
1.873760670423507690e-02
1.795350573956966400e-02
1.722989790141582489e-02
1.656671427190303802e-02
1.579099707305431366e-02
1.512658875435590744e-02
1.482667960226535797e-02
1.406257506459951401e-02
1.370643079280853271e-02
1.342562586069107056e-02
1.287004910409450531e-02
1.214526500552892685e-02
1.190561987459659576e-02
1.134708151221275330e-02
1.134409848600625992e-02
1.114383526146411896e-02
1.065521594136953354e-02
1.051126699894666672e-02
1.029080711305141449e-02
1.022328529506921768e-02
9.821288287639617920e-03
1.463815756142139435e-02
1.384897064417600632e-02
1.309752371162176132e-02
1.248514372855424881e-02
1.207406166940927505e-02
1.171431317925453186e-02
1.125368196517229080e-02
1.106905844062566757e-02
1.083204708993434906e-02
1.036685518920421600e-02
1.018525939434766769e-02
1.002582721412181854e-02
9.763265028595924377e-03
1.271634548902511597e-02
1.196510065346956253e-02
1.148343645036220551e-02
1.104413159191608429e-02
1.065851189196109772e-02
1.040984410792589188e-02
1.009638048708438873e-02
9.884987957775592804e-03
1.118424627929925919e-02
1.073204912245273590e-02
1.025940198451280594e-02
9.956198744475841522e-03
