2.576973736286163330e-01
2.309291511774063110e-01
2.201254218816757202e-01
2.088965624570846558e-01
2.029548436403274536e-01
1.960625350475311279e-01
1.932756900787353516e-01
1.868693530559539795e-01
1.831942647695541382e-01
1.787889003753662109e-01
1.770641654729843140e-01
1.737731248140335083e-01
1.713161766529083252e-01
1.695125699043273926e-01
1.671056002378463745e-01
1.655527502298355103e-01
1.631985455751419067e-01
1.622049957513809204e-01
1.625890582799911499e-01
1.597488671541213989e-01
1.559625715017318726e-01
1.554589420557022095e-01
1.543031632900238037e-01
1.510404795408248901e-01
1.511337459087371826e-01
1.508409678936004639e-01
1.510178446769714355e-01
1.474593281745910645e-01
1.470630764961242676e-01
1.463577598333358765e-01
1.459537297487258911e-01
1.429052501916885376e-01
1.427024006843566895e-01
1.407955288887023926e-01
1.415228694677352905e-01
1.404519975185394287e-01
1.376601904630661011e-01
1.367638558149337769e-01
1.377212703227996826e-01
1.363880932331085205e-01
1.341900527477264404e-01
1.335741877555847168e-01
1.320101171731948853e-01
1.317514032125473022e-01
1.313771307468414307e-01
1.317076385021209717e-01
1.304186433553695679e-01
1.287630200386047363e-01
1.258539706468582153e-01
1.277514100074768066e-01
1.275605559349060059e-01
1.264420747756958008e-01
1.262258291244506836e-01
1.234824657440185547e-01
1.240649372339248657e-01
1.227142736315727234e-01
1.211287453770637512e-01
1.207625046372413635e-01
1.203903704881668091e-01
1.186654269695281982e-01
1.189091578125953674e-01
1.169412955641746521e-01
1.156019046902656555e-01
1.134003028273582458e-01
1.151821985840797424e-01
1.133468821644783020e-01
1.115984097123146057e-01
1.135565042495727539e-01
1.122639626264572144e-01
1.116489842534065247e-01
1.134539023041725159e-01
1.121968552470207214e-01
1.093969866633415222e-01
1.099475175142288208e-01
1.087963506579399109e-01
1.074274480342864990e-01
1.062002480030059814e-01
1.048397123813629150e-01
1.065872162580490112e-01
1.044040098786354065e-01
1.035576537251472473e-01
1.049133017659187317e-01
1.025138422846794128e-01
1.036109924316406250e-01
1.021206378936767578e-01
1.007745340466499329e-01
9.994547069072723389e-02
1.019828990101814270e-01
1.009107977151870728e-01
9.888673573732376099e-02
9.884098917245864868e-02
9.826555848121643066e-02
9.850557148456573486e-02
9.551692008972167969e-02
9.713320434093475342e-02
9.517592936754226685e-02
9.428927302360534668e-02
9.413067996501922607e-02
9.282689541578292847e-02
9.458695352077484131e-02
9.983201324939727783e-02
9.762005507946014404e-02
9.510993212461471558e-02
9.448166936635971069e-02
9.163556993007659912e-02
9.076189994812011719e-02
9.047552943229675293e-02
8.803752809762954712e-02
8.693424612283706665e-02
8.410938084125518799e-02
8.228299021720886230e-02
8.187726885080337524e-02
8.056851476430892944e-02
7.951663434505462646e-02
7.623544335365295410e-02
7.475135475397109985e-02
7.504446059465408325e-02
7.199221104383468628e-02
7.310240715742111206e-02
7.086139172315597534e-02
6.912941485643386841e-02
6.880770623683929443e-02
6.759619712829589844e-02
6.657331436872482300e-02
6.592981517314910889e-02
6.298433244228363037e-02
6.424570083618164062e-02
6.237284094095230103e-02
6.216108426451683044e-02
6.025195494294166565e-02
5.998589843511581421e-02
5.984376370906829834e-02
5.792403593659400940e-02
5.937862023711204529e-02
5.756274983286857605e-02
5.625166371464729309e-02
5.544674769043922424e-02
5.555025860667228699e-02
5.377701297402381897e-02
5.246004462242126465e-02
5.276861414313316345e-02
5.244459584355354309e-02
5.136696249246597290e-02
5.189416185021400452e-02
4.967508837580680847e-02
5.134477838873863220e-02
4.917785897850990295e-02
4.941037669777870178e-02
5.048382654786109924e-02
4.849033430218696594e-02
4.893018305301666260e-02
4.858005791902542114e-02
4.796741157770156860e-02
4.665389284491539001e-02
4.850043728947639465e-02
4.850226268172264099e-02
4.655755311250686646e-02
4.661719128489494324e-02
4.602009430527687073e-02
4.605213925242424011e-02
4.514746367931365967e-02
4.561284929513931274e-02
4.543721303343772888e-02
4.473515599966049194e-02
4.472699388861656189e-02
4.346007481217384338e-02
4.408660158514976501e-02
4.467111825942993164e-02
4.446469247341156006e-02
4.319608956575393677e-02
4.348070919513702393e-02
4.348506405949592590e-02
4.185466840863227844e-02
4.254322126507759094e-02
4.085908830165863037e-02
4.218825697898864746e-02
4.320088773965835571e-02
4.163568094372749329e-02
4.187699407339096069e-02
4.115775227546691895e-02
4.068244248628616333e-02
4.166400805115699768e-02
4.139417037367820740e-02
4.111290350556373596e-02
4.254313930869102478e-02
