7.240054607391357422e-01
7.521465420722961426e-01
7.709754109382629395e-01
7.903409004211425781e-01
8.033617734909057617e-01
8.184187412261962891e-01
8.300030231475830078e-01
8.388414978981018066e-01
8.492583036422729492e-01
8.580806255340576172e-01
8.660511374473571777e-01
8.754734992980957031e-01
8.837593793869018555e-01
8.886363506317138672e-01
8.949021100997924805e-01
9.023357629776000977e-01
9.057608246803283691e-01
9.116949439048767090e-01
9.137942194938659668e-01
9.178187847137451172e-01
9.227747321128845215e-01
9.229640364646911621e-01
9.261363744735717773e-01
9.288982748985290527e-01
9.291665554046630859e-01
9.310290813446044922e-01
9.318496584892272949e-01
9.345800876617431641e-01
9.340277314186096191e-01
9.361425638198852539e-01
9.369477033615112305e-01
9.369160532951354980e-01
9.384785890579223633e-01
9.387941360473632812e-01
9.388414025306701660e-01
9.402146935462951660e-01
9.418246150016784668e-01
9.408617019653320312e-01
9.410825967788696289e-01
9.401831030845642090e-01
9.416034817695617676e-01
9.420769214630126953e-01
9.425820708274841309e-01
9.415562152862548828e-01
9.431188702583312988e-01
9.445549845695495605e-01
9.438131451606750488e-01
9.431186914443969727e-01
9.437184929847717285e-01
9.438132643699645996e-01
9.436867237091064453e-01
9.440813064575195312e-01
9.440340399742126465e-01
9.446653723716735840e-01
9.458491802215576172e-01
9.444287419319152832e-01
9.456913471221923828e-01
9.458965063095092773e-01
9.453598856925964355e-01
9.447758793830871582e-01
9.462912082672119141e-01
9.452178478240966797e-01
9.459439516067504883e-01
9.469224810600280762e-01
9.457228183746337891e-01
9.471749067306518555e-01
9.467173218727111816e-01
9.465593099594116211e-01
9.481849670410156250e-01
9.477903246879577637e-01
9.477114677429199219e-01
9.468750953674316406e-01
9.468591809272766113e-01
9.479798078536987305e-01
9.469697475433349609e-01
9.481217861175537109e-01
9.106298089027404785e-01
9.096475839614868164e-01
9.110519886016845703e-01
9.113391041755676270e-01
9.114090204238891602e-01
9.118997454643249512e-01
9.120583534240722656e-01
9.122817516326904297e-01
9.124456048011779785e-01
9.133082628250122070e-01
9.132586717605590820e-01
9.130008220672607422e-01
9.140975475311279297e-01
9.147422313690185547e-01
9.144546985626220703e-01
9.147024154663085938e-01
9.147915244102478027e-01
9.148510694503784180e-01
9.151291251182556152e-01
9.154811501502990723e-01
9.156744480133056641e-01
9.157196283340454102e-01
9.161657094955444336e-01
9.156845808029174805e-01
9.159924387931823730e-01
9.165673851966857910e-01
9.168850183486938477e-01
9.168205857276916504e-01
9.161454439163208008e-01
9.170038104057312012e-01
9.173262119293212891e-01
9.172719120979309082e-01
9.177577495574951172e-01
9.182242155075073242e-01
9.176089763641357422e-01
9.178723096847534180e-01
9.180804491043090820e-01
9.189088940620422363e-01
9.179412722587585449e-01
9.182841181755065918e-01
9.184371232986450195e-01
9.185069799423217773e-01
9.191173315048217773e-01
9.182932972908020020e-01
9.185020327568054199e-01
9.184920191764831543e-01
9.191864132881164551e-01
9.192264080047607422e-01
9.199109673500061035e-01
9.196129441261291504e-01
9.200044274330139160e-01
9.193998575210571289e-01
9.187946319580078125e-01
9.192606806755065918e-01
9.193052649497985840e-01
9.202781319618225098e-01
9.204167723655700684e-01
9.202183485031127930e-01
9.197371006011962891e-01
9.201636910438537598e-01
9.207141995429992676e-01
9.209125638008117676e-01
9.203079938888549805e-01
9.207588434219360352e-01
9.216074943542480469e-01
9.209967255592346191e-01
9.216914772987365723e-01
9.212648272514343262e-01
9.212994575500488281e-01
9.206103682518005371e-01
9.213247299194335938e-01
9.212303757667541504e-01
9.210317730903625488e-01
9.211207628250122070e-01
9.215276241302490234e-01
9.221182465553283691e-01
