8.189309299999999681e+00
1.436718449999999869e+01
2.058026790000000261e+01
2.683763239999999684e+01
3.374153370000000507e+01
3.977194690000000321e+01
4.584437760000000139e+01
5.227867189999999908e+01
5.829224270000000274e+01
6.432580059999999378e+01
7.046142150000000015e+01
7.665344639999999288e+01
8.262776499999999658e+01
8.884156919999999502e+01
9.498997129999999345e+01
1.011940073999999896e+02
1.074207230999999894e+02
1.137462704999999943e+02
1.200623523999999946e+02
1.264705244000000022e+02
1.327615640000000212e+02
1.388282398999999998e+02
1.447910466000000156e+02
1.504784477000000038e+02
1.563961443999999972e+02
1.624626057000000117e+02
1.682862666000000047e+02
1.738206964999999968e+02
1.798131999999999948e+02
1.855362857000000076e+02
1.912635894999999948e+02
1.971978172000000029e+02
2.029327249000000108e+02
2.087897169000000019e+02
2.146143487000000221e+02
2.204515740000000221e+02
2.262830114000000208e+02
2.321180482000000040e+02
2.380551444000000174e+02
2.439060685999999976e+02
2.498107490000000155e+02
2.555632532999999853e+02
2.613337157000000275e+02
2.672383540999999809e+02
2.729050975000000108e+02
2.787967841999999905e+02
2.845811947999999916e+02
2.901961967999999956e+02
2.959795632999999953e+02
3.017614753000000292e+02
3.074214612000000102e+02
3.131596322999999984e+02
3.189266025000000013e+02
3.248562282999999979e+02
3.304851383999999825e+02
3.362265371000000300e+02
3.422059793000000241e+02
3.480459683999999925e+02
3.539843703999999889e+02
3.598871202000000267e+02
3.662536820000000262e+02
3.721281193000000371e+02
3.780191250000000309e+02
3.838042912999999885e+02
3.893414556999999832e+02
3.953433357000000115e+02
4.011501974000000246e+02
4.070088931000000230e+02
4.127573199999999929e+02
4.185204145000000153e+02
4.246878413000000023e+02
4.303757550000000265e+02
4.360884184999999889e+02
4.418306211999999960e+02
4.474924679000000083e+02
4.531505988000000116e+02
4.697695123000000308e+02
4.865043610999999828e+02
5.031388782999999876e+02
5.197179022000000259e+02
5.362151280000000497e+02
5.533841813999999886e+02
5.701145404999999755e+02
5.864298228999999765e+02
6.026754329999999982e+02
6.192073749999999563e+02
6.356741819000000078e+02
6.519280929999999898e+02
6.682788712000000260e+02
6.848875933000000487e+02
7.010902905000000374e+02
7.175007344000000558e+02
7.339082799999999907e+02
7.501022269999999708e+02
7.664081985999999915e+02
7.827036997999999812e+02
7.988703516000000491e+02
8.154515793000000485e+02
8.319542141000000584e+02
8.482065195000000131e+02
8.645655994999999621e+02
8.810435544000000618e+02
8.969624905000000581e+02
9.136270402000000104e+02
9.299231833000000051e+02
9.462546833999999762e+02
9.627080282000000580e+02
9.789620643000000655e+02
9.952558747000000494e+02
1.011433094299999993e+03
1.027693572899999936e+03
1.043788708499999984e+03
1.060137580099999923e+03
1.076508101099999976e+03
1.092745802699999786e+03
1.109041368199999852e+03
1.125269083799999862e+03
1.141366262799999959e+03
1.158001303099999859e+03
1.174492335199999843e+03
1.190649856899999804e+03
1.207030527599999914e+03
1.223141640199999983e+03
1.239357747499999959e+03
1.255412873999999874e+03
1.271695707499999799e+03
1.288098607299999912e+03
1.304391005499999892e+03
1.320702352799999971e+03
1.336868739399999868e+03
1.352955707999999959e+03
1.369455911899999819e+03
1.385554662299999791e+03
1.401566093099999989e+03
1.418767451399999800e+03
1.435224897299999839e+03
1.451457458599999882e+03
1.467672724499999958e+03
1.483949460099999897e+03
1.500170796899999914e+03
1.516497106499999973e+03
1.532512262699999837e+03
1.549011916599999950e+03
1.565193224099999952e+03
1.581310480599999892e+03
1.597943550299999970e+03
1.614125241799999912e+03
1.630462747599999830e+03
1.646750742199999877e+03
1.663194655699999885e+03
1.679461381899999878e+03
1.695655394299999898e+03
