1.226233690977096558e-01
1.037697270512580872e-01
9.287021309137344360e-02
8.347972482442855835e-02
7.598769664764404297e-02
6.893973797559738159e-02
6.313978135585784912e-02
5.852854624390602112e-02
5.430263653397560120e-02
5.140376836061477661e-02
4.807014018297195435e-02
4.556602612137794495e-02
4.349637776613235474e-02
4.143792018294334412e-02
3.968659415841102600e-02
3.785729408264160156e-02
3.586164489388465881e-02
3.425288945436477661e-02
3.292096778750419617e-02
3.140961378812789917e-02
3.044907748699188232e-02
2.899997681379318237e-02
2.772718295454978943e-02
2.632568590342998505e-02
2.525317296385765076e-02
2.431502379477024078e-02
2.317386120557785034e-02
2.214223518967628479e-02
2.107603475451469421e-02
2.012603357434272766e-02
1.940496638417243958e-02
1.824957504868507385e-02
1.742470823228359222e-02
1.624173857271671295e-02
1.547107286751270294e-02
1.459760311990976334e-02
1.385313924401998520e-02
1.335921604186296463e-02
1.267444435507059097e-02
1.228057779371738434e-02
1.166101917624473572e-02
1.114258449524641037e-02
1.055039465427398682e-02
1.010655891150236130e-02
9.997275657951831818e-03
9.360922500491142273e-03
9.186907671391963959e-03
8.717256598174571991e-03
8.649172261357307434e-03
8.105323649942874908e-03
7.964328862726688385e-03
7.630060892552137375e-03
7.319451775401830673e-03
7.206301670521497726e-03
6.876591593027114868e-03
6.836325861513614655e-03
6.571331527084112167e-03
6.397615186870098114e-03
6.175142712891101837e-03
6.083935033529996872e-03
5.809724796563386917e-03
5.661751143634319305e-03
5.620665382593870163e-03
5.565374623984098434e-03
5.207017995417118073e-03
5.131856538355350494e-03
5.034562200307846069e-03
4.893398843705654144e-03
4.856843501329421997e-03
4.663676489144563675e-03
4.525146912783384323e-03
4.554566927254199982e-03
4.379021935164928436e-03
4.332922399044036865e-03
4.272541496902704239e-03
4.264213610440492630e-03
4.119815770536661148e-03
4.022206645458936691e-03
4.099159035831689835e-03
3.920020069926977158e-03
3.899589413776993752e-03
3.893784713000059128e-03
3.692966885864734650e-03
3.810003167018294334e-03
3.627198282629251480e-03
3.680810332298278809e-03
3.714488120749592781e-03
3.644223324954509735e-03
3.646873170509934425e-03
3.562769386917352676e-03
3.530689748004078865e-03
3.470312803983688354e-03
3.394013736397027969e-03
3.422391135245561600e-03
3.328926395624876022e-03
3.268495202064514160e-03
3.298487514257431030e-03
3.177998587489128113e-03
3.268904285505414009e-03
3.221281571313738823e-03
3.195615252479910851e-03
3.057500813156366348e-03
3.084911266341805458e-03
3.042036667466163635e-03
3.108418546617031097e-03
3.011024557054042816e-03
2.981701167300343513e-03
2.943249884992837906e-03
2.946204971522092819e-03
2.863383386284112930e-03
2.927273279055953026e-03
2.971134847030043602e-03
9.162931703031063080e-03
8.162702433764934540e-03
7.817393168807029724e-03
7.431690581142902374e-03
7.201754022389650345e-03
6.924726068973541260e-03
6.777519360184669495e-03
6.598888896405696869e-03
6.385242566466331482e-03
6.252946332097053528e-03
6.044170353561639786e-03
6.092588417232036591e-03
5.868182051926851273e-03
5.802360363304615021e-03
5.617236252874135971e-03
5.540222395211458206e-03
5.423365626484155655e-03
5.305141210556030273e-03
5.257214885205030441e-03
5.148307885974645615e-03
5.091109778732061386e-03
4.984441678971052170e-03
4.947155248373746872e-03
4.807905759662389755e-03
4.775294102728366852e-03
4.667679313570261002e-03
4.573196638375520706e-03
4.535031504929065704e-03
4.502257797867059708e-03
4.428233485668897629e-03
4.241820424795150757e-03
4.224799573421478271e-03
4.172557964920997620e-03
4.048136528581380844e-03
4.035277757793664932e-03
4.027221817523241043e-03
3.909025806933641434e-03
3.883329685777425766e-03
3.857441246509552002e-03
3.886502236127853394e-03
3.816335462033748627e-03
3.703596536070108414e-03
3.684784052893519402e-03
3.683093236759305000e-03
3.539550583809614182e-03
3.538692602887749672e-03
3.485860768705606461e-03
3.408821765333414078e-03
3.413463709875941277e-03
3.333578817546367645e-03
3.291444852948188782e-03
3.242250066250562668e-03
3.207102883607149124e-03
3.171235788613557816e-03
3.169944044202566147e-03
3.140561282634735107e-03
3.055535489693284035e-03
3.017907496541738510e-03
3.005002858117222786e-03
2.952052280306816101e-03
2.933738520368933678e-03
2.879902021959424019e-03
2.867173403501510620e-03
2.828052500262856483e-03
2.813976956531405449e-03
2.798595000058412552e-03
2.728868508711457253e-03
2.746692625805735588e-03
2.689318032935261726e-03
2.623632084578275681e-03
2.666888060048222542e-03
2.598788123577833176e-03
2.608763054013252258e-03
2.566315000876784325e-03
2.512166276574134827e-03
2.538253320381045341e-03
2.450572792440652847e-03
2.457985887303948402e-03
2.434451133012771606e-03
2.431935397908091545e-03
2.380867954343557358e-03
2.395515795797109604e-03
2.367891138419508934e-03
2.294553443789482117e-03
2.287223236635327339e-03
2.264660317450761795e-03
2.259079832583665848e-03
2.244195202365517616e-03
2.222166396677494049e-03
2.194607863202691078e-03
2.162540331482887268e-03
2.157685346901416779e-03
2.131802495568990707e-03
2.097093733027577400e-03
2.090577501803636551e-03
2.123905811458826065e-03
2.079429337754845619e-03
2.027295297011733055e-03
2.038158243522047997e-03
2.034382196143269539e-03
1.983016496524214745e-03
1.988903852179646492e-03
1.967512303963303566e-03
