3.420370200000000693e+00
4.914227200000006235e+00
6.435274400000004391e+00
7.870835500000005425e+00
9.357686100000002227e+00
1.078810270000000315e+01
1.222347070000000002e+01
1.371576860000000408e+01
1.520570480000000657e+01
1.665978650000000982e+01
1.807073350000000289e+01
1.951096689999999967e+01
2.096361670000000288e+01
2.246827600000000302e+01
2.395567189999999869e+01
2.537151459999999759e+01
2.689114890000000457e+01
2.840368800000000249e+01
2.981819440000001009e+01
3.135464570000000606e+01
3.284681400000000906e+01
3.427233480000001009e+01
3.573649679999999762e+01
3.722296710000000530e+01
3.861917730000000404e+01
4.016323420000000510e+01
4.169462310000000116e+01
4.311478150000000653e+01
4.475449810000000639e+01
4.618930890000000034e+01
4.763612190000000624e+01
4.910712449999999762e+01
5.057977750000000583e+01
5.200718899999999678e+01
5.349146760000000711e+01
5.496970490000001064e+01
5.639943940000000566e+01
5.792405190000000914e+01
5.937290570000000400e+01
6.080127170000000092e+01
6.233373260000000471e+01
6.381000780000000816e+01
6.524246910000000810e+01
6.673764030000000957e+01
6.831914729999999736e+01
6.977445819999999799e+01
7.126708010000000115e+01
7.274650809999999979e+01
7.416539540000000841e+01
7.566311890000000062e+01
7.710216189999999870e+01
7.853365420000000086e+01
8.007162600000000907e+01
8.152925519999999437e+01
8.296631590000001211e+01
