1.331868916749954224e-01
1.181536316871643066e-01
1.091847568750381470e-01
1.023302599787712097e-01
9.697852283716201782e-02
9.129414707422256470e-02
8.622238039970397949e-02
8.172810822725296021e-02
7.765702903270721436e-02
7.353971153497695923e-02
6.941789388656616211e-02
6.566956639289855957e-02
6.223484128713607788e-02
5.903825908899307251e-02
5.553750693798065186e-02
5.248082801699638367e-02
4.865937680006027222e-02
4.630327597260475159e-02
4.397456720471382141e-02
4.164746031165122986e-02
3.902591764926910400e-02
3.702279180288314819e-02
3.538008779287338257e-02
3.402675688266754150e-02
3.196477890014648438e-02
3.079067543148994446e-02
2.937833592295646667e-02
2.786358445882797241e-02
2.688525803387165070e-02
2.569944038987159729e-02
2.471264451742172241e-02
2.376675046980381012e-02
2.314694598317146301e-02
2.217963151633739471e-02
2.146266587078571320e-02
2.062691375613212585e-02
1.938873901963233948e-02
1.894007809460163116e-02
1.833624020218849182e-02
1.764027774333953857e-02
1.729086041450500488e-02
1.660588756203651428e-02
1.595970615744590759e-02
1.571270078420639038e-02
1.507104374468326569e-02
1.498173736035823822e-02
1.462740823626518250e-02
1.385812833905220032e-02
1.355510484427213669e-02
1.338951848447322845e-02
1.295741554349660873e-02
1.287597417831420898e-02
1.223401632159948349e-02
1.190068386495113373e-02
1.215226110070943832e-02
1.170225255191326141e-02
1.140433643013238907e-02
1.118593011051416397e-02
1.122097019106149673e-02
1.080981269478797913e-02
1.080043427646160126e-02
1.036603841930627823e-02
1.031066197901964188e-02
1.036861632019281387e-02
1.003896258771419525e-02
9.898738004267215729e-03
9.739034809172153473e-03
9.661319665610790253e-03
9.811962954699993134e-03
9.611972607672214508e-03
9.425119496881961823e-03
9.183910675346851349e-03
9.068130515515804291e-03
8.938291110098361969e-03
9.007805958390235901e-03
8.909340016543865204e-03
8.904850110411643982e-03
8.634984493255615234e-03
8.493656292557716370e-03
8.424731902778148651e-03
8.423808030784130096e-03
8.274186402559280396e-03
8.380318991839885712e-03
8.060982450842857361e-03
8.224853314459323883e-03
8.044869638979434967e-03
7.912276312708854675e-03
7.760275155305862427e-03
7.723112124949693680e-03
7.964315824210643768e-03
7.750782649964094162e-03
7.712756283581256866e-03
7.795508019626140594e-03
7.635301444679498672e-03
7.489154115319252014e-03
7.624403573572635651e-03
7.193048950284719467e-03
7.426764350384473801e-03
7.315969560295343399e-03
7.242606487125158310e-03
1.634323969483375549e-02
1.603293232619762421e-02
1.571831852197647095e-02
1.533367950469255447e-02
1.508439239114522934e-02
1.501159835606813431e-02
1.484819594770669937e-02
1.459725387394428253e-02
1.431369502097368240e-02
1.445240806788206100e-02
1.411481015384197235e-02
1.408624555915594101e-02
1.378315128386020660e-02
1.369931641966104507e-02
1.377618219703435898e-02
1.361716911196708679e-02
1.334391627460718155e-02
1.334323640912771225e-02
1.321407873183488846e-02
1.296076923608779907e-02
1.310620456933975220e-02
1.289250608533620834e-02
1.275000162422657013e-02
1.270996127277612686e-02
1.250698883086442947e-02
1.233568321913480759e-02
1.251775212585926056e-02
1.226566731929779053e-02
1.209087762981653214e-02
1.207665726542472839e-02
1.207558624446392059e-02
1.197821181267499924e-02
1.198469474911689758e-02
1.180787663906812668e-02
1.159739401191473007e-02
1.179840601980686188e-02
1.163157913833856583e-02
1.165521610528230667e-02
1.159641426056623459e-02
1.158493198454380035e-02
1.129582896828651428e-02
1.121779810637235641e-02
1.118319481611251831e-02
1.104538328945636749e-02
1.098355930298566818e-02
1.091400906443595886e-02
1.088111754506826401e-02
1.101353392004966736e-02
1.085206214338541031e-02
1.084014959633350372e-02
1.064222306013107300e-02
1.061786897480487823e-02
1.074321754276752472e-02
1.059752423316240311e-02
1.060521695762872696e-02
1.044919248670339584e-02
1.034488622099161148e-02
1.030111964792013168e-02
1.020626910030841827e-02
1.031066570430994034e-02
1.010925881564617157e-02
9.971099905669689178e-03
1.021062955260276794e-02
1.011159457266330719e-02
1.004349999129772186e-02
9.995969012379646301e-03
9.926898404955863953e-03
9.982744231820106506e-03
9.900683537125587463e-03
9.818945080041885376e-03
9.790126234292984009e-03
9.777663275599479675e-03
9.808715432882308960e-03
9.764514863491058350e-03
9.775133803486824036e-03
