7.296599399999877278e+00
1.306889539999997396e+01
1.889555649999988418e+01
2.445560969999996814e+01
3.036297500000000582e+01
3.617937229999984083e+01
4.196727199999986624e+01
4.771868079999990186e+01
5.342806629999995494e+01
5.938178189999985079e+01
6.494874669999990147e+01
7.076678119999996852e+01
7.655965670000000500e+01
8.227181019999989076e+01
8.792102429999999913e+01
9.375371879999988778e+01
9.946728549999988900e+01
1.051562089999999898e+02
1.106038956999998391e+02
1.163338819999999032e+02
1.222371229999998832e+02
1.278263680999998542e+02
1.337480897000000368e+02
1.393359471999999641e+02
1.448854522999999972e+02
1.504832297000000381e+02
1.558435594999998557e+02
1.616299934999999550e+02
1.672503936999999041e+02
1.728289746000000378e+02
1.783705904999999348e+02
1.839546775999999682e+02
1.896421421999998529e+02
1.951765324000000419e+02
2.007168254999999135e+02
2.063033256999999594e+02
2.118712151999998241e+02
2.174778712999998334e+02
2.232679676999998719e+02
2.288163584999999784e+02
2.343857864999999947e+02
2.399891757999998845e+02
2.455226981999999225e+02
2.511544240999999147e+02
2.567096298999999817e+02
2.620267827000000125e+02
2.677461534999999913e+02
2.733152966999998625e+02
2.788371159999999236e+02
2.845035272999998597e+02
2.901384676999998646e+02
2.957954794999998285e+02
3.015646927000000233e+02
3.074176879999999983e+02
3.129693918999998914e+02
3.185791108999999324e+02
3.240499712999999247e+02
3.293104227999999694e+02
3.352397671000001083e+02
3.408128857999997763e+02
3.464657927999999174e+02
3.521259370999998737e+02
3.576693142999999964e+02
3.630709844000000430e+02
3.688543988999997509e+02
3.743792854000000716e+02
3.799785571999998410e+02
3.855931417999997848e+02
3.914706945999998879e+02
3.970922511000001123e+02
4.026552116999998816e+02
4.082545090999999502e+02
4.139340371999999206e+02
4.193639580999999907e+02
4.252041686000000027e+02
4.307555279000000610e+02
4.363404411999997592e+02
4.419782139000001280e+02
4.475272288999997272e+02
4.531614723000000140e+02
4.587138883000000078e+02
4.643160878000001048e+02
4.699788181000001259e+02
4.754755410000000211e+02
4.816391919000000144e+02
4.872642178999997213e+02
4.928205233999999564e+02
4.984648180000001503e+02
5.040944671999998263e+02
5.096765146999998706e+02
5.152611994999999752e+02
5.209648529999997209e+02
5.266379383000000871e+02
5.319977498000000651e+02
5.379574374999999691e+02
5.435089299999997365e+02
5.491426272999999583e+02
5.548690598000000591e+02
5.604327310000001034e+02
5.660068485999997847e+02
5.828362227999998595e+02
5.994512971999999991e+02
6.160737720999998146e+02
6.330972598000000744e+02
6.497674513999997998e+02
6.660510542999998052e+02
6.829218657999997504e+02
6.998949900000000071e+02
7.165793716999999106e+02
7.329580997999998999e+02
7.497153495999998540e+02
7.660587800999999217e+02
7.828136902999997346e+02
7.994622299000000112e+02
8.161074768000000859e+02
8.333404812000001129e+02
8.500909473999997772e+02
8.671182624999999007e+02
8.837065291000001253e+02
9.005428795999998783e+02
9.176208438999999544e+02
9.346993531999999050e+02
9.520345725999998194e+02
9.689911171999999624e+02
9.858932130000000598e+02
1.002897558399999753e+03
1.019766405799999802e+03
1.036445034900000110e+03
1.053112428300000147e+03
1.070107341099999985e+03
1.087515151100000139e+03
1.104293180399999756e+03
1.121143160299999863e+03
1.138087133199999926e+03
1.154718484400000079e+03
1.171940592599999718e+03
1.188870920000000069e+03
1.205945942600000080e+03
1.223090812199999846e+03
1.240051257800000030e+03
1.257220285900000135e+03
1.274269976700000143e+03
1.291300442200000134e+03
1.308265816599999880e+03
1.325145848999999771e+03
1.342429970699999785e+03
1.359484499399999777e+03
1.376237731599999961e+03
1.393875077999999803e+03
1.410662475999999742e+03
1.427600220699999909e+03
1.444367047299999967e+03
1.461295334400000002e+03
1.478080190099999754e+03
1.495330855699999802e+03
1.512221635799999831e+03
1.528831512099999827e+03
1.545743011199999955e+03
1.562404029699999910e+03
1.579147268399999803e+03
1.595992248400000108e+03
1.612912593499999957e+03
1.630172316599999931e+03
1.646937840499999993e+03
1.663365134999999782e+03
1.680495668799999976e+03
1.697298076199999969e+03
1.714179640499999778e+03
1.731113539799999899e+03
1.748111366699999735e+03
1.765313072099999999e+03
1.782004179299999805e+03
1.799578764199999796e+03
1.816150316900000007e+03
1.833515870699999823e+03
