7.147403359413146973e-01
8.540323376655578613e-01
8.942832350730895996e-01
9.128121733665466309e-01
9.249442219734191895e-01
9.328290224075317383e-01
9.358258843421936035e-01
9.383835792541503906e-01
9.417060017585754395e-01
9.446613192558288574e-01
9.486089944839477539e-01
9.495493769645690918e-01
9.523447155952453613e-01
9.535590410232543945e-01
9.534918069839477539e-01
9.541376829147338867e-01
9.552434682846069336e-01
9.554346203804016113e-01
9.562870860099792480e-01
9.563490748405456543e-01
9.564577341079711914e-01
9.557757377624511719e-01
9.559564590454101562e-01
9.556670784950256348e-01
9.574912190437316895e-01
9.592272639274597168e-01
9.596871137619018555e-01
9.613714814186096191e-01
9.616918563842773438e-01
9.624980092048645020e-01
9.627977013587951660e-01
9.643167853355407715e-01
9.648644328117370605e-01
9.647507071495056152e-01
9.653139114379882812e-01
9.642702341079711914e-01
9.646577239036560059e-01
9.654329419136047363e-01
9.302957057952880859e-01
9.337055087089538574e-01
9.359743595123291016e-01
9.359020590782165527e-01
9.370345473289489746e-01
9.379438757896423340e-01
9.391012787818908691e-01
9.394695758819580078e-01
9.399215579032897949e-01
9.379834532737731934e-01
9.406530261039733887e-01
9.415689706802368164e-01
9.425144195556640625e-01
9.426162838935852051e-01
9.422249197959899902e-01
9.431161284446716309e-01
9.446531534194946289e-01
9.447141289710998535e-01
9.450593590736389160e-01
9.464600086212158203e-01
9.460950493812561035e-01
9.472147226333618164e-01
9.472064375877380371e-01
9.484196305274963379e-01
9.488635659217834473e-01
9.489063024520874023e-01
9.475269317626953125e-01
9.489360451698303223e-01
9.498386383056640625e-01
