1.896219104528427124e-01
1.276825666427612305e-01
1.011418253183364868e-01
8.149354904890060425e-02
6.753664463758468628e-02
5.664187297224998474e-02
4.995436221361160278e-02
4.405996575951576233e-02
3.942004218697547913e-02
3.655254095792770386e-02
3.346987813711166382e-02
3.270649537444114685e-02
3.008551336824893951e-02
2.884686179459095001e-02
2.820738963782787323e-02
2.802153863012790680e-02
2.688139118254184723e-02
2.619038522243499756e-02
2.510229498147964478e-02
2.471050992608070374e-02
2.428247220814228058e-02
2.471041306853294373e-02
2.450721524655818939e-02
2.346531488001346588e-02
2.241828851401805878e-02
2.134580165147781372e-02
2.020860649645328522e-02
1.959744840860366821e-02
1.923212222754955292e-02
1.828698441386222839e-02
1.769324019551277161e-02
1.721474342048168182e-02
1.680028624832630157e-02
1.620831899344921112e-02
1.634558849036693573e-02
1.674388162791728973e-02
1.623644679784774780e-02
1.637731119990348816e-02
4.153078421950340271e-02
3.606913611292839050e-02
3.370444849133491516e-02
3.338051214814186096e-02
3.177149221301078796e-02
3.019305132329463959e-02
2.911474183201789856e-02
2.824711427092552185e-02
2.793928422033786774e-02
2.956713177263736725e-02
2.769369445741176605e-02
2.671229839324951172e-02
2.600595727562904358e-02
2.605256810784339905e-02
2.591208554804325104e-02
2.516571618616580963e-02
2.431638166308403015e-02
2.396612428128719330e-02
2.380637265741825104e-02
2.316591329872608185e-02
2.293339930474758148e-02
2.270894683897495270e-02
2.234452590346336365e-02
2.174211293458938599e-02
2.123462036252021790e-02
2.150245197117328644e-02
2.180172875523567200e-02
2.133920602500438690e-02
2.077178098261356354e-02
