9.837201240000000269e+01
1.007652128999999945e+02
1.031584485999999998e+02
1.055338212000000055e+02
1.079139193999999975e+02
1.102987944000000056e+02
1.126842232000000052e+02
1.150832578999999924e+02
1.174649600000000049e+02
1.198403655999999984e+02
1.222347101999999950e+02
1.246139457000000021e+02
1.270119982000000078e+02
1.293947455000000275e+02
1.317770475000000090e+02
1.341718595000000107e+02
1.365480184000000179e+02
1.389249521000000129e+02
1.415130527000000029e+02
1.439080549000000246e+02
1.462857894000000272e+02
1.486527001000000041e+02
1.510349619000000132e+02
1.534007243000000074e+02
1.557782938000000001e+02
1.581692696000000069e+02
1.605434188000000120e+02
1.629190047000000163e+02
1.652928691000000185e+02
1.676686621000000059e+02
1.700606158000000221e+02
1.724347764000000041e+02
1.748115342000000112e+02
1.771860980000000154e+02
1.795599582000000112e+02
1.819515572000000247e+02
1.843242789000000244e+02
1.866990942000000189e+02
4.411774744999999598e+02
4.485898527999999601e+02
4.560090920999999753e+02
4.634730356999999685e+02
4.708801027999999746e+02
4.783289219000000116e+02
4.858149568000000045e+02
4.932470824000000107e+02
5.007350940000000037e+02
5.081623597999999902e+02
5.156082708999999795e+02
5.231255327000000079e+02
5.305705563999999868e+02
5.381524345999999923e+02
5.456010248000000047e+02
5.530719593999999688e+02
5.605902006999999685e+02
5.680357030000000123e+02
5.755130495999999312e+02
5.830450333999999657e+02
5.904822944000000007e+02
5.980166480000000320e+02
6.055642897000000175e+02
6.130806325999999444e+02
6.206212882999999465e+02
6.280577228999999306e+02
6.355716871999999285e+02
6.430773381000000199e+02
6.505948425000000270e+02
