8.631786704063415527e-01
8.654513359069824219e-01
8.644570112228393555e-01
8.642677068710327148e-01
8.655460476875305176e-01
8.658302426338195801e-01
8.650094866752624512e-01
8.644099235534667969e-01
8.649148344993591309e-01
8.655459880828857422e-01
8.650410771369934082e-01
8.392509818077087402e-01
8.398064374923706055e-01
8.393206596374511719e-01
8.399153947830200195e-01
8.394792675971984863e-01
8.395086526870727539e-01
8.390677571296691895e-01
8.393153548240661621e-01
8.396625518798828125e-01
8.396425247192382812e-01
