2.587782740592956543e-01
2.368961572647094727e-01
2.233764529228210449e-01
2.155606299638748169e-01
2.071219235658645630e-01
1.973552107810974121e-01
1.945528090000152588e-01
1.884566098451614380e-01
1.846571266651153564e-01
1.794064342975616455e-01
1.759061813354492188e-01
1.728616803884506226e-01
1.688119769096374512e-01
1.657617241144180298e-01
1.654343605041503906e-01
1.609200537204742432e-01
1.587942391633987427e-01
1.579381078481674194e-01
1.539751142263412476e-01
1.537635177373886108e-01
1.485298871994018555e-01
1.479065716266632080e-01
1.470433026552200317e-01
1.446612477302551270e-01
1.440402269363403320e-01
1.421455591917037964e-01
1.413125693798065186e-01
1.390452086925506592e-01
1.386317759752273560e-01
1.342406123876571655e-01
1.333571821451187134e-01
1.353893280029296875e-01
1.312275081872940063e-01
1.309827268123626709e-01
1.288603544235229492e-01
1.256300359964370728e-01
1.256594061851501465e-01
1.255972683429718018e-01
1.236100494861602783e-01
1.222134307026863098e-01
1.194989979267120361e-01
1.184553280472755432e-01
1.172740086913108826e-01
1.175890341401100159e-01
1.150736361742019653e-01
1.160178035497665405e-01
1.123335063457489014e-01
1.112384721636772156e-01
1.098504960536956787e-01
1.110182628035545349e-01
1.083543673157691956e-01
1.065655574202537537e-01
1.047251895070075989e-01
1.063875108957290649e-01
1.044746488332748413e-01
1.025117039680480957e-01
1.005335524678230286e-01
9.984745085239410400e-02
9.924138337373733521e-02
1.006062105298042297e-01
9.536518156528472900e-02
9.348925203084945679e-02
9.306012839078903198e-02
9.438997507095336914e-02
9.251521527767181396e-02
9.406042098999023438e-02
8.921355754137039185e-02
8.882803469896316528e-02
9.073303639888763428e-02
8.886372298002243042e-02
8.595164865255355835e-02
8.443265408277511597e-02
8.404368162155151367e-02
8.283692598342895508e-02
8.376763761043548584e-02
8.080778270959854126e-02
8.333030343055725098e-02
7.925740629434585571e-02
7.842103391885757446e-02
7.769149541854858398e-02
7.646707445383071899e-02
7.575033605098724365e-02
7.508417963981628418e-02
7.541543990373611450e-02
7.289159297943115234e-02
7.382518798112869263e-02
7.264863699674606323e-02
7.046700268983840942e-02
6.952963769435882568e-02
6.776784360408782959e-02
6.815216690301895142e-02
6.524271517992019653e-02
6.802599877119064331e-02
6.761407107114791870e-02
6.555568426847457886e-02
6.512293219566345215e-02
6.244293972849845886e-02
6.398223340511322021e-02
6.322254240512847900e-02
6.238956376910209656e-02
7.131440937519073486e-02
7.074584066867828369e-02
6.858218461275100708e-02
6.650177389383316040e-02
6.444486230611801147e-02
6.418702006340026855e-02
6.091194599866867065e-02
5.849896743893623352e-02
5.775335058569908142e-02
5.791138112545013428e-02
5.692456662654876709e-02
5.684298649430274963e-02
5.475908517837524414e-02
5.411308258771896362e-02
5.257763713598251343e-02
5.406546965241432190e-02
5.181615799665451050e-02
5.156727507710456848e-02
5.201650410890579224e-02
5.017487332224845886e-02
5.008086562156677246e-02
4.921015352010726929e-02
4.809633269906044006e-02
4.794544354081153870e-02
4.783111438155174255e-02
4.656155779957771301e-02
4.669380560517311096e-02
4.827885702252388000e-02
