6.854872599999907834e+00
1.236668490000010934e+01
1.786939230000007228e+01
2.331008199999996577e+01
2.873643220000030851e+01
3.418131530000027851e+01
3.958976500000062515e+01
4.501504370000020572e+01
5.040088130000003730e+01
5.569912089999979798e+01
6.086900839999998425e+01
6.607478730000002543e+01
7.120970610000040324e+01
7.633225709999987885e+01
8.152133890000004612e+01
8.665157679999992979e+01
9.173482609999973647e+01
9.697107700000015029e+01
1.022048525000000154e+02
1.073252426999997624e+02
1.124303688999998485e+02
1.176748326000006273e+02
1.228881723000004058e+02
1.281716346000002886e+02
1.334896951999999146e+02
1.386498621999999159e+02
1.436518561000002592e+02
1.487815602000000581e+02
1.539894868999999744e+02
1.591368879999999990e+02
1.641862237000004825e+02
1.693607290999998440e+02
1.743587777000002461e+02
1.796690773999998783e+02
1.847887372000004689e+02
1.899218829000001278e+02
1.951291535999998814e+02
2.002568135000001348e+02
2.054490948000002390e+02
2.104807369000000108e+02
2.157026981999997588e+02
2.208715560999999070e+02
2.259388935000006313e+02
2.311135758999998870e+02
2.361613207000000330e+02
2.413204231999998228e+02
2.464446171999998114e+02
2.515887758999997459e+02
2.591575798000003488e+02
2.644729373999998643e+02
2.703536795999998503e+02
2.757628479000004518e+02
2.822702423999999155e+02
2.878930188000003909e+02
2.931789556000003358e+02
2.984379813000005015e+02
3.037071769000003769e+02
3.091258519000002707e+02
3.143161921000000802e+02
3.196232939999999871e+02
3.249615959000002476e+02
3.303496887999999672e+02
3.356083356999997704e+02
3.407399372999998377e+02
3.460910456000001432e+02
3.513648082999998223e+02
3.564987625000003391e+02
3.616170911999997770e+02
3.666670879000002969e+02
3.718033358000002409e+02
3.769219954999998663e+02
3.820807482000000164e+02
3.872363110000005690e+02
3.923753020000003744e+02
3.975091725000002043e+02
4.026056509000000005e+02
4.077483835000002728e+02
4.132164039999997840e+02
4.187467262000000119e+02
4.243499368000002505e+02
4.298050627000002351e+02
4.353294728000000759e+02
4.407777758000001995e+02
4.461527765999999247e+02
4.515197330999999394e+02
4.568941715999999360e+02
4.622981440000003204e+02
4.676096594000000550e+02
4.729392612000001463e+02
4.781489434000004621e+02
4.833406678000001193e+02
4.884723945000005187e+02
4.937308467000002565e+02
4.988406553000004351e+02
5.040026280000001861e+02
5.091901950999999826e+02
5.143557765000005020e+02
5.195189664999998058e+02
5.246438241000005291e+02
5.298674929999997403e+02
5.434739196999998967e+02
5.569221520000000965e+02
5.705618211999999403e+02
5.841435173999998369e+02
5.977195093999998790e+02
6.110863522999998168e+02
6.249488188000004811e+02
6.385491370999998253e+02
6.522830217000000630e+02
6.659956461000001582e+02
6.793353935000004640e+02
6.928270425999999134e+02
7.064259259999998903e+02
7.202604311000004600e+02
7.338301234999998996e+02
7.474198894000001019e+02
7.609356476000002658e+02
7.744691843999999037e+02
7.877407775000001493e+02
8.012381431000003431e+02
8.146421040000004723e+02
8.279849091000005501e+02
8.413266214000004766e+02
8.546515464000003703e+02
8.680783944000004340e+02
8.817568108000004941e+02
8.953209855000004609e+02
9.089174486000001707e+02
