6.575903296470642090e-02
4.621368646621704102e-02
4.610324278473854065e-02
4.613262414932250977e-02
4.612530022859573364e-02
4.614013805985450745e-02
4.615741595625877380e-02
4.615140706300735474e-02
4.609876871109008789e-02
4.617401212453842163e-02
4.405416920781135559e-02
4.399080947041511536e-02
4.404922574758529663e-02
4.105399921536445618e-02
1.926105655729770660e-02
1.374025363475084305e-02
1.023389678448438644e-02
6.848129443824291229e-03
5.699791945517063141e-03
4.833757411688566208e-03
4.482762422412633896e-03
4.104678519070148468e-03
3.830050118267536163e-03
3.595103975385427475e-03
3.489966504275798798e-03
3.381010377779603004e-03
3.299143631011247635e-03
3.131589153781533241e-03
3.073736326768994331e-03
3.114070510491728783e-03
2.883633598685264587e-03
2.921429462730884552e-03
2.793138381093740463e-03
2.794422674924135208e-03
2.764574950560927391e-03
2.727740909904241562e-03
2.594630466774106026e-03
2.618488622829318047e-03
2.552574500441551208e-03
2.489482751116156578e-03
2.459535142406821251e-03
2.408646047115325928e-03
2.444060984998941422e-03
2.406446961686015129e-03
2.385393483564257622e-03
2.361634047701954842e-03
2.256455132737755775e-03
2.256914740428328514e-03
2.315012039616703987e-03
2.188030397519469261e-03
2.193532418459653854e-03
2.190474187955260277e-03
2.151761902496218681e-03
2.243293216452002525e-03
2.214331179857254028e-03
2.226731739938259125e-03
2.186087891459465027e-03
2.072605537250638008e-03
2.151796594262123108e-03
