8.472358500000154891e+00
1.577004810000016732e+01
2.337423779999971885e+01
3.118342440000014903e+01
3.868226799999956711e+01
4.594016279999959806e+01
5.415431470000021363e+01
6.180249449999973876e+01
6.911732389999997395e+01
7.693240009999954054e+01
9.875338469999951485e+01
1.205010843000000023e+02
1.427554015999994590e+02
1.647127229999996416e+02
1.866713576000001922e+02
2.089058641000001444e+02
2.311784460999997464e+02
2.533922479000002568e+02
2.757310670999995637e+02
2.976780284999995274e+02
3.198274814999995215e+02
3.423064722999997684e+02
3.639858699999995224e+02
3.865155171999995218e+02
4.090171792000001005e+02
4.309868269999997210e+02
4.528561099999997168e+02
4.750609642999997959e+02
4.969806240999996589e+02
5.187394131000000925e+02
5.412704037000003154e+02
5.635973991999999271e+02
5.858366212000000814e+02
6.078043422000000646e+02
6.297309654999999111e+02
6.514085554000002958e+02
6.737607900000002701e+02
6.957202116999997088e+02
7.179306538000000728e+02
7.402838391000004776e+02
7.621429807000004075e+02
7.842995838999995613e+02
8.065745704000000842e+02
8.283121116000002075e+02
8.501302814999999100e+02
8.721764643999995315e+02
8.940487620999992942e+02
9.160195504000002984e+02
9.386334305000000313e+02
9.603761028999997507e+02
9.820555932999996003e+02
1.004225801500000671e+03
1.025850431099999696e+03
1.047807026200000109e+03
1.070009493199999270e+03
1.091897840999999971e+03
1.114103046799998992e+03
1.136235975899999175e+03
1.157851368899999216e+03
