6.289932131767272949e-01
6.045832633972167969e-01
5.879861116409301758e-01
6.238889098167419434e-01
5.924304723739624023e-01
5.740971565246582031e-01
5.868054628372192383e-01
5.793749690055847168e-01
5.885068774223327637e-01
5.890971422195434570e-01
5.788889527320861816e-01
5.814930200576782227e-01
5.801041126251220703e-01
5.869098901748657227e-01
5.945834517478942871e-01
5.862500071525573730e-01
5.838194489479064941e-01
5.747221112251281738e-01
5.659027695655822754e-01
6.057985424995422363e-01
6.418054699897766113e-01
6.434028744697570801e-01
6.463541388511657715e-01
6.447916626930236816e-01
6.436110734939575195e-01
6.442361474037170410e-01
6.412500143051147461e-01
6.461805701255798340e-01
6.469097137451171875e-01
6.379860639572143555e-01
6.418750286102294922e-01
6.375001668930053711e-01
6.395833492279052734e-01
6.448958516120910645e-01
6.427083611488342285e-01
6.363193988800048828e-01
6.408680081367492676e-01
6.346874833106994629e-01
6.392013430595397949e-01
6.364583373069763184e-01
6.379861235618591309e-01
6.448263525962829590e-01
6.365972757339477539e-01
6.465972661972045898e-01
6.417361497879028320e-01
6.410763263702392578e-01
6.348612308502197266e-01
6.428471207618713379e-01
6.373610496520996094e-01
6.380555033683776855e-01
6.376735568046569824e-01
6.365972161293029785e-01
6.427430510520935059e-01
6.360764503479003906e-01
6.398957967758178711e-01
7.067013382911682129e-01
7.115625143051147461e-01
7.160069346427917480e-01
7.155902385711669922e-01
7.185069918632507324e-01
7.098957896232604980e-01
7.092707753181457520e-01
7.138889431953430176e-01
7.181944251060485840e-01
7.152429819107055664e-01
7.169445157051086426e-01
7.197917699813842773e-01
7.170139551162719727e-01
7.187500596046447754e-01
7.135417461395263672e-01
7.104166150093078613e-01
7.134026885032653809e-01
7.166666388511657715e-01
7.123264074325561523e-01
7.170832753181457520e-01
7.173611521720886230e-01
7.156944274902343750e-01
7.137500047683715820e-01
7.184722423553466797e-01
7.137848734855651855e-01
7.138543128967285156e-01
7.256944775581359863e-01
7.130206823348999023e-01
7.120833396911621094e-01
7.120484709739685059e-01
7.190971970558166504e-01
