8.124678399999538669e+00
1.562890739999966172e+01
2.252443599999969592e+01
2.995402800000010757e+01
3.696846240000013495e+01
4.415808509999988019e+01
5.122866640000029292e+01
5.804795329999979003e+01
6.546616470000026311e+01
7.249809050000021671e+01
7.976431179999963206e+01
8.690325000000029831e+01
9.388440399999944930e+01
1.009527821000001495e+02
1.077402412000001277e+02
1.155954725999999937e+02
1.225428284999998141e+02
1.294291776000000027e+02
1.366210377999996126e+02
1.436873786999994991e+02
1.507924170999995113e+02
1.577518153999999413e+02
1.646675503999995271e+02
1.717217676000000210e+02
1.787229864999999336e+02
1.857058213000000251e+02
1.929299885000000359e+02
1.999535845000000336e+02
2.069638781000003291e+02
2.140979162000003271e+02
2.210258830000002490e+02
2.280969457999999577e+02
2.349930592000000615e+02
2.422681420999997499e+02
2.492372937000000093e+02
2.562334553000000597e+02
2.632362768000002688e+02
2.703285783000001175e+02
2.774637321999998676e+02
2.844275468999994700e+02
2.913905856999999742e+02
2.985367206999999325e+02
3.055461654000000635e+02
3.125396726999997554e+02
3.197100172999998904e+02
3.266043137999995452e+02
3.336302973000001657e+02
3.412031667999999627e+02
3.481548209000002316e+02
3.548664553999997224e+02
3.622944572999995216e+02
3.691633866000001944e+02
3.762238538000001427e+02
3.833404326999998375e+02
3.903784717999997156e+02
3.974318425999999818e+02
4.046132672000003367e+02
4.116307789000002231e+02
4.188133044999995036e+02
4.261201006999999663e+02
4.332604122000002462e+02
4.403300425999996150e+02
4.474244797000001199e+02
4.549056823000000804e+02
4.621386427999996158e+02
4.693555950999998458e+02
4.764350868999999875e+02
4.835457453999997597e+02
4.905527762000001530e+02
4.979876883999995698e+02
5.048766611999999441e+02
5.126001430999995137e+02
5.196641374000000724e+02
5.267252005000000281e+02
5.339171876999998858e+02
5.409750152999995407e+02
5.480750373000000764e+02
5.552792386999999508e+02
5.624269021000000066e+02
5.701859918000000107e+02
5.774792459000000235e+02
5.845384875999998258e+02
5.916520379000003231e+02
5.988607363999999507e+02
6.057004967000002580e+02
6.266210709999995743e+02
6.479292115999996895e+02
6.693711342999995395e+02
6.906847735000001194e+02
7.124050534999996671e+02
7.337536031999998158e+02
7.553584424999999101e+02
7.769966628000001947e+02
7.986547934000000168e+02
8.201127021000002060e+02
8.422486171000000468e+02
8.645083322999998927e+02
8.860174896999997145e+02
9.074914847999998528e+02
9.297392306000001554e+02
9.512344715999997788e+02
9.735675511999997980e+02
9.949521167000002606e+02
1.017305813599999965e+03
1.039210366700000122e+03
1.061081209400000262e+03
1.083186038099999678e+03
1.104494298699999490e+03
1.126816767199999958e+03
1.149374632899999597e+03
1.171101516300000185e+03
1.192858505299999706e+03
1.214889349799999763e+03
1.236772573999999622e+03
1.258540810200000124e+03
1.280385818900000231e+03
1.302108938000000308e+03
1.324045943500000249e+03
1.346167243599999892e+03
1.367672527400000035e+03
1.389230995199999597e+03
1.411768947599999592e+03
1.434993290899999920e+03
1.456700293699999747e+03
1.478700277500000084e+03
1.500915174599999773e+03
1.523322220899999593e+03
1.545559327400000257e+03
1.568067219499999737e+03
1.589970705599999746e+03
1.612040388800000073e+03
1.634184486799999831e+03
1.656146475300000020e+03
1.678529272699999638e+03
1.700776409000000058e+03
1.723373112999999648e+03
1.745729155299999547e+03
1.767559310999999980e+03
1.790200985999999830e+03
1.812636110899999949e+03
1.834789706699999442e+03
1.857869724000000133e+03
1.880444928799999616e+03
1.903210635100000218e+03
1.925536020200000166e+03
1.948088072100000318e+03
1.970835233599999810e+03
1.993616693400000258e+03
2.016229063099999621e+03
2.039339099400000123e+03
2.062312388100000135e+03
2.084879651499999454e+03
2.107588932699999532e+03
2.130609154599999783e+03
2.152595012499999939e+03
2.175576319400000102e+03
2.198244124900000315e+03
2.220856777199999669e+03
2.243663872899999660e+03
2.266436711700000160e+03
2.288673955999999635e+03
2.311714970799999719e+03
2.334290897500000028e+03
