4.302596699999980956e+00
7.639602500000023610e+00
1.095327789999998913e+01
1.429945139999995263e+01
1.757773329999997713e+01
2.092971959999999854e+01
2.429891250000002856e+01
2.754631689999996524e+01
3.088035579999996116e+01
3.417290070000001379e+01
3.747460520000004180e+01
4.082611350000001949e+01
4.412283609999997225e+01
4.742092779999995855e+01
5.077193320000003496e+01
5.402684880000003886e+01
5.760603630000002795e+01
6.092072359999997389e+01
6.427648790000000645e+01
6.755607689999999366e+01
7.079606950000004417e+01
7.423385789999997542e+01
7.747714940000003025e+01
8.076295289999995930e+01
8.416877350000004299e+01
8.741964989999996760e+01
9.073492539999995188e+01
9.405967980000002626e+01
9.735155180000003838e+01
1.006631413999999722e+02
1.039270007000000078e+02
1.071398202000000310e+02
1.105172177000000602e+02
1.138799724000000424e+02
1.171224799999999959e+02
1.204108506000000034e+02
1.237580073000000311e+02
1.270034599000000526e+02
1.303077531000000135e+02
1.336010187000000542e+02
1.368902669000000287e+02
1.472175783999999794e+02
1.576418393000000151e+02
1.678869250999999849e+02
1.783291775000000143e+02
1.887830321000000140e+02
1.995520016000000396e+02
2.100754298000000517e+02
2.205406650999999556e+02
2.309509788000000299e+02
2.413578526999999667e+02
2.517560640000000376e+02
2.621202719999999999e+02
2.727089220999999952e+02
2.832320065000000113e+02
2.936679791000000250e+02
3.040601863000000549e+02
3.144795998999999256e+02
3.249209532999999510e+02
3.355096012000000201e+02
3.460322813999999880e+02
3.564249759000000495e+02
3.667496345000000701e+02
3.773293838000000733e+02
3.878595493999999917e+02
3.982909278000000768e+02
4.090246596000000636e+02
4.194895276999999396e+02
4.300353498999999147e+02
4.403844428000001017e+02
4.508785971999999447e+02
4.613751301000000922e+02
