8.733094930648803711e-01
9.203372001647949219e-01
9.478879570960998535e-01
9.579851031303405762e-01
9.593039155006408691e-01
9.605502486228942871e-01
9.611345529556274414e-01
9.612845182418823242e-01
9.622379541397094727e-01
9.627447128295898438e-01
9.628699421882629395e-01
9.628606438636779785e-01
9.630970954895019531e-01
9.638400077819824219e-01
9.637048244476318359e-01
9.637839794158935547e-01
9.637761712074279785e-01
9.635155200958251953e-01
9.644861817359924316e-01
9.643293023109436035e-01
9.647311568260192871e-01
9.647395610809326172e-01
9.643292427062988281e-01
9.647707343101501465e-01
9.644153714179992676e-01
9.650081992149353027e-01
9.654824137687683105e-01
9.642019867897033691e-01
9.655434489250183105e-01
9.342329502105712891e-01
9.393972158432006836e-01
9.414659142494201660e-01
9.431634545326232910e-01
9.437027573585510254e-01
9.451493024826049805e-01
9.457796812057495117e-01
9.456551074981689453e-01
9.469345808029174805e-01
9.476431012153625488e-01
9.474020004272460938e-01
9.476892948150634766e-01
9.479385614395141602e-01
9.480445384979248047e-01
9.481229186058044434e-01
9.486405849456787109e-01
9.485771059989929199e-01
9.489454030990600586e-01
9.490962624549865723e-01
9.490565657615661621e-01
9.493296742439270020e-01
9.498444199562072754e-01
9.498739838600158691e-01
9.500842094421386719e-01
9.503405690193176270e-01
9.501078724861145020e-01
9.502812027931213379e-01
9.499728083610534668e-01
9.506104588508605957e-01
9.501817822456359863e-01
9.506084322929382324e-01
9.509083032608032227e-01
9.503701925277709961e-01
