4.683322459459304810e-02
2.028755657374858856e-02
7.422707974910736084e-03
3.237685654312372208e-03
2.287860959768295288e-03
1.862114295363426208e-03
1.622886629775166512e-03
1.600806601345539093e-03
1.342395204119384289e-03
1.226857304573059082e-03
1.131535042077302933e-03
1.077412976883351803e-03
1.065027550794184208e-03
9.676426416262984276e-04
8.800662471912801266e-04
1.011752639897167683e-03
8.951981435529887676e-04
8.166541229002177715e-04
8.326504612341523170e-04
8.414539624936878681e-04
7.191457552835345268e-04
7.140478701330721378e-04
7.157905492931604385e-04
6.096926517784595490e-04
6.598168984055519104e-04
7.024203077889978886e-04
6.571447593159973621e-04
6.913262186571955681e-04
6.518485024571418762e-04
4.936940502375364304e-03
3.250746987760066986e-03
2.791969571262598038e-03
2.495180349797010422e-03
2.339183352887630463e-03
2.175255911424756050e-03
2.121257130056619644e-03
1.967810327187180519e-03
1.901475246995687485e-03
1.834133523516356945e-03
1.798391691409051418e-03
1.763856969773769379e-03
1.711842138320207596e-03
1.710614771582186222e-03
1.632761792279779911e-03
1.619871007278561592e-03
1.580304931849241257e-03
1.556912786327302456e-03
1.525231054984033108e-03
1.503179897554218769e-03
1.471718074753880501e-03
1.497549354098737240e-03
1.428660354577004910e-03
1.427354756742715836e-03
1.411653123795986176e-03
1.407178933732211590e-03
1.397127518430352211e-03
1.387076103128492832e-03
1.351406448520720005e-03
1.376112806610763073e-03
1.320098526775836945e-03
1.311053987592458725e-03
1.361096976324915886e-03
