7.532441130000000840e+01
1.434724108999999999e+02
2.123133238000000063e+02
2.804278517999999849e+02
3.484933470999999940e+02
4.171862034999999764e+02
4.858273710000000278e+02
5.552335779999999659e+02
8.004617406999999503e+02
1.738713341800000080e+03
1.811944158300000026e+03
1.881426200699999981e+03
1.959262249200000042e+03
2.028864441299999953e+03
2.098714666100000159e+03
2.170705933100000038e+03
2.240212301500000194e+03
2.309705208400000174e+03
2.382155475900000056e+03
2.453639784699999836e+03
2.526213360199999897e+03
2.600692510200000015e+03
2.670272096099999999e+03
2.739749595299999783e+03
2.815392977999999857e+03
2.885459445999999843e+03
2.958574223999999958e+03
3.030807605899999999e+03
3.100575829500000054e+03
3.323342700400000012e+03
3.544918390400000135e+03
3.765844174700000167e+03
3.986193963700000040e+03
4.206457910199999787e+03
4.424030611999999564e+03
4.641636494399999719e+03
4.859238941499999783e+03
5.076742277299999841e+03
5.294281495199999881e+03
5.511791060399999878e+03
5.729354307399999925e+03
5.947039555799999107e+03
6.164496476199999961e+03
6.382142200999999659e+03
6.599528523499999210e+03
6.816928362299999208e+03
7.034374203499999567e+03
7.251856354499999725e+03
7.469249385899999652e+03
7.686999308199999177e+03
7.904768282499999259e+03
8.122439777299999150e+03
8.340164811099999497e+03
8.557741987399998834e+03
8.775340931099999580e+03
8.992888193900000260e+03
9.210448442099999738e+03
9.427958979899998667e+03
9.645455952799999068e+03
9.863005726499999582e+03
1.008053493569999955e+04
1.029808837510000012e+04
