5.465494394302368164e-01
5.996093750000000000e-01
6.234809160232543945e-01
6.384006738662719727e-01
6.527777314186096191e-01
6.649305224418640137e-01
6.802300810813903809e-01
6.892361044883728027e-01
7.027994990348815918e-01
7.152777910232543945e-01
7.179904580116271973e-01
7.278645634651184082e-01
7.359483242034912109e-01
7.418076992034912109e-01
7.457681894302368164e-01
7.469618320465087891e-01
7.559135556221008301e-01
7.573241591453552246e-01
7.630208134651184082e-01
7.683376669883728027e-01
7.673611044883728027e-01
7.739800810813903809e-01
7.720268964767456055e-01
7.755534052848815918e-01
7.793511152267456055e-01
7.814127802848815918e-01
7.840711474418640137e-01
7.864041328430175781e-01
7.893880605697631836e-01
7.917752265930175781e-01
7.941080927848815918e-01
7.925347089767456055e-01
7.989909052848815918e-01
7.979058027267456055e-01
8.027343750000000000e-01
8.031683564186096191e-01
8.020833730697631836e-01
8.076171278953552246e-01
8.098415136337280273e-01
8.062608838081359863e-01
8.123372197151184082e-01
8.134223222732543945e-01
8.137478232383728027e-01
8.153212070465087891e-01
8.159179687500000000e-01
8.192816972732543945e-01
8.221029043197631836e-01
8.217773437500000000e-01
8.237847089767456055e-01
8.226996064186096191e-01
8.293728232383728027e-01
8.287217020988464355e-01
8.312717080116271973e-01
8.325737714767456055e-01
8.309462070465087891e-01
8.319770097732543945e-01
8.342013955116271973e-01
8.350151777267456055e-01
8.356120586395263672e-01
8.388671278953552246e-01
8.347439169883728027e-01
8.432617187500000000e-01
8.408745527267456055e-01
8.403863310813903809e-01
8.463000059127807617e-01
8.454861044883728027e-01
8.434786796569824219e-01
8.438042998313903809e-01
8.478732109069824219e-01
8.509656786918640137e-01
8.512369394302368164e-01
8.525933027267456055e-01
8.479817509651184082e-01
8.535698652267456055e-01
8.508571386337280273e-01
8.522135019302368164e-01
8.503146767616271973e-01
8.532443046569824219e-01
8.592122793197631836e-01
8.597547411918640137e-01
8.607856035232543945e-01
8.597005605697631836e-01
8.629014492034912109e-01
8.645290732383728027e-01
8.625217676162719727e-01
8.640950918197631836e-01
8.615451455116271973e-01
8.661566972732543945e-01
8.697916269302368164e-01
8.658311367034912109e-01
8.671875596046447754e-01
8.661566972732543945e-01
8.704969882965087891e-01
8.676758408546447754e-01
8.704969882965087891e-01
8.751085400581359863e-01
8.685980439186096191e-01
8.723958134651184082e-01
8.722330331802368164e-01
8.727756738662719727e-01
8.512570858001708984e-01
8.537647128105163574e-01
8.555812239646911621e-01
8.567225933074951172e-01
8.593429327011108398e-01
8.603394031524658203e-01
8.615291118621826172e-01
8.656604886054992676e-01
8.660462498664855957e-01
8.711258172988891602e-01
8.716081976890563965e-01
8.708205223083496094e-01
8.736335635185241699e-01
8.741961717605590820e-01
8.768165111541748047e-01
8.782311081886291504e-01
8.782472014427185059e-01
8.810282349586486816e-01
8.800153136253356934e-01
8.821855187416076660e-01
8.836483955383300781e-01
8.827481865882873535e-01
8.854165673255920410e-01
8.889852166175842285e-01
8.882941603660583496e-01
8.885512351989746094e-01
8.886315822601318359e-01
8.913161754608154297e-01
8.919914960861206055e-01
8.927791714668273926e-01
8.936793804168701172e-01
8.934863805770874023e-01
8.944669365882873535e-01
8.951902985572814941e-01
8.978267312049865723e-01
9.003182649612426758e-01
8.981481194496154785e-01
9.015077948570251465e-01
9.005272388458251953e-01
9.021667838096618652e-01
9.020222425460815430e-01
9.017168879508972168e-01
9.026170372962951660e-01
9.031313657760620117e-01
9.046746492385864258e-01
9.055104851722717285e-01
9.059605598449707031e-01
9.074234366416931152e-01
9.063625931739807129e-01
9.078895449638366699e-01
9.083558320999145508e-01
9.076003432273864746e-01
9.086129665374755859e-01
9.067965745925903320e-01
9.103171229362487793e-01
9.096419215202331543e-01
9.123263955116271973e-01
9.107187986373901367e-01
9.112654924392700195e-01
9.133712053298950195e-01
9.133391976356506348e-01
9.124710559844970703e-01
9.144484400749206543e-01
9.139821529388427734e-01
9.151557087898254395e-01
9.138373136520385742e-01
9.158309698104858398e-01
9.165701270103454590e-01
9.170203804969787598e-01
9.154610037803649902e-01
9.189170598983764648e-01
9.174864888191223145e-01
9.175668358802795410e-01
9.190779328346252441e-01
9.184349179267883301e-01
9.198655486106872559e-01
9.193832874298095703e-01
9.200425148010253906e-01
9.181938767433166504e-01
9.199460148811340332e-01
9.191582798957824707e-01
9.203480482101440430e-01
9.211515784263610840e-01
9.203960299491882324e-01
9.205406904220581055e-01
9.212802648544311523e-01
9.208622574806213379e-01
9.205086231231689453e-01
9.225502610206604004e-01
9.230003356933593750e-01
9.228233695030212402e-01
9.225822091102600098e-01
9.214732050895690918e-01
9.215698242187500000e-01
9.218429923057556152e-01
9.233538508415222168e-01
9.227752685546875000e-01
9.228233695030212402e-01
9.241415858268737793e-01
9.233861565589904785e-01
