5.446026128903031349e+01
8.154543393012136221e+01
1.081689797590952367e+02
1.349118100760970265e+02
1.581473112190142274e+02
1.851297952469903976e+02
2.130918648180086166e+02
2.421335818220395595e+02
2.704764758350793272e+02
2.978830923920031637e+02
3.256974906551185995e+02
3.529744084060657769e+02
3.810824580912012607e+02
4.081996242320165038e+02
4.348786521551664919e+02
4.577034595410805196e+02
4.846557274721562862e+02
5.116118944191839546e+02
5.356644256180152297e+02
5.635303669120185077e+02
5.914901474770158529e+02
6.189555024241562933e+02
6.472523292410187423e+02
6.709811017659958452e+02
6.989515309080015868e+02
7.274960015329997987e+02
7.570607832451350987e+02
7.809485969441011548e+02
8.085910717661026865e+02
8.364252545251511037e+02
8.645676128561608493e+02
8.918685410381294787e+02
9.196532905260100961e+02
9.474524849911686033e+02
9.756069849680643529e+02
1.003928516854066402e+03
1.032325339652132243e+03
1.061671851847087964e+03
1.090283168787136674e+03
1.119050153478048742e+03
1.147994970243191347e+03
1.177471840769052505e+03
1.206745702369138598e+03
1.234936843935167417e+03
1.263432782093062997e+03
1.291556915255030617e+03
1.319466691364068538e+03
1.347905094868037850e+03
1.376400697073200718e+03
1.405112214035121724e+03
1.434391613567015156e+03
1.463145031661028042e+03
1.492055584139190614e+03
1.520283533638110384e+03
1.547742785534122959e+03
1.574886863865191117e+03
1.602088916812092066e+03
1.630822353970026597e+03
1.750587451979983598e+03
1.875126719046151266e+03
2.032680847800103948e+03
2.161283200134057552e+03
2.289228852691128850e+03
2.417414364795200527e+03
2.547029943192144856e+03
2.676045159477042034e+03
2.804825258556054905e+03
2.934788608398986980e+03
3.063120107676135376e+03
3.193243767649168149e+03
3.320848266571061686e+03
3.450013235870050266e+03
3.578576741686090827e+03
3.707295864370185882e+03
3.836075119461165741e+03
3.964992526083020493e+03
4.095275764401070774e+03
4.225319432963151485e+03
4.353787143540102988e+03
4.484081458498025313e+03
4.612769966206047684e+03
4.742486869584070519e+03
4.872290954875992611e+03
5.000892675620038062e+03
5.129691511650104076e+03
5.258613934898981825e+03
5.388156104030087590e+03
5.518491320513188839e+03
5.649065064826048911e+03
5.778317320116097108e+03
5.907568857674021274e+03
6.036432382445083931e+03
6.164906679023988545e+03
6.294865994715131819e+03
6.426433830538997427e+03
6.557999838909134269e+03
6.688557719948003069e+03
6.820947681781137362e+03
6.951127077037002891e+03
7.080466935099102557e+03
7.208906735263066366e+03
7.331765921927057207e+03
7.463503949509002268e+03
7.593994535919977352e+03
7.723558995864121243e+03
7.853312288213986903e+03
7.981377300177002326e+03
8.111547065579099581e+03
8.241009282589191571e+03
8.371972833984997123e+03
8.503109075707150623e+03
8.633063333243131638e+03
8.765774345821002498e+03
8.897224972605006769e+03
9.028900566702010110e+03
9.160039353491039947e+03
9.292625307788141072e+03
9.418606879546074197e+03
9.551756033465033397e+03
9.683640770517988130e+03
9.816112060877028853e+03
9.946301888298010454e+03
1.007672480601002462e+04
1.020951787773519754e+04
1.034008100186404772e+04
1.112865661060414277e+04
1.191710836747009307e+04
1.270840195027319714e+04
1.349732848497712985e+04
1.428746210718504153e+04
1.507659442612901330e+04
1.585988813194306567e+04
1.665197896693111397e+04
1.744596065399004146e+04
1.823644636425818317e+04
1.902741870608506724e+04
1.981811376306507736e+04
2.061111939616501331e+04
2.140291802674205974e+04
2.219473126652906649e+04
2.298727080037700944e+04
2.378047910419502296e+04
2.457442973686917685e+04
2.537155939836800098e+04
2.616561624302319251e+04
2.696239126001298428e+04
2.775586609808518551e+04
2.855043687579804100e+04
2.934196807621000335e+04
3.013208451171498746e+04
3.092354685599613003e+04
3.171591732093901373e+04
3.251147132302518003e+04
3.330558929984807037e+04
3.409883251692214981e+04
3.488837447170703672e+04
3.567910686920303851e+04
3.647581727488711476e+04
3.726529505976918153e+04
3.806254019039217383e+04
3.885718115470511839e+04
3.964951918526412919e+04
4.440340578942699358e+04
4.908066965852398425e+04
5.374286010926309973e+04
5.840525355412811041e+04
6.307712163884402253e+04
6.774113093784800731e+04
7.241054305812716484e+04
7.707476592305814847e+04
8.174163559320406057e+04
8.640498298230720684e+04
9.108608959623309784e+04
9.575891197147918865e+04
1.004255955572579987e+05
1.050904145466270857e+05
1.097554679048380349e+05
1.144204863305371255e+05
1.190903393688881770e+05
1.237679723018901423e+05
1.284375833804621361e+05
