5.543076992034912109e-01
5.977647304534912109e-01
6.218532323837280273e-01
6.394856572151184082e-01
6.494140625000000000e-01
6.629232168197631836e-01
6.784939169883728027e-01
6.821289062500000000e-01
6.897243857383728027e-01
7.004123330116271973e-01
7.080078721046447754e-01
7.129991054534912109e-01
7.197808027267456055e-01
7.249349355697631836e-01
7.303602695465087891e-01
7.339409589767456055e-01
7.399088144302368164e-01
7.466362714767456055e-01
7.466363310813903809e-01
7.512478232383728027e-01
7.537435293197631836e-01
7.553710341453552246e-01
7.646484375000000000e-01
7.639974355697631836e-01
7.690972089767456055e-01
7.708875536918640137e-01
7.720269560813903809e-01
7.756077051162719727e-01
7.769097089767456055e-01
7.811414599418640137e-01
7.801107168197631836e-01
7.845051884651184082e-01
7.909071445465087891e-01
7.898763418197631836e-01
7.910156250000000000e-01
7.919379472732543945e-01
7.966579794883728027e-01
7.947591543197631836e-01
7.979057431221008301e-01
8.008354902267456055e-01
7.986111640930175781e-01
8.005642294883728027e-01
8.096788525581359863e-01
8.081054687500000000e-01
8.062065839767456055e-01
8.079426884651184082e-01
8.131510615348815918e-01
8.133138418197631836e-01
8.179253339767456055e-01
8.180338144302368164e-01
8.194444179534912109e-01
8.216688632965087891e-01
8.203125000000000000e-01
8.250325918197631836e-01
8.207464814186096191e-01
8.264974355697631836e-01
8.289930820465087891e-01
8.228081464767456055e-01
8.325737714767456055e-01
8.320854902267456055e-01
8.314344286918640137e-01
8.311632275581359863e-01
8.350151777267456055e-01
8.347981572151184082e-01
8.409830927848815918e-01
8.422308564186096191e-01
8.422309160232543945e-01
8.385416269302368164e-01
8.435872197151184082e-01
8.441298007965087891e-01
8.463541865348815918e-01
8.440213203430175781e-01
8.432617187500000000e-01
8.462999463081359863e-01
8.531358838081359863e-01
8.521050214767456055e-01
8.547091484069824219e-01
8.551431894302368164e-01
8.536784052848815918e-01
8.566623330116271973e-01
8.567165136337280273e-01
8.534072041511535645e-01
8.584526777267456055e-01
8.598089814186096191e-01
8.565537929534912109e-01
8.669162392616271973e-01
8.620334863662719727e-01
8.660482168197631836e-01
8.688693046569824219e-01
8.618164658546447754e-01
8.646918535232543945e-01
8.684353232383728027e-01
8.723958134651184082e-01
8.712022304534912109e-01
8.728840351104736328e-01
8.733181357383728027e-01
8.709310293197631836e-01
8.740234375000000000e-01
8.771158456802368164e-01
8.771701455116271973e-01
8.538130521774291992e-01
8.561438918113708496e-01
8.583461642265319824e-01
8.636187911033630371e-01
8.660622239112854004e-01
8.695504665374755859e-01
8.702256679534912109e-01
8.709973096847534180e-01
8.729905486106872559e-01
8.766235113143920898e-01
8.796456456184387207e-01
8.816229701042175293e-01
8.831660747528076172e-01
8.836001157760620117e-01
8.870723247528076172e-01
8.897087574005126953e-01
8.941936492919921875e-01
8.921683430671691895e-01
8.964924812316894531e-01
8.966692686080932617e-01
8.988394141197204590e-01
9.003986716270446777e-01
9.008166193962097168e-01
9.025847911834716797e-01
9.023277163505554199e-01
9.061858654022216797e-01
9.089667201042175293e-01
9.066197872161865234e-01
9.109598994255065918e-01
9.111047387123107910e-01
9.121013879776000977e-01
9.130820035934448242e-01
9.154610037803649902e-01
9.144321680068969727e-01
9.158146977424621582e-01
9.161041378974914551e-01
9.174544215202331543e-01
9.199299812316894531e-01
9.191903471946716309e-01
9.217945337295532227e-01
9.219232201576232910e-01
9.219715595245361328e-01
9.229037165641784668e-01
9.212962388992309570e-01
9.228717088699340820e-01
9.254275560379028320e-01
9.247043132781982422e-01
9.241577386856079102e-01
9.267458915710449219e-01
9.270671606063842773e-01
9.280639290809631348e-01
9.274048805236816406e-01
9.280479550361633301e-01
9.267779588699340820e-01
9.289318919181823730e-01
9.295267462730407715e-01
9.292052984237670898e-01
9.292857050895690918e-01
9.323559999465942383e-01
9.331275820732116699e-01
9.313915371894836426e-01
9.326775074005126953e-01
9.325007200241088867e-01
9.327899217605590820e-01
9.328221678733825684e-01
9.318899512290954590e-01
9.327256679534912109e-01
9.343653917312622070e-01
9.345101118087768555e-01
9.339795112609863281e-01
9.340118169784545898e-01
9.327578544616699219e-01
9.361175298690795898e-01
9.355067610740661621e-01
9.363907575607299805e-01
9.343171119689941406e-01
9.364230036735534668e-01
9.358120560646057129e-01
9.374356865882873535e-01
9.364871978759765625e-01
9.379017949104309082e-01
9.370017051696777344e-01
9.375643730163574219e-01
9.361495971679687500e-01
9.362140893936157227e-01
9.365195035934448242e-01
9.363908171653747559e-01
9.377250671386718750e-01
9.395094513893127441e-01
9.386091828346252441e-01
9.391236901283264160e-01
9.374356865882873535e-01
9.390272498130798340e-01
9.377090334892272949e-01
9.378375411033630371e-01
9.391558170318603516e-01
9.393326044082641602e-01
9.391559362411499023e-01
9.390591979026794434e-01
9.393165111541748047e-01
