6.492013335227966309e-01
6.659722328186035156e-01
6.577083468437194824e-01
6.636111736297607422e-01
6.582639217376708984e-01
6.756597161293029785e-01
6.722221374511718750e-01
6.603125929832458496e-01
6.586458683013916016e-01
6.632292270660400391e-01
6.635763645172119141e-01
6.627777814865112305e-01
6.527082920074462891e-01
6.490279436111450195e-01
6.467360854148864746e-01
6.485068798065185547e-01
6.580209136009216309e-01
6.631249785423278809e-01
6.480206847190856934e-01
6.453125476837158203e-01
6.413888335227966309e-01
6.398611664772033691e-01
6.420834064483642578e-01
6.358680129051208496e-01
6.410416364669799805e-01
6.434028148651123047e-01
6.440623998641967773e-01
6.347916126251220703e-01
6.432291269302368164e-01
6.334721446037292480e-01
6.420486569404602051e-01
5.994097590446472168e-01
6.037152409553527832e-01
5.963540673255920410e-01
6.030902266502380371e-01
5.986459255218505859e-01
5.974652767181396484e-01
6.021181344985961914e-01
5.966667532920837402e-01
5.966666340827941895e-01
5.855904221534729004e-01
5.833332538604736328e-01
5.813888907432556152e-01
5.886805057525634766e-01
5.793749690055847168e-01
5.861458778381347656e-01
5.805902481079101562e-01
5.863888263702392578e-01
5.907291769981384277e-01
5.803471207618713379e-01
5.811806321144104004e-01
5.829860568046569824e-01
5.845138430595397949e-01
5.861806273460388184e-01
5.798611044883728027e-01
5.822222828865051270e-01
5.832290649414062500e-01
5.800000429153442383e-01
5.834722518920898438e-01
5.830903053283691406e-01
5.800346732139587402e-01
5.814930200576782227e-01
5.839930176734924316e-01
5.893055796623229980e-01
5.846874713897705078e-01
5.801388025283813477e-01
