7.229552417993545532e-02
7.303184270858764648e-02
7.327610254287719727e-02
7.172582298517227173e-02
7.152930647134780884e-02
7.206245511770248413e-02
7.386605441570281982e-02
7.239415496587753296e-02
7.366931438446044922e-02
7.300937920808792114e-02
7.281488180160522461e-02
7.200782001018524170e-02
7.272486388683319092e-02
7.381544262170791626e-02
7.237440347671508789e-02
7.174345105886459351e-02
7.154376804828643799e-02
7.428473234176635742e-02
1.190752536058425903e-01
1.205356344580650330e-01
1.196651533246040344e-01
1.219212561845779419e-01
1.176852285861968994e-01
1.201240643858909607e-01
1.212908551096916199e-01
1.217862293124198914e-01
1.186815649271011353e-01
1.180044189095497131e-01
1.195451468229293823e-01
1.215335577726364136e-01
1.235468089580535889e-01
1.458287090063095093e-01
1.464287340641021729e-01
1.471014171838760376e-01
1.470920294523239136e-01
1.464562267065048218e-01
1.453435570001602173e-01
1.457181870937347412e-01
1.462617069482803345e-01
1.471211165189743042e-01
1.620934158563613892e-01
1.623067855834960938e-01
1.599486321210861206e-01
1.615122854709625244e-01
1.623271107673645020e-01
1.620925068855285645e-01
1.619291752576828003e-01
1.608004570007324219e-01
1.612922549247741699e-01
1.626223176717758179e-01
1.621850728988647461e-01
1.616144031286239624e-01
1.606373786926269531e-01
1.616287976503372192e-01
1.623177081346511841e-01
1.623410582542419434e-01
1.633562892675399780e-01
1.619228571653366089e-01
1.622807383537292480e-01
1.618993580341339111e-01
1.630705446004867554e-01
1.610599011182785034e-01
1.616984009742736816e-01
1.618358492851257324e-01
1.629613637924194336e-01
1.632215529680252075e-01
