2.128019670000000119e+01
3.847075630000000501e+01
5.514203150000000164e+01
7.152948599999999146e+01
8.869302150000000040e+01
1.055725369999999970e+02
1.220093165999999911e+02
1.395501140000000078e+02
1.566178792999999985e+02
1.729951642999999990e+02
1.905320515999999884e+02
2.076328551000000004e+02
2.241835424999999873e+02
2.417768954999999949e+02
2.588136592000000178e+02
2.751077172999999902e+02
2.926018037999999706e+02
3.095794640999999956e+02
3.261021478999999772e+02
3.439559042999999861e+02
3.611442642999999748e+02
3.778165065000000027e+02
3.956528705000000059e+02
4.126347276000000193e+02
4.293952229000000216e+02
4.472131898999999748e+02
4.645177153000000203e+02
4.812423471999999833e+02
4.989755627999999774e+02
5.163762288000000353e+02
5.330996228000000201e+02
5.510087513000000854e+02
5.685922350000000733e+02
5.853821114000000989e+02
6.030671035000000302e+02
6.203143962999999985e+02
6.370103474000000006e+02
6.545798875000000407e+02
6.717348628000000872e+02
6.883443046000001004e+02
7.060309278000000859e+02
7.232721994000000905e+02
7.399319656000000123e+02
7.577077593000000206e+02
7.747754655000001094e+02
7.914565091000000621e+02
8.091708951000000525e+02
8.264296670000001086e+02
8.429127419000000145e+02
8.606279656000000386e+02
8.781356920000000628e+02
8.948695224000000508e+02
9.127514830000000075e+02
9.303138444000001073e+02
9.469536737000000812e+02
9.650995780000000650e+02
9.824744329000000107e+02
9.992653269000001046e+02
1.017109742200000028e+03
1.034453991600000109e+03
1.051354666800000132e+03
1.069233446500000127e+03
1.086539810500000158e+03
1.103446895499999982e+03
1.121135818200000131e+03
1.139081094300000132e+03
