8.217592239379882812e-01
8.807870745658874512e-01
8.854166865348815918e-01
8.813657760620117188e-01
8.848379254341125488e-01
8.883101940155029297e-01
8.773148059844970703e-01
8.697916865348815918e-01
8.807870745658874512e-01
8.761573433876037598e-01
8.831018805503845215e-01
8.750000000000000000e-01
8.703703880310058594e-01
8.825231194496154785e-01
8.842592239379882812e-01
8.836805820465087891e-01
8.842592835426330566e-01
8.888888955116271973e-01
8.825232386589050293e-01
8.726851940155029297e-01
8.657407164573669434e-01
8.628472685813903809e-01
8.645833134651184082e-01
8.622685074806213379e-01
8.657407760620117188e-01
8.755787014961242676e-01
8.883101940155029297e-01
8.836805820465087891e-01
8.842592239379882812e-01
8.848379254341125488e-01
8.454860448837280273e-01
8.579860925674438477e-01
8.453124761581420898e-01
8.571180105209350586e-01
8.649305105209350586e-01
8.663194775581359863e-01
8.442708253860473633e-01
8.397569656372070312e-01
8.644097447395324707e-01
8.621527552604675293e-01
8.420139551162719727e-01
