1.118803247809410095e-01
1.118717119097709656e-01
1.113115176558494568e-01
1.076993569731712341e-01
8.759909868240356445e-02
5.213315412402153015e-02
5.757671594619750977e-02
5.765199661254882812e-02
5.803311988711357117e-02
5.918564274907112122e-02
5.786142870783805847e-02
5.738993361592292786e-02
5.652599409222602844e-02
5.482304468750953674e-02
4.994192346930503845e-02
4.991314932703971863e-02
4.856902360916137695e-02
4.846180602908134460e-02
4.751926660537719727e-02
4.646776989102363586e-02
4.665124788880348206e-02
4.574443399906158447e-02
4.631175473332405090e-02
4.618947580456733704e-02
4.597866907715797424e-02
4.606961831450462341e-02
4.643804952502250671e-02
4.546326398849487305e-02
4.645426571369171143e-02
4.659649729728698730e-02
4.465740546584129333e-02
4.436678811907768250e-02
4.464321583509445190e-02
4.447122290730476379e-02
4.405108466744422913e-02
4.471122473478317261e-02
4.455020278692245483e-02
4.420387372374534607e-02
4.406573250889778137e-02
4.416753724217414856e-02
4.468513280153274536e-02
