5.023838877677917480e-01
5.147474408149719238e-01
5.112727880477905273e-01
5.239191651344299316e-01
5.273939371109008789e-01
5.414141416549682617e-01
5.638788342475891113e-01
5.890908837318420410e-01
6.128080487251281738e-01
6.338990330696105957e-01
6.533333659172058105e-01
6.777374148368835449e-01
6.957980394363403320e-01
7.011312842369079590e-01
7.176566123962402344e-01
7.282019853591918945e-01
7.354343533515930176e-01
7.460202574729919434e-01
7.498989105224609375e-01
7.557980418205261230e-01
7.585050463676452637e-01
7.663030624389648438e-01
7.764444351196289062e-01
7.823029756546020508e-01
7.828282117843627930e-01
7.877575755119323730e-01
7.887273430824279785e-01
7.978989481925964355e-01
7.989899516105651855e-01
8.015757203102111816e-01
8.105050325393676758e-01
8.135757446289062500e-01
8.134949207305908203e-01
8.128079771995544434e-01
8.235958814620971680e-01
8.261010050773620605e-01
8.302221894264221191e-01
8.273131251335144043e-01
8.303837776184082031e-01
8.353939056396484375e-01
8.355554938316345215e-01
8.382626771926879883e-01
8.423838615417480469e-01
8.441211581230163574e-01
8.507070541381835938e-01
8.477979302406311035e-01
8.496969938278198242e-01
8.507879376411437988e-01
8.526061177253723145e-01
8.564444184303283691e-01
8.168889284133911133e-01
8.247871398925781250e-01
8.314919471740722656e-01
8.358604907989501953e-01
8.432760834693908691e-01
8.475683927536010742e-01
8.537015914916992188e-01
8.591873049736022949e-01
8.625905513763427734e-01
8.671492338180541992e-01
8.734984397888183594e-01
8.776001334190368652e-01
8.801651597023010254e-01
8.845459222793579102e-01
8.884063959121704102e-01
8.928888440132141113e-01
8.945651054382324219e-01
8.965080380439758301e-01
8.979047536849975586e-01
9.045460224151611328e-01
9.041268825531005859e-01
9.077205061912536621e-01
9.099809527397155762e-01
9.129650592803955078e-01
9.152759909629821777e-01
9.180572628974914551e-01
9.220697283744812012e-01
9.206095933914184570e-01
9.249905347824096680e-01
9.269586801528930664e-01
9.273395538330078125e-01
9.304128289222717285e-01
9.320253729820251465e-01
9.327109456062316895e-01
9.353396892547607422e-01
9.314793348312377930e-01
9.356569647789001465e-01
9.364446401596069336e-01
9.404698610305786133e-01
9.409778118133544922e-01
9.413841366767883301e-01
9.422602653503417969e-01
9.438095688819885254e-01
9.440380334854125977e-01
9.439619183540344238e-01
9.466541409492492676e-01
9.467684030532836914e-01
9.505650401115417480e-01
