2.282938361167907715e-01
2.263352423906326294e-01
2.263314425945281982e-01
2.263788580894470215e-01
2.260704189538955688e-01
2.262680381536483765e-01
2.260772138833999634e-01
2.261961847543716431e-01
2.263064533472061157e-01
2.258844524621963501e-01
2.259324043989181519e-01
2.260094732046127319e-01
2.261387109756469727e-01
2.258891165256500244e-01
2.259762883186340332e-01
2.261372953653335571e-01
2.095938324928283691e-01
2.093978077173233032e-01
2.095707654953002930e-01
2.093688547611236572e-01
2.092974931001663208e-01
2.092870473861694336e-01
2.093623876571655273e-01
2.089743316173553467e-01
2.093126177787780762e-01
2.090813666582107544e-01
2.090382128953933716e-01
2.091132849454879761e-01
2.090491652488708496e-01
2.089858204126358032e-01
2.088443785905838013e-01
2.090648710727691650e-01
