5.866127014160156250e-01
6.408179402351379395e-01
6.697852015495300293e-01
6.976916193962097168e-01
7.172710299491882324e-01
7.343106865882873535e-01
7.493891716003417969e-01
7.606738209724426270e-01
7.716050148010253906e-01
7.813141942024230957e-01
7.871657013893127441e-01
7.962642312049865723e-01
8.017296195030212402e-01
8.076775074005126953e-01
8.098316192626953125e-01
8.115677237510681152e-01
8.214699625968933105e-01
8.290573358535766602e-01
8.270962238311767578e-01
8.348765373229980469e-01
8.353587985038757324e-01
8.433642983436584473e-01
8.414993286132812500e-01
8.492476940155029297e-01
8.508551716804504395e-01
8.562242984771728516e-01
8.545203208923339844e-01
8.604038953781127930e-01
8.630078434944152832e-01
8.648083209991455078e-01
8.668982982635498047e-01
8.687629699707031250e-01
8.732639551162719727e-01
8.723315596580505371e-01
8.730709552764892578e-01
8.792438507080078125e-01
8.785365819931030273e-01
8.866062164306640625e-01
8.849345445632934570e-01
8.839056491851806641e-01
8.880530595779418945e-01
8.881816267967224121e-01
8.912037014961242676e-01
8.903034329414367676e-01
8.940328955650329590e-01
8.948044776916503906e-01
8.954152464866638184e-01
8.964440822601318359e-01
8.970229029655456543e-01
8.983731269836425781e-01
8.998520374298095703e-01
9.022955298423767090e-01
9.062500596046447754e-01
9.052855968475341797e-01
9.026812911033630371e-01
9.043853282928466797e-01
9.071823358535766602e-01
9.093365073204040527e-01
9.098830223083496094e-01
9.108152985572814941e-01
9.080825448036193848e-01
9.120690822601318359e-01
9.122942686080932617e-01
9.140303134918212891e-01
9.140625000000000000e-01
9.168596863746643066e-01
9.157665371894836426e-01
9.186599254608154297e-01
9.184992313385009766e-01
9.196566939353942871e-01
9.176632761955261230e-01
9.198494553565979004e-01
9.193351864814758301e-01
9.214569926261901855e-01
9.230323433876037598e-01
9.233538508415222168e-01
9.224216341972351074e-01
9.221000075340270996e-01
9.254757761955261230e-01
9.231288433074951172e-01
9.259259700775146484e-01
9.281443953514099121e-01
9.264404177665710449e-01
9.258294105529785156e-01
9.271155595779418945e-01
9.279513955116271973e-01
9.275012612342834473e-01
9.308128356933593750e-01
9.293660521507263184e-01
9.294945597648620605e-01
9.296554327011108398e-01
9.299447536468505859e-01
9.314557313919067383e-01
9.311342835426330566e-01
9.320021867752075195e-01
9.311663508415222168e-01
9.320666193962097168e-01
9.334170818328857422e-01
9.336419701576232910e-01
9.335133433341979980e-01
9.121367335319519043e-01
9.124361872673034668e-01
9.131944775581359863e-01
9.145913124084472656e-01
9.178441166877746582e-01
9.170858263969421387e-01
9.177442789077758789e-01
9.201987385749816895e-01
9.195999503135681152e-01
9.215458035469055176e-01
9.217951893806457520e-01
9.234414696693420410e-01
9.233717918395996094e-01
9.247386455535888672e-01
9.243194460868835449e-01
9.253071546554565430e-01
9.235213994979858398e-01
9.252074956893920898e-01
9.263350367546081543e-01
9.271631240844726562e-01
9.261252880096435547e-01
9.281210899353027344e-01
9.291386008262634277e-01
9.303460717201232910e-01
9.279113411903381348e-01
9.280907511711120605e-01
9.286298155784606934e-01
9.290287494659423828e-01
9.308949708938598633e-01
9.290985465049743652e-01
9.293780326843261719e-01
9.302963018417358398e-01
9.307051301002502441e-01
9.284203052520751953e-01
9.313837885856628418e-01
9.301663041114807129e-01
9.306056499481201172e-01
9.317729473114013672e-01
9.307351112365722656e-01
9.309846758842468262e-01
9.313241243362426758e-01
9.319325685501098633e-01
9.313836693763732910e-01
9.308749437332153320e-01
9.325310587882995605e-01
9.314833879470825195e-01
9.326806068420410156e-01
9.316330552101135254e-01
9.326307177543640137e-01
9.326709508895874023e-01
9.315332174301147461e-01
9.322515726089477539e-01
9.324114322662353516e-01
9.334291219711303711e-01
9.337982535362243652e-01
9.330099821090698242e-01
9.320221543312072754e-01
9.328103661537170410e-01
9.325608611106872559e-01
9.330600500106811523e-01
9.327310323715209961e-01
9.323313832283020020e-01
9.329401850700378418e-01
9.327105879783630371e-01
9.322918653488159180e-01
