7.224444150924682617e-01
7.597842216491699219e-01
7.880339026451110840e-01
8.127501010894775391e-01
8.357300758361816406e-01
8.520182967185974121e-01
8.612043857574462891e-01
8.690648674964904785e-01
8.709272146224975586e-01
8.743372559547424316e-01
8.769892454147338867e-01
8.789779543876647949e-01
8.794517517089843750e-01
8.833025097846984863e-01
8.787570595741271973e-01
8.797669410705566406e-01
8.817553520202636719e-01
8.798934817314147949e-01
8.835225105285644531e-01
8.828291296958923340e-01
8.831453323364257812e-01
8.836821913719177246e-01
8.845339417457580566e-01
8.854494690895080566e-01
8.867111802101135254e-01
8.860499262809753418e-01
8.858593106269836426e-01
8.861125707626342773e-01
8.873428106307983398e-01
8.863334059715270996e-01
8.879113197326660156e-01
8.887010216712951660e-01
8.903110623359680176e-01
8.918890357017517090e-01
8.921733498573303223e-01
8.899950981140136719e-01
8.896787762641906738e-01
8.947617411613464355e-01
8.922681212425231934e-01
8.927729725837707520e-01
8.966559171676635742e-01
8.942564129829406738e-01
8.965293169021606445e-01
8.976668715476989746e-01
8.964989185333251953e-01
8.961827158927917480e-01
8.987714648246765137e-01
8.992136120796203613e-01
8.995608687400817871e-01
8.996238708496093750e-01
9.004758000373840332e-01
9.015182256698608398e-01
9.012018442153930664e-01
9.015173912048339844e-01
9.020547270774841309e-01
9.015812873840332031e-01
9.036014676094055176e-01
9.022126793861389160e-01
9.040754437446594238e-01
9.028122425079345703e-01
9.048004150390625000e-01
9.048640727996826172e-01
9.038845896720886230e-01
9.052429795265197754e-01
9.043582677841186523e-01
9.060634970664978027e-01
9.079259037971496582e-01
9.048007130622863770e-01
9.043899774551391602e-01
9.074205756187438965e-01
9.068844914436340332e-01
9.075778722763061523e-01
9.086520075798034668e-01
9.081792235374450684e-01
9.073579907417297363e-01
9.109247326850891113e-01
9.094733595848083496e-01
9.097569584846496582e-01
9.093465209007263184e-01
9.094098210334777832e-01
9.080843925476074219e-01
9.105466008186340332e-01
9.088091254234313965e-01
9.115251898765563965e-01
9.104199409484863281e-01
9.119981527328491211e-01
9.102619290351867676e-01
9.131343960762023926e-01
9.117456078529357910e-01
9.103574752807617188e-01
9.118719100952148438e-01
9.111458659172058105e-01
9.115566015243530273e-01
8.700990676879882812e-01
8.700889945030212402e-01
8.702281713485717773e-01
8.693758845329284668e-01
8.707339763641357422e-01
8.714486956596374512e-01
8.706039786338806152e-01
8.706148266792297363e-01
8.705151081085205078e-01
8.699311017990112305e-01
8.721140027046203613e-01
8.712003827095031738e-01
8.715673089027404785e-01
8.729756474494934082e-01
8.719730973243713379e-01
8.724702000617980957e-01
8.726895451545715332e-01
8.731252551078796387e-01
8.729361295700073242e-01
8.732240796089172363e-01
8.744840621948242188e-01
8.755651116371154785e-01
8.737896680831909180e-01
8.750503063201904297e-01
8.753846883773803711e-01
8.749213814735412598e-01
8.756936788558959961e-01
8.763900399208068848e-01
8.759025931358337402e-01
8.761316537857055664e-01
8.759232759475708008e-01
8.758339285850524902e-01
8.763795495033264160e-01
8.765572905540466309e-01
8.770229816436767578e-01
8.759326338768005371e-01
8.767459392547607422e-01
8.760414123535156250e-01
8.772217035293579102e-01
8.770149350166320801e-01
8.770042061805725098e-01
8.774504065513610840e-01
8.778380751609802246e-01
8.773506283760070801e-01
8.779363036155700684e-01
8.770733475685119629e-01
8.776188492774963379e-01
8.778464794158935547e-01
8.777073621749877930e-01
8.778166770935058594e-01
8.781825304031372070e-01
8.763689994812011719e-01
8.767750859260559082e-01
8.795929551124572754e-01
8.780461549758911133e-01
8.782936334609985352e-01
8.798008561134338379e-01
8.783625364303588867e-01
8.784326910972595215e-01
8.802075982093811035e-01
8.800289630889892578e-01
8.793652057647705078e-01
8.775994777679443359e-01
8.786799907684326172e-01
8.796626329421997070e-01
8.788975477218627930e-01
8.810404539108276367e-01
8.809415698051452637e-01
8.808915615081787109e-01
8.809039592742919922e-01
8.804869055747985840e-01
8.805645704269409180e-01
8.818949460983276367e-01
8.812206983566284180e-01
