1.157841889999999907e+01
1.916702899999999943e+01
2.649003760000000085e+01
3.375823160000000200e+01
4.092204279999999983e+01
4.823863440000000224e+01
5.558730169999999760e+01
6.282587980000000272e+01
6.999811920000000498e+01
7.754227080000001138e+01
8.493827960000000132e+01
9.221231550000000254e+01
9.984776570000001072e+01
1.071572227000000055e+02
1.142872942999999992e+02
1.217573860000000110e+02
1.289258111999999983e+02
1.361400341000000083e+02
1.437108450000000062e+02
1.509407889000000011e+02
1.581431727000000080e+02
1.655612427000000082e+02
1.728216063000000133e+02
1.801670909000000051e+02
1.876579086000000132e+02
1.949392027000000098e+02
2.021275128000000052e+02
2.094321992000000137e+02
2.163551018999999940e+02
2.231227258000000120e+02
2.304108894999999961e+02
2.373680269000000180e+02
2.440183203999999932e+02
2.510927650000000142e+02
2.580370905999999991e+02
2.648443576999999891e+02
2.720772565999999983e+02
2.791518635999999560e+02
2.858905934000000002e+02
2.930405690000000050e+02
2.999442947000000004e+02
3.066342525999999680e+02
3.137598471999999674e+02
3.207766041999999516e+02
3.275823871999999710e+02
3.346355310999999801e+02
3.416167623000000049e+02
3.483395444999999881e+02
3.555549683999999502e+02
3.624496610999999575e+02
3.692728687000000036e+02
3.763806579999999826e+02
3.832835638999999901e+02
3.899510134999999877e+02
3.970545479999999543e+02
4.039511591999999496e+02
4.105923993999999766e+02
4.178460592999999790e+02
4.247731183999999871e+02
4.314424151999999708e+02
4.386134142999999881e+02
4.455071863000000008e+02
4.522775728999999956e+02
4.594054625999999644e+02
4.664043630999999550e+02
4.732570442999999614e+02
4.803919003999999973e+02
4.873224993000000040e+02
4.940391786999999795e+02
5.012729954999999791e+02
5.082415929999999662e+02
5.150482046999999284e+02
5.222062733000000208e+02
5.295189434000000119e+02
5.368348948000000291e+02
5.439785144999999602e+02
5.509889406999999437e+02
5.578075919000000340e+02
5.649919224000000213e+02
5.719158694999999852e+02
5.787473615999999765e+02
5.859807405000000244e+02
5.931037066999999752e+02
5.999388212000000067e+02
6.072942934000000150e+02
6.142577162999999700e+02
6.211649601999999959e+02
6.285005376999999953e+02
6.355016413999999259e+02
6.424028376999999637e+02
6.496517097999999351e+02
6.568755668000000014e+02
6.636778147999999646e+02
6.709504928000000064e+02
6.779748352000000295e+02
6.847621166000000130e+02
6.920954368999999815e+02
6.991378879000000097e+02
7.059720047999999224e+02
7.132328704999999900e+02
7.351764247999999498e+02
7.566594997999999350e+02
7.787962916999999834e+02
8.006216325999999981e+02
8.221829999999999927e+02
8.442791909999999689e+02
8.661184514000000263e+02
8.879375943999999663e+02
9.101734170999999378e+02
9.321032007000000021e+02
9.537648882999999387e+02
9.762560344999999415e+02
9.981622960999999350e+02
1.019799235299999964e+03
1.042011907199999996e+03
1.064152297700000190e+03
1.085832984600000145e+03
1.107981304500000078e+03
1.130123228900000186e+03
1.152103791100000080e+03
1.174536772700000029e+03
1.196810640500000090e+03
1.218687661900000194e+03
1.241486487500000067e+03
1.263669450500000039e+03
1.285579918800000087e+03
1.308237227900000107e+03
1.330631775600000083e+03
1.352552472900000112e+03
1.375092301099999986e+03
1.397276652000000013e+03
1.419704849400000057e+03
1.442244749800000136e+03
1.464667076300000190e+03
1.486918959100000166e+03
1.509711439900000187e+03
1.532048310800000081e+03
1.554184861500000125e+03
1.576929568000000017e+03
1.599624478200000112e+03
1.621830919400000084e+03
1.644590533000000050e+03
1.667341503600000124e+03
1.689774569700000029e+03
1.712705712400000039e+03
1.735254788599999983e+03
1.757563902600000119e+03
1.780634177399999999e+03
1.803244222400000126e+03
1.825661017600000150e+03
1.848618037599999980e+03
1.871312432300000182e+03
1.893870942700000114e+03
1.916855962500000032e+03
1.939444421800000100e+03
1.961885910300000205e+03
1.985367078200000151e+03
2.008168610900000203e+03
2.030779045900000028e+03
