1.677943170070648193e-01
9.642559289932250977e-02
6.319594383239746094e-02
4.730895906686782837e-02
3.979566320776939392e-02
3.573712334036827087e-02
3.152764216065406799e-02
2.926510386168956757e-02
2.758472785353660583e-02
2.683166228234767914e-02
2.648194693028926849e-02
2.555183507502079010e-02
2.478028461337089539e-02
2.458888664841651917e-02
2.417037077248096466e-02
2.428334206342697144e-02
2.391688153147697449e-02
2.408782579004764557e-02
2.327529340982437134e-02
2.242172695696353912e-02
2.175650559365749359e-02
2.123628184199333191e-02
2.097734063863754272e-02
2.122181281447410583e-02
2.254362590610980988e-02
2.285973355174064636e-02
4.021614044904708862e-02
3.633096441626548767e-02
3.435330092906951904e-02
3.349441662430763245e-02
3.261189162731170654e-02
3.169985115528106689e-02
3.127406165003776550e-02
3.096862509846687317e-02
3.111142292618751526e-02
3.102030046284198761e-02
3.053362108767032623e-02
