1.026614395999999942e+02
1.057567746000000000e+02
1.088663390999999905e+02
1.119449770999999885e+02
1.150156340999999998e+02
1.180997985999999997e+02
1.211873483999999905e+02
1.242811352999999883e+02
1.273837873999999886e+02
1.304459501999999986e+02
1.335301974999999857e+02
1.365943126999999890e+02
1.397002276999999992e+02
1.428040756999999985e+02
1.458634088999999960e+02
1.489364611000000025e+02
1.519938597000000016e+02
1.550753368999999964e+02
1.581569361999999899e+02
1.612044659999999965e+02
1.645914104999999950e+02
1.676764552999999864e+02
4.144966593999999986e+02
4.241189537000000200e+02
4.339453166000000124e+02
4.441832756000000018e+02
4.543917410999999902e+02
4.643564192999999705e+02
4.739993867000000023e+02
4.836625445999999897e+02
4.939270789999999920e+02
5.039692299000000162e+02
5.136915903000000299e+02
5.235968981000000895e+02
5.337912568000000419e+02
5.434353389000000334e+02
5.530320197000000917e+02
5.624979522000000998e+02
5.720412036000000171e+02
5.815890329000000065e+02
