6.183180999999967753e+01
1.208924260000003414e+02
1.795574174000003040e+02
2.392724261000003025e+02
2.985536135000002105e+02
3.580455362000002424e+02
4.171946015000003172e+02
4.733929856000004293e+02
5.303950651000004655e+02
5.872131787999996959e+02
6.441793594000000667e+02
7.010984095000003435e+02
7.573149647999998706e+02
8.146896067999996376e+02
8.719083999000004042e+02
9.281572954000002937e+02
9.855234214000001884e+02
1.042487266500000260e+03
1.098817929800000456e+03
1.156221705099999781e+03
1.213349800199999663e+03
1.269868899299999612e+03
1.327458942299999762e+03
1.384879880200000116e+03
1.441387236800000210e+03
1.499057368599999791e+03
1.556511033300000236e+03
1.613292878999999630e+03
1.671221403200000168e+03
1.728580337499999587e+03
1.786055145600000287e+03
1.843921141300000272e+03
1.901758523600000444e+03
1.958958308700000089e+03
2.017117347000000336e+03
2.074937176300000829e+03
2.132043770699999186e+03
2.190138728700000684e+03
2.248293322300000909e+03
2.305713293800000429e+03
2.364118728300000839e+03
2.422269982799999525e+03
2.479821812099999988e+03
2.538438780699999370e+03
2.596511599500000557e+03
2.653910074700000223e+03
2.712244173599999158e+03
2.770143571300000076e+03
2.827761792599999353e+03
2.886523954900000717e+03
2.944907377900000029e+03
3.002829241399999773e+03
3.061852649400000701e+03
3.122806540000000496e+03
3.183279936399999315e+03
3.244769847200000186e+03
3.306010122900000169e+03
3.366979236000000128e+03
3.428468964700000470e+03
3.488431975799999236e+03
3.547051892399999815e+03
3.606664352500000859e+03
3.666217229799999586e+03
3.725335008700000799e+03
3.785218039899999894e+03
3.844751928599999701e+03
3.903705872600000475e+03
3.964152598600000601e+03
4.023453318299999410e+03
4.082768532700000833e+03
4.142959881300000234e+03
4.202769320500000504e+03
4.262001669599999332e+03
4.321957715199999257e+03
4.381862018299999363e+03
4.441372394200000599e+03
4.501951821600000585e+03
4.561927096500000516e+03
4.621554094899999654e+03
4.682265813900000467e+03
4.742377116099999512e+03
4.802031641399999899e+03
4.862612840700000561e+03
4.922901322599999730e+03
4.983136588599999413e+03
5.043831137699999999e+03
5.104078485499999260e+03
5.164067332400000851e+03
5.224865050800000063e+03
5.285165072999999211e+03
5.345030142799999339e+03
5.406430949200000214e+03
5.466695467700000336e+03
5.526863725599999270e+03
5.587579928000000109e+03
5.647818862400000398e+03
5.707672799099999793e+03
5.768142477700000200e+03
5.828236494499999935e+03
5.888183424399999240e+03
5.949044449199999690e+03
6.009438722500000040e+03
6.069374109100000169e+03
6.130206390599999395e+03
6.190891379499999857e+03
6.251549974599999587e+03
6.312667859000000135e+03
6.374216394800000671e+03
6.435074058700000933e+03
6.496697578300000714e+03
6.557897722099999555e+03
6.618962721799999599e+03
6.681122304400000758e+03
6.742772024700000657e+03
6.803891013100000237e+03
6.866008335400000760e+03
6.927558766600000126e+03
6.988638765400000011e+03
7.050683881899999506e+03
7.112164077300000827e+03
7.173437711100000342e+03
7.235467304999999214e+03
7.297234083800000917e+03
7.358601940600000489e+03
7.420719498600000406e+03
7.482710745100000167e+03
7.544287782200000038e+03
7.606700120399999832e+03
7.668590712100000928e+03
7.730039555899999868e+03
7.792399843899999723e+03
7.854555378100000780e+03
7.916089378699999543e+03
7.978753616400000283e+03
8.040994329800000742e+03
8.102740280799999709e+03
8.165462623899999926e+03
8.227816758299999492e+03
8.289884983399999328e+03
8.352729288700000325e+03
8.415310749399999622e+03
8.477427111500001047e+03
8.540160845700000209e+03
8.602862049399998796e+03
8.665288818000000902e+03
8.729006584599999769e+03
8.792007031500001176e+03
8.854612346300000354e+03
8.917809186200000113e+03
8.981211851899999601e+03
9.043870693600001687e+03
9.107353423399999883e+03
9.170562647200000356e+03
9.233542154200000368e+03
9.298253698399999848e+03
9.362551032499999565e+03
9.426434045099998912e+03
9.491000645799998892e+03
9.555401500200001465e+03
9.619186822899999243e+03
9.684332345099999657e+03
9.748913051899999118e+03
9.813279528099999879e+03
9.878356215899999370e+03
9.943345123399998556e+03
1.000794805210000050e+04
1.007315524600000208e+04
1.013839426979999917e+04
1.020309081879999940e+04
1.026857714990000022e+04
1.033414342240000042e+04
