8.129791915416717529e-02
3.343404084444046021e-02
2.255033515393733978e-02
1.864426396787166595e-02
1.657058671116828918e-02
1.465794537216424942e-02
1.344694476574659348e-02
1.201411895453929901e-02
1.121559925377368927e-02
1.035265810787677765e-02
9.456446394324302673e-03
8.798030205070972443e-03
8.767556399106979370e-03
8.341273292899131775e-03
7.850147783756256104e-03
7.663177791982889175e-03
7.426255382597446442e-03
7.274571806192398071e-03
7.092701271176338196e-03
6.890884134918451309e-03
6.769018247723579407e-03
6.706888787448406219e-03
6.445901934057474136e-03
6.470885127782821655e-03
6.217388901859521866e-03
6.321949884295463562e-03
6.105922162532806396e-03
6.053953897207975388e-03
6.061295047402381897e-03
5.974497646093368530e-03
5.855550523847341537e-03
5.837688688188791275e-03
5.697586107999086380e-03
5.669084843248128891e-03
5.549420136958360672e-03
5.520883016288280487e-03
5.419244058430194855e-03
5.311634391546249390e-03
5.394774489104747772e-03
5.205198656767606735e-03
5.324075929820537567e-03
5.090214312076568604e-03
5.258723627775907516e-03
4.986419342458248138e-03
5.061471834778785706e-03
5.078379064798355103e-03
4.899635445326566696e-03
5.052349995821714401e-03
4.978785291314125061e-03
4.861511290073394775e-03
4.960013087838888168e-03
4.693406168371438980e-03
4.834248218685388565e-03
4.641789942979812622e-03
4.646801389753818512e-03
4.828999750316143036e-03
4.770610015839338303e-03
1.271522790193557739e-02
1.135124079883098602e-02
1.080392766743898392e-02
1.039237063378095627e-02
1.021127309650182724e-02
9.896994568407535553e-03
9.748664684593677521e-03
9.581644088029861450e-03
9.277877397835254669e-03
9.139898233115673065e-03
9.036635980010032654e-03
8.829394355416297913e-03
8.807165548205375671e-03
8.539756760001182556e-03
8.337560109794139862e-03
8.239458315074443817e-03
8.220768533647060394e-03
8.130381815135478973e-03
7.961915805935859680e-03
7.943918928503990173e-03
7.823115214705467224e-03
7.555006537586450577e-03
7.482122164219617844e-03
7.371715269982814789e-03
7.472029887139797211e-03
7.412105798721313477e-03
7.211945485323667526e-03
7.280935067683458328e-03
7.174664177000522614e-03
7.095110602676868439e-03
6.991439498960971832e-03
7.019346114248037338e-03
6.891214288771152496e-03
6.942097097635269165e-03
6.848875433206558228e-03
6.947361398488283157e-03
6.972667761147022247e-03
