9.732835500000000195e+00
1.446088620000000091e+01
1.900260049999999978e+01
3.103775070000000014e+01
5.139880459999999829e+01
7.093613569999999413e+01
9.086289899999999875e+01
1.101999646999999953e+02
1.295629108999999914e+02
1.489332057000000020e+02
1.682570000999999991e+02
1.875635432999999921e+02
2.069085901999999919e+02
2.262245890000000088e+02
2.455698653000000036e+02
2.649663863000000106e+02
2.845048904000000221e+02
3.038453746999999794e+02
3.231892571999999859e+02
3.425165582999999856e+02
3.657073861999999735e+02
3.895716145000000097e+02
4.134750680000000216e+02
4.373433254999999917e+02
4.611960409999999797e+02
4.844131853999999748e+02
5.068793987999999899e+02
5.292720951000000014e+02
5.518503785999999991e+02
5.749094461000000820e+02
5.973604429000000664e+02
6.191487172000000783e+02
6.395886707000000797e+02
6.600413572000001068e+02
6.805067309000000932e+02
7.009435799000000316e+02
7.213848928000001024e+02
7.418304296000000022e+02
7.622782342000000426e+02
7.827207092000001012e+02
8.031865621000000601e+02
8.236058175000000574e+02
8.440522550000000592e+02
8.645280072000000473e+02
8.849751519000000144e+02
9.054456423999999970e+02
9.260041723000000502e+02
9.464576260000000048e+02
9.669025381000000152e+02
9.873243055000000368e+02
1.007758384300000102e+03
1.028192599599999994e+03
1.048627303199999915e+03
1.069043246999999837e+03
1.089634871499999917e+03
1.110056351899999981e+03
1.130481200400000034e+03
1.194824323399999912e+03
1.259185906400000022e+03
1.323454272999999830e+03
1.387751293899999837e+03
1.452223424499999965e+03
1.516500612199999978e+03
1.580737232100000028e+03
1.645016213500000049e+03
1.709289686099999926e+03
1.773579593599999953e+03
1.837838638899999978e+03
1.902698373899999979e+03
1.967187129199999845e+03
2.031546276499999976e+03
2.095913186100000075e+03
2.160321496499999739e+03
2.225025950899999771e+03
2.289567344999999932e+03
2.353950358000000051e+03
2.418558821999999964e+03
2.483591725400000087e+03
2.547865155299999969e+03
2.612145709999999781e+03
2.676411448100000143e+03
2.740742342499999722e+03
2.805013396499999999e+03
2.869291623600000094e+03
2.933569181999999728e+03
2.997849690199999714e+03
3.062126647099999900e+03
3.126405526900000041e+03
3.190619015299999774e+03
3.254969646799999737e+03
3.319225066800000150e+03
3.383674050300000090e+03
3.447931625100000019e+03
3.512194028800000069e+03
