2.303969711065292358e-01
1.900991648435592651e-01
1.742950975894927979e-01
1.644842475652694702e-01
1.573375165462493896e-01
1.513462513685226440e-01
1.456473618745803833e-01
1.414669007062911987e-01
1.376723945140838623e-01
1.338157355785369873e-01
1.302593052387237549e-01
1.271663457155227661e-01
1.238472014665603638e-01
1.210719645023345947e-01
1.180846095085144043e-01
1.153683066368103027e-01
1.126355901360511780e-01
1.100657656788825989e-01
1.076613292098045349e-01
1.053116545081138611e-01
1.026279404759407043e-01
1.006071642041206360e-01
9.834033250808715820e-02
9.638230502605438232e-02
9.381298720836639404e-02
9.201247245073318481e-02
9.021722525358200073e-02
8.856000751256942749e-02
8.600984513759613037e-02
8.379494398832321167e-02
8.259880542755126953e-02
8.071076869964599609e-02
7.898960262537002563e-02
7.676493376493453979e-02
7.532593607902526855e-02
7.389587163925170898e-02
7.203801721334457397e-02
7.060629129409790039e-02
6.934567540884017944e-02
6.760365515947341919e-02
6.608605384826660156e-02
6.424916535615921021e-02
6.303396075963973999e-02
6.151090189814567566e-02
6.031439825892448425e-02
5.879160761833190918e-02
5.768026411533355713e-02
5.595812574028968811e-02
5.450533702969551086e-02
5.335859954357147217e-02
5.172069370746612549e-02
5.026565119624137878e-02
4.933078214526176453e-02
4.832744970917701721e-02
4.700803011655807495e-02
4.587290063500404358e-02
4.486170038580894470e-02
4.397685080766677856e-02
4.321303963661193848e-02
4.220306128263473511e-02
4.112777858972549438e-02
4.041717946529388428e-02
3.981182351708412170e-02
3.899952024221420288e-02
3.843864426016807556e-02
3.766110166907310486e-02
3.689949586987495422e-02
3.645748272538185120e-02
3.568216785788536072e-02
3.528398647904396057e-02
3.484192118048667908e-02
3.433856368064880371e-02
3.383509442210197449e-02
3.316708654165267944e-02
3.292790800333023071e-02
3.243707492947578430e-02
3.229510411620140076e-02
3.190605714917182922e-02
3.146838024258613586e-02
3.097880631685256958e-02
3.054788522422313690e-02
3.032957389950752258e-02
2.971404418349266052e-02
2.971764840185642242e-02
2.904451452195644379e-02
2.892869710922241211e-02
2.848650328814983368e-02
2.834439836442470551e-02
2.817502059042453766e-02
2.757970429956912994e-02
2.741285227239131927e-02
2.710376307368278503e-02
2.689601853489875793e-02
2.620141021907329559e-02
2.604661509394645691e-02
2.595249749720096588e-02
2.576500922441482544e-02
2.555266022682189941e-02
4.221556708216667175e-02
4.105012863874435425e-02
3.995482623577117920e-02
3.972777724266052246e-02
3.907835856080055237e-02
3.863946348428726196e-02
3.833182156085968018e-02
3.797372058033943176e-02
3.778057172894477844e-02
3.739684075117111206e-02
3.724187612533569336e-02
3.697346895933151245e-02
3.669950366020202637e-02
3.615203499794006348e-02
3.624563291668891907e-02
3.591719269752502441e-02
3.565617650747299194e-02
3.549960255622863770e-02
3.528134524822235107e-02
3.501165658235549927e-02
3.468465805053710938e-02
3.463809937238693237e-02
