1.477269551999999919e+02
1.512541744999999764e+02
1.547970664999999997e+02
1.583129401999999857e+02
1.618329023999999947e+02
1.653753844000000015e+02
1.688926702999999918e+02
1.724038966999999900e+02
1.759203608999999915e+02
1.794353789999999833e+02
1.829711051999999825e+02
1.864799033999999835e+02
1.899911560999999836e+02
1.935271503999999823e+02
1.970355851999999857e+02
2.005475476999999955e+02
2.040599569000000031e+02
2.075700957999999900e+02
2.111052798999999993e+02
2.146137351999999794e+02
2.181152885999999853e+02
2.216484906000000024e+02
2.251582219999999950e+02
2.286700248999999872e+02
2.321801246999999933e+02
2.356963237999999876e+02
2.392290065999999911e+02
2.427354469999999935e+02
2.462458260999999879e+02
2.497806895999999881e+02
2.532926059999999779e+02
2.568029940999999781e+02
2.603112108999999919e+02
2.638226032999999688e+02
2.673605645999999751e+02
2.708609351999999717e+02
2.743704108999999676e+02
2.779009578000000147e+02
2.814097095999999851e+02
2.849414026999999692e+02
2.884467730000000074e+02
2.919513956999999778e+02
2.954942990000000123e+02
3.003629612999999949e+02
3.196209814999999708e+02
3.231154502999999636e+02
3.266262408000000050e+02
3.301525919000000044e+02
3.336592405999999755e+02
3.371677045000000135e+02
3.406789741000000049e+02
3.441880224999999882e+02
3.477243497999999704e+02
3.512304843000000005e+02
3.547399101999999971e+02
3.582731536999999662e+02
3.617812091999999780e+02
3.652921619999999621e+02
3.688046347000000083e+02
3.723193674999999985e+02
3.758525422999999819e+02
3.793648246999999856e+02
3.828715035999999827e+02
3.864026051000000166e+02
3.899097858999999744e+02
3.934181312000000048e+02
3.969283752000000050e+02
4.004390376000000060e+02
4.039716243999999961e+02
4.074877219999999625e+02
4.110185293999999772e+02
4.145790087999999969e+02
4.180711089999999786e+02
4.215782881999999745e+02
4.250899557000000186e+02
4.285998414999999682e+02
4.321297900000000141e+02
4.356384795000000167e+02
4.391510534999999891e+02
4.426887962999999786e+02
4.462020771999999624e+02
4.497189442999999756e+02
4.532317709000000150e+02
4.567459250999999654e+02
4.602865347000000042e+02
4.637999535999999807e+02
4.678040221999999630e+02
4.712972422999999935e+02
4.748007068999999660e+02
4.783200171999999952e+02
4.818223651000000132e+02
4.853390193000000181e+02
4.888535004999999956e+02
4.923691393999999946e+02
4.959088957999999820e+02
4.994223437999999646e+02
5.029368521999999757e+02
5.064769792000000166e+02
8.918007463000000143e+02
9.029292884999999842e+02
9.140800847000000431e+02
9.251743380999999999e+02
9.362483330999999680e+02
9.473492503999999599e+02
9.584230896999999914e+02
9.695702559999999721e+02
9.806364333000000215e+02
9.917023401000000149e+02
1.026275865999999951e+03
1.037377359500000011e+03
1.049549687100000028e+03
1.060636457099999916e+03
1.071835307399999920e+03
1.084972567999999910e+03
1.096060366400000021e+03
1.107274377100000038e+03
1.118386259299999892e+03
1.129560751199999913e+03
1.140816963299999998e+03
1.151962448600000016e+03
