4.290537908673286438e-02
3.856966271996498108e-02
3.697552531957626343e-02
3.597507625818252563e-02
3.530267626047134399e-02
3.518728911876678467e-02
3.474006056785583496e-02
3.457071632146835327e-02
3.383142501115798950e-02
3.410795703530311584e-02
3.368452191352844238e-02
3.472724184393882751e-02
4.309673234820365906e-02
3.664701804518699646e-02
3.464338183403015137e-02
3.387784957885742188e-02
3.309080749750137329e-02
3.335189446806907654e-02
3.237979486584663391e-02
3.196067363023757935e-02
3.206276521086692810e-02
3.183024004101753235e-02
3.142129257321357727e-02
3.156424686312675476e-02
3.106650151312351227e-02
3.116110153496265411e-02
3.095805644989013672e-02
3.079860657453536987e-02
3.076238557696342468e-02
3.046869672834873199e-02
3.082850761711597443e-02
3.059512563049793243e-02
3.015788272023200989e-02
3.011659905314445496e-02
3.000606223940849304e-02
3.002542071044445038e-02
3.075837157666683197e-02
4.113926738500595093e-02
3.526380658149719238e-02
3.339738771319389343e-02
3.304798156023025513e-02
3.206044808030128479e-02
3.161969035863876343e-02
3.088961914181709290e-02
3.064852021634578705e-02
3.062406927347183228e-02
3.058833628892898560e-02
2.947117388248443604e-02
2.968672662973403931e-02
2.989202179014682770e-02
2.984487079083919525e-02
2.927729301154613495e-02
2.913341671228408813e-02
2.926775626838207245e-02
2.896510064601898193e-02
2.883146516978740692e-02
2.867405489087104797e-02
2.883799374103546143e-02
2.868155203759670258e-02
2.846676111221313477e-02
2.857643924653530121e-02
2.843309193849563599e-02
2.811792306602001190e-02
2.812093496322631836e-02
2.773486450314521790e-02
2.790791355073451996e-02
2.768150717020034790e-02
2.755632624030113220e-02
2.760312706232070923e-02
2.753648348152637482e-02
2.779053524136543274e-02
2.714411169290542603e-02
2.720740064978599548e-02
2.719607390463352203e-02
2.728121913969516754e-02
2.710986696183681488e-02
2.748389169573783875e-02
3.495935350656509399e-02
3.154451772570610046e-02
3.037245571613311768e-02
2.969991229474544525e-02
2.879708260297775269e-02
2.848056145012378693e-02
2.856606058776378632e-02
2.784323133528232574e-02
2.781255170702934265e-02
2.748396806418895721e-02
2.743068523705005646e-02
2.719187922775745392e-02
2.664806321263313293e-02
2.679993398487567902e-02
2.670996263623237610e-02
2.644183114171028137e-02
2.626475133001804352e-02
2.611470222473144531e-02
2.582237310707569122e-02
2.598727680742740631e-02
2.562542259693145752e-02
2.528809383511543274e-02
2.554864250123500824e-02
2.557154186069965363e-02
2.522281557321548462e-02
2.495197951793670654e-02
2.485042624175548553e-02
2.476611174643039703e-02
2.497067302465438843e-02
2.486705034971237183e-02
2.474119514226913452e-02
2.492609806358814240e-02
2.444456890225410461e-02
2.449331246316432953e-02
2.424808964133262634e-02
2.411225251853466034e-02
2.416203729808330536e-02
2.426029369235038757e-02
2.426591701805591583e-02
2.348066866397857666e-02
2.389183081686496735e-02
2.413874119520187378e-02
2.398156188428401947e-02
2.364225871860980988e-02
2.379555068910121918e-02
2.379501610994338989e-02
2.378522232174873352e-02
2.362192608416080475e-02
2.352386526763439178e-02
2.358017116785049438e-02
2.334497682750225067e-02
2.394223213195800781e-02
2.449187822639942169e-02
2.463395893573760986e-02
2.422256395220756531e-02
2.444901317358016968e-02
2.408392913639545441e-02
2.398812212049961090e-02
2.428820915520191193e-02
2.420982345938682556e-02
2.380530349910259247e-02
2.389388531446456909e-02
2.434199303388595581e-02
