8.730016350746154785e-01
8.743598461151123047e-01
8.741998672485351562e-01
8.740965127944946289e-01
8.748320341110229492e-01
8.743423223495483398e-01
8.745935559272766113e-01
8.745095133781433105e-01
8.744372725486755371e-01
8.748376965522766113e-01
8.742074370384216309e-01
8.736797571182250977e-01
8.746824264526367188e-01
8.739416003227233887e-01
8.752351999282836914e-01
8.746575713157653809e-01
8.523331880569458008e-01
8.526539802551269531e-01
8.526464104652404785e-01
8.525311350822448730e-01
8.524875044822692871e-01
8.527550101280212402e-01
8.523815274238586426e-01
8.528408408164978027e-01
8.521796464920043945e-01
