5.258879732999999987e+02
6.657470290999999634e+02
8.071799548999999843e+02
9.502845952999999781e+02
1.090819079200000033e+03
1.227819633800000020e+03
1.363213961400000017e+03
1.500112853899999891e+03
1.628377319599999964e+03
1.751113216199999897e+03
1.873978592499999877e+03
1.996860863500000050e+03
2.119834519300000011e+03
2.242694451400000162e+03
2.363805065699999886e+03
2.484956624999999804e+03
2.874354385099999945e+03
3.265406265399999938e+03
3.650939620699999978e+03
4.036388592899999821e+03
4.421759491099999650e+03
4.807565501400000358e+03
5.193390947500000038e+03
5.578845250100000158e+03
5.966552881900000102e+03
