6.788551807403564453e-02
4.640061035752296448e-02
4.611396044492721558e-02
4.605589434504508972e-02
4.610335081815719604e-02
4.613301903009414673e-02
4.607335850596427917e-02
4.616552963852882385e-02
4.611952975392341614e-02
4.615259170532226562e-02
4.615079611539840698e-02
4.417550936341285706e-02
4.398661851882934570e-02
4.393689334392547607e-02
4.308173805475234985e-02
2.178419940173625946e-02
1.131165865808725357e-02
6.512165069580078125e-03
5.080773029476404190e-03
4.202642478048801422e-03
3.626185236498713493e-03
3.107848111540079117e-03
2.870121039450168610e-03
2.701036399230360985e-03
2.575099235400557518e-03
2.387847751379013062e-03
2.309719333425164223e-03
2.223736606538295746e-03
2.089832909405231476e-03
2.097722841426730156e-03
1.962324371561408043e-03
2.023312030360102654e-03
1.791346119716763496e-03
1.801724778488278389e-03
1.752384356223046780e-03
1.720125204883515835e-03
1.684554968960583210e-03
1.678619883023202419e-03
1.616077031940221786e-03
1.535674673505127430e-03
1.541486242786049843e-03
1.505677006207406521e-03
1.554230460897088051e-03
1.519003068096935749e-03
1.541986828669905663e-03
1.429967582225799561e-03
1.474541728384792805e-03
1.439815387129783630e-03
1.475554541684687138e-03
1.377643318846821785e-03
1.405101618729531765e-03
1.356528955511748791e-03
1.369328470900654793e-03
1.358498120680451393e-03
1.301941578276455402e-03
1.356527209281921387e-03
1.407685456797480583e-03
1.300640404224395752e-03
1.215134980157017708e-03
1.280922559089958668e-03
1.298136659897863865e-03
1.182815874926745892e-03
1.240711542777717113e-03
1.273336703889071941e-03
1.176348770968616009e-03
1.200748025439679623e-03
1.256035408005118370e-03
