2.077839219999999898e+01
3.678282190000000185e+01
5.336418019999999984e+01
7.008572550000000945e+01
8.635140549999999848e+01
1.016995766000000003e+02
1.177610664999999983e+02
1.347649569000000156e+02
1.510424424999999928e+02
1.669567780000000141e+02
1.832741611000000148e+02
2.494438031999999907e+02
3.148869631999999683e+02
3.800398973999999725e+02
4.448185636999999701e+02
5.102301340999999297e+02
5.741303987000000006e+02
6.398571649000000434e+02
7.048099641000000020e+02
7.694506344000000126e+02
8.339815575000000081e+02
8.989934736999999814e+02
9.637227076000000352e+02
1.028788988099999870e+03
1.093358970600000021e+03
1.157992473099999870e+03
1.221880099999999857e+03
1.287259647999999970e+03
1.353491329699999824e+03
1.416508395399999927e+03
1.482261874499999976e+03
1.547458446799999820e+03
1.612780757900000026e+03
1.675922686599999906e+03
1.743238295299999891e+03
1.807214941899999985e+03
1.871489419900000030e+03
1.936515185399999837e+03
2.000770791599999939e+03
2.066323323399999936e+03
2.131504658600000312e+03
2.195852971799999978e+03
2.259557012700000087e+03
2.323107945799999925e+03
2.389271947900000214e+03
2.453685104800000317e+03
2.523087353899999925e+03
2.595355925000000298e+03
2.662054322700000284e+03
2.727065167700000075e+03
2.791284451200000149e+03
2.857684727199999998e+03
2.921850486400000136e+03
2.985382930400000077e+03
3.049534753599999931e+03
3.114615876100000150e+03
3.179218551500000103e+03
3.244555308500000137e+03
3.308382182600000306e+03
3.371991777800000364e+03
3.436132045000000289e+03
3.503047387800000251e+03
3.566946125299999949e+03
3.630158596499999931e+03
3.696530919100000119e+03
3.761727368500000011e+03
3.825239654900000005e+03
