2.621007561683654785e-01
2.358248680830001831e-01
2.177942097187042236e-01
1.987897902727127075e-01
1.802113652229309082e-01
1.629876196384429932e-01
1.451070606708526611e-01
1.258569210767745972e-01
1.116538196802139282e-01
9.448845684528350830e-02
8.220104873180389404e-02
7.437396794557571411e-02
6.790519505739212036e-02
6.224997341632843018e-02
5.751887336373329163e-02
5.476709827780723572e-02
5.315554514527320862e-02
5.146810784935951233e-02
5.066177994012832642e-02
4.768219590187072754e-02
4.723369702696800232e-02
4.664853587746620178e-02
4.576566442847251892e-02
4.616652801632881165e-02
4.414144530892372131e-02
4.545297101140022278e-02
4.419074952602386475e-02
4.624772071838378906e-02
5.988169461488723755e-02
6.000904738903045654e-02
5.989453941583633423e-02
5.980438739061355591e-02
5.830047652125358582e-02
5.926654115319252014e-02
5.667323619127273560e-02
5.758922174572944641e-02
5.554301291704177856e-02
5.822844430804252625e-02
5.582202225923538208e-02
5.532307922840118408e-02
5.586129799485206604e-02
5.538893118500709534e-02
5.570628121495246887e-02
5.484807118773460388e-02
5.544390156865119934e-02
5.514138936996459961e-02
5.387893691658973694e-02
5.359153077006340027e-02
5.391583964228630066e-02
5.312267318367958069e-02
5.352534726262092590e-02
5.360018461942672729e-02
5.214274302124977112e-02
5.299682170152664185e-02
5.333937332034111023e-02
5.254400894045829773e-02
5.186155065894126892e-02
5.208400264382362366e-02
5.207594856619834900e-02
5.155072361230850220e-02
5.198498815298080444e-02
5.246953293681144714e-02
