1.200608536601066589e-01
1.057150065898895264e-01
9.586226940155029297e-02
9.216255694627761841e-02
8.461766690015792847e-02
8.512790501117706299e-02
7.780837267637252808e-02
7.545664161443710327e-02
7.214315235614776611e-02
7.028983533382415771e-02
6.779525429010391235e-02
6.443764269351959229e-02
6.438292562961578369e-02
6.059206649661064148e-02
5.757551640272140503e-02
5.934263393282890320e-02
5.633242055773735046e-02
5.308980494737625122e-02
5.125327035784721375e-02
4.921965301036834717e-02
4.824073240160942078e-02
4.775024205446243286e-02
4.596998915076255798e-02
4.257665202021598816e-02
4.085640981793403625e-02
3.891698271036148071e-02
3.870950639247894287e-02
3.470082581043243408e-02
3.671102970838546753e-02
3.545046597719192505e-02
3.395758196711540222e-02
3.183737397193908691e-02
2.980404905974864960e-02
2.903186716139316559e-02
2.839801087975502014e-02
2.722624689340591431e-02
2.575999684631824493e-02
2.506574802100658417e-02
2.668984234333038330e-02
2.272460982203483582e-02
2.196150831878185272e-02
2.211969718337059021e-02
2.160166017711162567e-02
2.200767770409584045e-02
1.998966746032238007e-02
1.880942657589912415e-02
1.927070878446102142e-02
1.834443211555480957e-02
1.733369193971157074e-02
1.693468913435935974e-02
1.688368618488311768e-02
1.646850816905498505e-02
1.601780951023101807e-02
1.646875776350498199e-02
1.522406656295061111e-02
1.588113792240619659e-02
1.478185132145881653e-02
1.516845263540744781e-02
1.448969636112451553e-02
1.390984188765287399e-02
1.408840343356132507e-02
1.373781356960535049e-02
1.307382248342037201e-02
1.330164913088083267e-02
1.326498761773109436e-02
1.369035709649324417e-02
1.191626582294702530e-02
1.342181395739316940e-02
1.338144857436418533e-02
1.321687828749418259e-02
1.246717944741249084e-02
1.180101558566093445e-02
1.168902963399887085e-02
1.119758468121290207e-02
1.180032826960086823e-02
1.165347825735807419e-02
1.161306817084550858e-02
1.121022831648588181e-02
1.220652833580970764e-02
2.048865519464015961e-02
1.921949535608291626e-02
1.889788918197154999e-02
1.882426626980304718e-02
1.808218657970428467e-02
1.828918047249317169e-02
1.766324788331985474e-02
1.725803874433040619e-02
1.740082725882530212e-02
1.706829480826854706e-02
1.696990057826042175e-02
1.646104641258716583e-02
1.685822941362857819e-02
1.643813587725162506e-02
1.573539897799491882e-02
1.550777256488800049e-02
1.569495163857936859e-02
1.542973238974809647e-02
1.506933383643627167e-02
1.560372766107320786e-02
1.521564368158578873e-02
1.456589251756668091e-02
1.498685404658317566e-02
1.463860739022493362e-02
1.416209340095520020e-02
1.431552506983280182e-02
1.415205094963312149e-02
1.411398313939571381e-02
1.318499539047479630e-02
1.361590903252363205e-02
1.409685239195823669e-02
1.341532729566097260e-02
1.367219351232051849e-02
1.331070251762866974e-02
1.325355656445026398e-02
1.310094725340604782e-02
1.328014489263296127e-02
1.250914391130208969e-02
1.285836193710565567e-02
1.343836355954408646e-02
