6.451791524887084961e-02
4.577871784567832947e-02
4.573585838079452515e-02
4.576056078076362610e-02
4.569691419601440430e-02
4.574071615934371948e-02
4.572844132781028748e-02
4.575295001268386841e-02
4.570237174630165100e-02
4.573348909616470337e-02
4.580450803041458130e-02
4.440052434802055359e-02
4.418771713972091675e-02
4.154117032885551453e-02
2.636164240539073944e-02
1.336111500859260559e-02
6.479561794549226761e-03
4.080082755535840988e-03
2.869349438697099686e-03
2.280803164467215538e-03
2.022745786234736443e-03
1.795940916053950787e-03
1.765478868037462234e-03
1.454424462281167507e-03
1.443017739802598953e-03
1.447045477107167244e-03
1.344455056823790073e-03
1.239226665347814560e-03
1.197213656269013882e-03
1.198461279273033142e-03
1.139112282544374466e-03
1.157608232460916042e-03
1.087548676878213882e-03
1.139757223427295685e-03
1.111052813939750195e-03
1.076225773431360722e-03
1.033685752190649509e-03
1.095716492272913456e-03
9.916420094668865204e-04
1.003362820483744144e-03
8.770369458943605423e-04
9.310861350968480110e-04
8.560766582377254963e-04
9.066052152775228024e-04
9.046622435562312603e-04
8.687845547683537006e-04
9.606418316252529621e-04
