5.076470375061035156e-01
5.307996273040771484e-01
5.652573704719543457e-01
6.192830801010131836e-01
6.534558534622192383e-01
6.795496344566345215e-01
7.026103138923645020e-01
7.213327288627624512e-01
7.392922639846801758e-01
7.546507120132446289e-01
7.673253417015075684e-01
7.841176390647888184e-01
7.961488962173461914e-01
8.084742426872253418e-01
8.203308582305908203e-01
8.321967124938964844e-01
8.407536745071411133e-01
8.506342172622680664e-01
8.601654171943664551e-01
8.689797520637512207e-01
8.789430260658264160e-01
8.851378560066223145e-01
8.925367593765258789e-01
9.014338254928588867e-01
9.071507453918457031e-01
9.122150540351867676e-01
9.185202121734619141e-01
9.241084456443786621e-01
9.289981722831726074e-01
9.331801533699035645e-01
9.375275969505310059e-01
9.416636228561401367e-01
9.454871416091918945e-01
9.470312595367431641e-01
9.520496129989624023e-01
9.140373468399047852e-01
9.241612553596496582e-01
9.307704567909240723e-01
9.358423352241516113e-01
9.400305151939392090e-01
9.434572458267211914e-01
9.463541507720947266e-01
9.486494064331054688e-01
9.506896734237670898e-01
