1.114423340000030294e+01
2.095559990000037942e+01
3.064596150000033958e+01
4.061931530000038038e+01
5.036878900000010617e+01
6.012734359999922162e+01
6.996555389999957697e+01
7.974006419999932405e+01
8.946324559999993653e+01
9.938587530000040715e+01
1.091012312000002566e+02
1.189479590999999346e+02
1.288033216000003449e+02
1.384579336999995576e+02
1.491479605000004085e+02
1.589638933000005636e+02
1.685725961000007374e+02
1.778254042999997182e+02
1.881481325000004290e+02
1.978258184000005713e+02
2.074455510999996477e+02
2.173764618000004702e+02
2.270567375999999058e+02
2.367435241999992286e+02
2.465682049999995797e+02
2.562347451999994519e+02
2.659512967999999091e+02
2.754592011000004277e+02
2.854583406999990984e+02
2.952698452000004181e+02
3.047631483000004664e+02
3.145229075999995985e+02
3.246080191999990348e+02
3.341364073000004282e+02
3.440981157000005624e+02
3.537808578000003763e+02
3.632819490000001679e+02
3.727931501999992179e+02
3.828764377000006789e+02
3.925713058000001183e+02
4.016237449000000197e+02
4.119401670000006561e+02
4.214587267000006250e+02
4.313998212000005879e+02
4.410447750999992422e+02
4.508058450999997149e+02
4.603931118999989849e+02
4.701091930000002321e+02
4.799386398000006011e+02
4.892582034000006388e+02
4.993819622999999410e+02
5.092206753999998909e+02
5.188961323000003176e+02
5.287293601999990642e+02
5.387068474999996397e+02
5.484170161000001826e+02
5.581614322999994329e+02
5.681153917999999976e+02
5.779171322000001965e+02
5.877863120999991224e+02
5.979439368000003014e+02
6.073132418999994115e+02
6.175181345999990299e+02
6.271575931999996101e+02
6.373613439000000653e+02
6.473393090999998094e+02
6.574900032000005012e+02
6.671816156000004412e+02
6.785065133999996760e+02
7.087636615999999776e+02
7.394064290000005712e+02
7.707643379999990429e+02
8.009026075999991008e+02
8.322461217999989458e+02
8.631845403999996051e+02
8.941785717000002478e+02
9.247307583999991039e+02
9.562098688999994920e+02
9.870584588000001531e+02
1.017770850799999607e+03
1.048831398599999375e+03
1.079413100100000520e+03
1.110173184799999945e+03
1.140918803299999126e+03
1.171366257600000608e+03
1.202019548099999156e+03
1.233546490200000335e+03
1.264108724300000176e+03
1.295243709700000181e+03
1.327080508200000622e+03
1.358187367999998969e+03
1.389374304799999663e+03
1.420283884700000272e+03
1.451435445600000094e+03
1.482689455399999133e+03
1.513414552199999889e+03
1.545064513400000578e+03
1.575939155399999436e+03
1.607465385800000149e+03
1.637869706899999073e+03
1.668930445699999837e+03
1.700921570700000302e+03
1.732308643799999118e+03
1.763514945999999327e+03
1.795254268400000001e+03
1.827046781699998974e+03
1.858253519699999742e+03
1.889606338499999765e+03
1.921080351900000096e+03
1.952417594399999871e+03
1.983275501500000246e+03
2.015507587599999169e+03
2.047811769899999490e+03
2.079316519599999083e+03
2.110736213500000304e+03
2.141814901699999609e+03
2.173767339500000162e+03
2.205550617900000361e+03
2.236870014099999025e+03
