8.269997835159301758e-01
8.825874924659729004e-01
8.997557759284973145e-01
9.086933732032775879e-01
9.139661192893981934e-01
9.195281267166137695e-01
9.209748506546020508e-01
9.227108359336853027e-01
9.260544776916503906e-01
9.249937534332275391e-01
9.288193583488464355e-01
9.289159178733825684e-01
9.323236942291259766e-01
9.327739477157592773e-01
9.306199550628662109e-01
9.339634180068969727e-01
9.343814253807067871e-01
9.365354180335998535e-01
9.365032911300659180e-01
9.372428655624389648e-01
9.371140003204345703e-01
9.385609626770019531e-01
9.377250075340270996e-01
9.387217164039611816e-01
9.377571940422058105e-01
9.379500746726989746e-01
9.386253356933593750e-01
9.387539029121398926e-01
9.401042461395263672e-01
9.372749328613281250e-01
9.393326044082641602e-01
9.415187835693359375e-01
9.382716417312622070e-01
9.377250671386718750e-01
9.436085224151611328e-01
9.402326941490173340e-01
9.387859702110290527e-01
9.415831565856933594e-01
9.397506117820739746e-01
9.384001493453979492e-01
9.399433732032775879e-01
9.400077462196350098e-01
9.398791193962097168e-01
9.409400820732116699e-01
9.393004775047302246e-01
9.404899477958679199e-01
9.384001493453979492e-01
9.408436417579650879e-01
9.407793879508972168e-01
9.376606941223144531e-01
9.394611120223999023e-01
9.399112462997436523e-01
9.383681416511535645e-01
9.386574625968933105e-01
9.409722089767456055e-01
9.368569254875183105e-01
9.398791193962097168e-01
9.401364326477050781e-01
9.381430745124816895e-01
9.393647313117980957e-01
9.393004179000854492e-01
9.396541714668273926e-01
9.381108283996582031e-01
9.400720000267028809e-01
9.405221343040466309e-01
9.402328133583068848e-01
9.403291344642639160e-01
9.387538433074951172e-01
9.392361044883728027e-01
9.378213286399841309e-01
9.386573433876037598e-01
9.052025079727172852e-01
9.033963680267333984e-01
9.049232006072998047e-01
9.045036435127258301e-01
9.032267332077026367e-01
9.051324129104614258e-01
9.034664034843444824e-01
9.059507846832275391e-01
9.061303734779357910e-01
9.055616855621337891e-01
9.050227403640747070e-01
9.057412743568420410e-01
9.049526453018188477e-01
9.046935439109802246e-01
9.057808518409729004e-01
9.053221344947814941e-01
9.052922129631042480e-01
9.037554264068603516e-01
9.061900973320007324e-01
9.064297080039978027e-01
9.051620364189147949e-01
9.064694046974182129e-01
9.061402082443237305e-01
9.065192341804504395e-01
9.049929976463317871e-01
9.066190123558044434e-01
9.063497185707092285e-01
9.056614041328430176e-01
9.064298868179321289e-01
9.070183038711547852e-01
9.062998294830322266e-01
9.057911038398742676e-01
9.061102271080017090e-01
9.050625562667846680e-01
9.068185091018676758e-01
9.060105085372924805e-01
9.058008193969726562e-01
9.072875380516052246e-01
9.072976708412170410e-01
9.068886637687683105e-01
9.069584012031555176e-01
9.074671268463134766e-01
9.074072241783142090e-01
9.060304760932922363e-01
9.065892100334167480e-01
9.059007763862609863e-01
