8.723854273557662964e-02
5.969370901584625244e-02
5.108625814318656921e-02
4.597584903240203857e-02
4.289596155285835266e-02
3.962811827659606934e-02
3.687426075339317322e-02
3.520788624882698059e-02
3.352375328540802002e-02
3.113420121371746063e-02
2.973538264632225037e-02
2.849462255835533142e-02
2.713775448501110077e-02
2.534114383161067963e-02
2.471805363893508911e-02
2.331782691180706024e-02
2.190817520022392273e-02
2.058376371860504150e-02
1.971931010484695435e-02
1.900637522339820862e-02
1.836827956140041351e-02
1.697666011750698090e-02
1.664871349930763245e-02
1.591900363564491272e-02
1.548951398581266403e-02
1.500986423343420029e-02
1.397057902067899704e-02
1.360244862735271454e-02
1.337732560932636261e-02
1.351274456828832626e-02
1.257846783846616745e-02
1.213878020644187927e-02
1.188272051513195038e-02
1.137342210859060287e-02
1.111460570245981216e-02
1.080117840319871902e-02
1.052158419042825699e-02
1.012360211461782455e-02
1.003857329487800598e-02
9.939817711710929871e-03
9.918552823364734650e-03
9.588057175278663635e-03
9.588534943759441376e-03
8.989018388092517853e-03
9.294878691434860229e-03
9.098960086703300476e-03
8.716125972568988800e-03
8.689740672707557678e-03
8.346251212060451508e-03
8.562480099499225616e-03
8.297657594084739685e-03
8.002142421901226044e-03
8.169358596205711365e-03
8.240081369876861572e-03
7.972083985805511475e-03
7.899438031017780304e-03
7.708230055868625641e-03
7.734990213066339493e-03
7.358936592936515808e-03
7.336291950196027756e-03
7.398200221359729767e-03
7.485153153538703918e-03
7.327994331717491150e-03
7.162090856581926346e-03
7.318747695535421371e-03
7.076563313603401184e-03
6.899013649672269821e-03
7.143219467252492905e-03
6.830392405390739441e-03
6.880555301904678345e-03
7.101756520569324493e-03
1.489377673715353012e-02
1.466650981456041336e-02
1.435417868196964264e-02
1.404668670147657394e-02
1.373896282166242599e-02
1.349584944546222687e-02
1.332614477723836899e-02
1.317931991070508957e-02
1.274866797029972076e-02
1.274289935827255249e-02
1.257997099310159683e-02
1.237190701067447662e-02
1.227411907166242599e-02
1.205931603908538818e-02
1.174544170498847961e-02
1.163028273731470108e-02
1.155722234398126602e-02
1.177718676626682281e-02
1.135364454239606857e-02
1.133858226239681244e-02
1.117188204079866409e-02
1.099246647208929062e-02
1.092446316033601761e-02
1.082860771566629410e-02
1.073464006185531616e-02
1.043334789574146271e-02
1.047325879335403442e-02
1.036782469600439072e-02
1.040332857519388199e-02
1.014477014541625977e-02
1.000176835805177689e-02
1.008896809071302414e-02
9.976405650377273560e-03
9.900462813675403595e-03
9.743924252688884735e-03
9.781105443835258484e-03
9.784879162907600403e-03
9.389072656631469727e-03
9.447712451219558716e-03
9.373003616929054260e-03
9.439107961952686310e-03
9.131709113717079163e-03
9.056994691491127014e-03
9.271557442843914032e-03
9.144820272922515869e-03
9.381122887134552002e-03
