5.310763716697692871e-01
5.402082800865173340e-01
5.487499833106994629e-01
5.522569417953491211e-01
5.527430176734924316e-01
5.509374737739562988e-01
5.542708039283752441e-01
5.583332777023315430e-01
5.591666698455810547e-01
5.543403029441833496e-01
5.590624809265136719e-01
5.611457824707031250e-01
5.592361092567443848e-01
5.570138692855834961e-01
5.653124451637268066e-01
5.670834183692932129e-01
5.682290792465209961e-01
5.625001192092895508e-01
5.688887834548950195e-01
5.673958063125610352e-01
5.669792294502258301e-01
5.719444155693054199e-01
5.725347995758056641e-01
5.709027051925659180e-01
5.698263645172119141e-01
5.730207562446594238e-01
5.685417056083679199e-01
5.570486187934875488e-01
5.611111521720886230e-01
5.826388001441955566e-01
5.883333683013916016e-01
5.915278196334838867e-01
5.921527743339538574e-01
5.981596112251281738e-01
5.921874642372131348e-01
5.958333015441894531e-01
5.966319441795349121e-01
5.985416173934936523e-01
6.007639169692993164e-01
5.996527671813964844e-01
6.051042079925537109e-01
6.081250309944152832e-01
6.091667413711547852e-01
6.042708754539489746e-01
6.142709255218505859e-01
6.142362356185913086e-01
6.098957657814025879e-01
6.087847352027893066e-01
6.139582991600036621e-01
6.112846732139587402e-01
6.064583063125610352e-01
6.161111593246459961e-01
6.120833754539489746e-01
6.072915792465209961e-01
6.103819012641906738e-01
6.114929914474487305e-01
6.061806678771972656e-01
6.115278601646423340e-01
6.141666173934936523e-01
6.105902791023254395e-01
6.123957633972167969e-01
5.950347781181335449e-01
6.071873307228088379e-01
6.066667437553405762e-01
6.154513359069824219e-01
6.236806511878967285e-01
6.193055510520935059e-01
6.339236497879028320e-01
6.265277266502380371e-01
6.312152743339538574e-01
6.333332657814025879e-01
6.365277767181396484e-01
6.430903673171997070e-01
6.383332610130310059e-01
6.467013359069824219e-01
6.474999189376831055e-01
6.479167938232421875e-01
6.520487070083618164e-01
6.484721899032592773e-01
6.449304819107055664e-01
6.507639288902282715e-01
6.456943750381469727e-01
6.453818678855895996e-01
6.540624499320983887e-01
6.528124809265136719e-01
6.550346612930297852e-01
6.518055796623229980e-01
6.485763788223266602e-01
6.552083492279052734e-01
6.562846899032592773e-01
6.524652838706970215e-01
6.615278720855712891e-01
6.575693488121032715e-01
6.540971994400024414e-01
6.513194441795349121e-01
6.564930081367492676e-01
6.538541316986083984e-01
6.546180844306945801e-01
6.604514122009277344e-01
6.603820323944091797e-01
6.638195514678955078e-01
6.612151861190795898e-01
6.595832109451293945e-01
6.622222661972045898e-01
6.611111164093017578e-01
6.584374904632568359e-01
6.605902910232543945e-01
6.686458587646484375e-01
6.636111736297607422e-01
6.540277004241943359e-01
6.705903410911560059e-01
6.790277957916259766e-01
6.854512691497802734e-01
6.857292056083679199e-01
6.911110877990722656e-01
6.967013478279113770e-01
7.002778053283691406e-01
7.023612856864929199e-01
7.028819322586059570e-01
7.065277099609375000e-01
7.075347304344177246e-01
7.120137810707092285e-01
7.091319561004638672e-01
7.173957824707031250e-01
7.233334183692932129e-01
7.173612117767333984e-01
7.180208563804626465e-01
7.206597328186035156e-01
7.243402004241943359e-01
7.181944251060485840e-01
7.234721183776855469e-01
7.194792032241821289e-01
7.188889384269714355e-01
7.264583110809326172e-01
7.190971970558166504e-01
7.235069870948791504e-01
7.247568368911743164e-01
7.234027385711669922e-01
7.293403744697570801e-01
7.252083420753479004e-01
7.240276932716369629e-01
7.255555987358093262e-01
7.259722352027893066e-01
7.251734733581542969e-01
7.236458063125610352e-01
7.307986617088317871e-01
7.294790744781494141e-01
7.304166555404663086e-01
7.252777814865112305e-01
7.272568345069885254e-01
7.311109900474548340e-01
7.263889312744140625e-01
7.276041507720947266e-01
7.227777242660522461e-01
7.338194847106933594e-01
7.231249809265136719e-01
7.265625000000000000e-01
7.263194918632507324e-01
7.291318774223327637e-01
7.286805510520935059e-01
7.279166579246520996e-01
7.321527600288391113e-01
7.290971875190734863e-01
7.317360639572143555e-01
7.327082753181457520e-01
7.292361259460449219e-01
7.271180748939514160e-01
7.372916936874389648e-01
7.357292175292968750e-01
