4.795229807496070862e-02
4.525460302829742432e-02
4.374291747808456421e-02
4.223608598113059998e-02
4.139585420489311218e-02
4.138037189841270447e-02
4.137387871742248535e-02
4.008647799491882324e-02
3.915585577487945557e-02
3.945712745189666748e-02
3.959163278341293335e-02
3.893394768238067627e-02
3.867338597774505615e-02
3.933398425579071045e-02
3.883476182818412781e-02
3.849642351269721985e-02
3.795734792947769165e-02
3.783367946743965149e-02
3.825838491320610046e-02
3.776875138282775879e-02
3.749204799532890320e-02
3.705754131078720093e-02
3.742693737149238586e-02
3.811049833893775940e-02
3.705769404768943787e-02
3.734388947486877441e-02
3.707262873649597168e-02
3.819810226559638977e-02
5.122021585702896118e-02
4.519405215978622437e-02
4.395381361246109009e-02
4.235121607780456543e-02
4.109800979495048523e-02
3.966123610734939575e-02
4.039417207241058350e-02
3.946295008063316345e-02
3.900841623544692993e-02
3.924186155200004578e-02
3.937519714236259460e-02
3.794985264539718628e-02
3.775098174810409546e-02
3.696307167410850525e-02
3.628460317850112915e-02
3.672854974865913391e-02
3.584655374288558960e-02
3.574851155281066895e-02
3.618792444467544556e-02
3.648594766855239868e-02
3.545964136719703674e-02
3.495145961642265320e-02
3.589714318513870239e-02
3.499126434326171875e-02
3.490041941404342651e-02
3.558935225009918213e-02
3.500602394342422485e-02
3.486122563481330872e-02
3.476565703749656677e-02
3.443381935358047485e-02
3.417180478572845459e-02
3.477675095200538635e-02
3.508403152227401733e-02
5.039385706186294556e-02
4.664074257016181946e-02
4.613145813345909119e-02
4.483982548117637634e-02
4.355243593454360962e-02
4.263793304562568665e-02
4.177882149815559387e-02
4.075558483600616455e-02
4.028998687863349915e-02
4.086682200431823730e-02
3.841710463166236877e-02
3.770797327160835266e-02
3.894012048840522766e-02
3.767523169517517090e-02
3.723346814513206482e-02
3.763483464717864990e-02
3.589294850826263428e-02
3.682396560907363892e-02
3.638277202844619751e-02
3.535600379109382629e-02
3.653659671545028687e-02
3.613996878266334534e-02
3.649656847119331360e-02
3.551863133907318115e-02
3.525848686695098877e-02
3.502768650650978088e-02
3.606990352272987366e-02
3.461171686649322510e-02
3.576798737049102783e-02
3.448635339736938477e-02
3.435843810439109802e-02
3.465011715888977051e-02
3.503048047423362732e-02
3.488237783312797546e-02
3.494841232895851135e-02
3.399123251438140869e-02
3.370140120387077332e-02
3.391119837760925293e-02
3.373380005359649658e-02
3.408113121986389160e-02
3.317099437117576599e-02
3.355726227164268494e-02
3.310392051935195923e-02
3.225308284163475037e-02
3.339139372110366821e-02
3.288449719548225403e-02
3.207778930664062500e-02
3.348333761096000671e-02
5.043199658393859863e-02
4.742420837283134460e-02
4.372137039899826050e-02
4.307860881090164185e-02
4.140344634652137756e-02
4.111759737133979797e-02
3.948923945426940918e-02
3.903007507324218750e-02
3.828651458024978638e-02
3.780184686183929443e-02
3.768429532647132874e-02
3.703176602721214294e-02
3.691446036100387573e-02
3.653239831328392029e-02
3.591668978333473206e-02
3.539109602570533752e-02
3.515818342566490173e-02
3.535544872283935547e-02
3.512967005372047424e-02
3.507382050156593323e-02
3.499430045485496521e-02
3.432420268654823303e-02
3.426288068294525146e-02
3.449209034442901611e-02
3.421350941061973572e-02
3.397361934185028076e-02
3.382108360528945923e-02
3.399784862995147705e-02
3.386189416050910950e-02
3.367871046066284180e-02
3.295403346419334412e-02
3.311068192124366760e-02
3.356479853391647339e-02
3.328823670744895935e-02
3.254770115017890930e-02
3.320788219571113586e-02
3.253002464771270752e-02
3.259280323982238770e-02
3.201889991760253906e-02
3.247833251953125000e-02
3.215520083904266357e-02
3.217523917555809021e-02
3.174304589629173279e-02
3.218759223818778992e-02
3.262744098901748657e-02
3.240588307380676270e-02
3.326379135251045227e-02
3.322524577379226685e-02
3.236965462565422058e-02
3.266054019331932068e-02
3.206239640712738037e-02
3.187225759029388428e-02
3.182177990674972534e-02
3.231512010097503662e-02
3.170841187238693237e-02
3.131703659892082214e-02
3.143857419490814209e-02
3.138225153088569641e-02
3.125951439142227173e-02
3.174841031432151794e-02
