2.159904710000000705e+01
4.371434390000013082e+01
6.574666210000009414e+01
8.705997890000003281e+01
1.106412858000001052e+02
1.313355651000001671e+02
1.513328578000000562e+02
1.746589507999999569e+02
1.958295462000000953e+02
2.165679460999999719e+02
2.385030338999999913e+02
2.600169826000001194e+02
2.806163550999999643e+02
3.038014689999999973e+02
3.255194602999999915e+02
3.484557405000000472e+02
3.713712121999999454e+02
3.929292245999999977e+02
4.150568912000001092e+02
4.362219893999999840e+02
4.574178706000000147e+02
4.804344757000001209e+02
5.028318148000000747e+02
5.230417812000000595e+02
5.447411915000000135e+02
5.663937074000000393e+02
5.868968999000001077e+02
6.097379455000000235e+02
6.290652222000001075e+02
6.518952080000001388e+02
6.755379748999998810e+02
6.956713187999998809e+02
7.181750293999998576e+02
7.389630059999999503e+02
7.596945107999999891e+02
7.820062416000000667e+02
8.050144955999999183e+02
8.257176512000000912e+02
8.498545489000002817e+02
8.704458706000000348e+02
8.921629434999999830e+02
9.147129064999999173e+02
9.372464785000001939e+02
9.594170723000001999e+02
9.816498990000000049e+02
1.003398597100000188e+03
1.024014933200000087e+03
1.044957361199999923e+03
1.067684418199999982e+03
1.089927921299999980e+03
1.111557959600000231e+03
1.133731034500000078e+03
1.154250769400000081e+03
1.176658389799999895e+03
1.198001830499999869e+03
1.219151863300000059e+03
1.242911402799999905e+03
1.265149521299999833e+03
1.286953523799999857e+03
1.309136067500000081e+03
1.330982479900000271e+03
1.351691127999999935e+03
1.374668984200000068e+03
1.397002822500000093e+03
1.417942075299999942e+03
1.439746207499999855e+03
1.461494847400000253e+03
1.482785648699999911e+03
1.505431711199999882e+03
1.527548145400000067e+03
1.547453986999999870e+03
1.570000307600000269e+03
1.591156561700000111e+03
1.610827377699999943e+03
1.632411045599999852e+03
1.652807141400000091e+03
1.672513480900000104e+03
1.695586464900000010e+03
1.717737984899999901e+03
1.738679048999999850e+03
1.761676500999999917e+03
1.785145779100000254e+03
1.809156987100000151e+03
1.834025238400000035e+03
1.856408127000000150e+03
1.877266341699999884e+03
1.898592511899999863e+03
1.919605645699999968e+03
1.942550596200000200e+03
1.964537234500000068e+03
1.985492031000000225e+03
2.007016118500000175e+03
2.029557691900000009e+03
2.049431155600000238e+03
2.070359249900000123e+03
2.092018431999999848e+03
2.112913106500000140e+03
2.134798762200000056e+03
2.155693059300000186e+03
2.177185748200000035e+03
2.198743476999999984e+03
2.223316515299999992e+03
2.245630729699999847e+03
2.266584445200000118e+03
2.288900954100000035e+03
2.313573115700000017e+03
2.334865304299999934e+03
2.358312989699999889e+03
2.380506745300000148e+03
2.401374761399999898e+03
2.423326924899999995e+03
2.446240309600000273e+03
2.468682745500000237e+03
2.491613624699999946e+03
2.513438763200000267e+03
2.534441477200000008e+03
2.556146326399999907e+03
2.576938700799999879e+03
2.598254858199999944e+03
2.620520930099999987e+03
2.640805611300000237e+03
2.661571973800000251e+03
2.683334809899999982e+03
2.705017676800000118e+03
2.726622006999999940e+03
2.748908855900000162e+03
2.772656525700000202e+03
2.794007003700000496e+03
2.815141150899999957e+03
2.836855958199999804e+03
2.856716076200000316e+03
2.878822665200000301e+03
2.899612955700000384e+03
2.920239733499999602e+03
2.941791267900000094e+03
2.962370973199999753e+03
2.982180060100000446e+03
3.004858215399999608e+03
3.025952282999999625e+03
3.046343159300000480e+03
3.068932173700000021e+03
3.089162851199999750e+03
3.111786259299999983e+03
3.133541335099999742e+03
3.155252711600000112e+03
3.176998196900000039e+03
3.200205669500000113e+03
3.222344835800000510e+03
3.243734286500000053e+03
3.265997476499999721e+03
3.287085087399999793e+03
3.307450853500000449e+03
3.328991169900000386e+03
3.349960194899999806e+03
3.371156427500000063e+03
3.392781780700000127e+03
3.413266411599999628e+03
3.435126875799999652e+03
3.457537248300000101e+03
3.479842057300000306e+03
3.499865031399999680e+03
3.523083408499999678e+03
3.544458314499999688e+03
3.566319508100000348e+03
3.590093805800000155e+03
3.610765446899999915e+03
3.632277053699999669e+03
3.653459868599999936e+03
3.674493115399999624e+03
