7.438401579856872559e-01
7.764089107513427734e-01
7.919670939445495605e-01
8.022670149803161621e-01
8.155381679534912109e-01
8.250533342361450195e-01
8.363715410232543945e-01
8.434829115867614746e-01
8.502603769302368164e-01
8.604600429534912109e-01
8.661692142486572266e-01
8.734307885169982910e-01
8.770700097084045410e-01
8.821448683738708496e-01
8.868356347084045410e-01
8.908419013023376465e-01
8.925781250000000000e-01
8.961171507835388184e-01
8.978031873703002930e-01
9.012253284454345703e-01
9.025107622146606445e-01
9.060996770858764648e-01
9.078024625778198242e-01
9.088376164436340332e-01
9.101395010948181152e-01
9.111078977584838867e-01
9.115417003631591797e-01
9.140624403953552246e-01
9.148805141448974609e-01
9.171172380447387695e-01
9.182191491127014160e-01
9.196046590805053711e-01
9.205563068389892578e-01
9.213742017745971680e-01
9.235776662826538086e-01
9.245291948318481445e-01
9.251134395599365234e-01
9.252970218658447266e-01
9.265658259391784668e-01
9.272168874740600586e-01
9.277511239051818848e-01
9.285523891448974609e-01
9.292868375778198242e-01
9.298711419105529785e-01
9.316073060035705566e-01
9.306890964508056641e-01
9.298043847084045410e-01
9.315572381019592285e-01
9.338608384132385254e-01
9.337440133094787598e-01
9.343115687370300293e-01
9.340612888336181641e-01
9.346787929534912109e-01
9.355968236923217773e-01
9.353465437889099121e-01
9.371495842933654785e-01
9.375166296958923340e-01
9.367989301681518555e-01
9.375000596046447754e-01
9.382178187370300293e-01
9.383847117424011230e-01
9.375500082969665527e-01
9.392861723899841309e-01
9.390357732772827148e-01
9.375500082969665527e-01
9.399706721305847168e-01
9.398871064186096191e-01
9.401541948318481445e-01
9.404881596565246582e-01
9.412726759910583496e-01
9.417067170143127441e-01
9.404881596565246582e-01
9.414396286010742188e-01
9.425579905509948730e-01
9.424912929534912109e-01
9.416233301162719727e-01
9.435597062110900879e-01
9.443943500518798828e-01
9.437934160232543945e-01
9.428085684776306152e-01
9.426248073577880859e-01
9.437599778175354004e-01
9.462306499481201172e-01
9.449285864830017090e-01
9.440437555313110352e-01
9.452456831932067871e-01
9.446780681610107422e-01
9.445611238479614258e-01
9.451789259910583496e-01
9.451121687889099121e-01
9.466480016708374023e-01
9.459134340286254883e-01
9.455128908157348633e-01
9.460303187370300293e-01
9.461972117424011230e-01
9.459635615348815918e-01
9.468816518783569336e-01
9.460470676422119141e-01
9.470987319946289062e-01
9.473658204078674316e-01
9.152839183807373047e-01
9.145974516868591309e-01
9.159299135208129883e-01
9.163436889648437500e-01
9.177868962287902832e-01
9.177417159080505371e-01
9.183019399642944336e-01
9.190388321876525879e-01
9.194272160530090332e-01
9.192607998847961426e-01
9.195938706398010254e-01
9.205527305603027344e-01
9.208354353904724121e-01
9.194777607917785645e-01
9.215974211692810059e-01
9.205779433250427246e-01
9.216530323028564453e-01
9.223342537879943848e-01
9.210221171379089355e-01
9.219759702682495117e-01
9.224756956100463867e-01
9.233236312866210938e-01
9.228691458702087402e-01
9.218044877052307129e-01
9.232628345489501953e-01
9.227076768875122070e-01
9.229145646095275879e-01
9.229651093482971191e-01
9.230660796165466309e-01
9.234998822212219238e-01
9.235303401947021484e-01
9.236869812011718750e-01
9.233636856079101562e-01
9.237071275711059570e-01
9.239088296890258789e-01
9.237018823623657227e-01
9.240553379058837891e-01
9.242266416549682617e-01
9.241914153099060059e-01
9.241563677787780762e-01
9.240249991416931152e-01
9.239745736122131348e-01
9.250696897506713867e-01
9.250293374061584473e-01
9.252713918685913086e-01
9.255541563034057617e-01
9.242519736289978027e-01
9.253725409507751465e-01
9.260891079902648926e-01
9.254582524299621582e-01
9.250240921974182129e-01
9.255186319351196289e-01
9.261042475700378418e-01
9.256450533866882324e-01
9.265484213829040527e-01
9.262706041336059570e-01
9.246406555175781250e-01
9.263415932655334473e-01
9.244338870048522949e-01
9.254128932952880859e-01
9.266744256019592285e-01
9.264121055603027344e-01
9.258166551589965820e-01
9.265836477279663086e-01
9.256753325462341309e-01
9.260185360908508301e-01
9.268562793731689453e-01
9.271287322044372559e-01
9.258973598480224609e-01
9.259276390075683594e-01
9.269874691963195801e-01
9.267098307609558105e-01
9.272651076316833496e-01
9.268662929534912109e-01
9.265988469123840332e-01
9.266946315765380859e-01
9.263060688972473145e-01
9.270427823066711426e-01
9.276486039161682129e-01
9.270278811454772949e-01
9.273658394813537598e-01
9.275372624397277832e-01
9.280169010162353516e-01
9.271945357322692871e-01
9.275525212287902832e-01
9.273961782455444336e-01
9.273356199264526367e-01
9.273760318756103516e-01
9.273207187652587891e-01
9.271538257598876953e-01
9.271589517593383789e-01
9.284864068031311035e-01
9.277445673942565918e-01
9.279866814613342285e-01
9.285266995429992676e-01
9.282542467117309570e-01
9.278303384780883789e-01
9.281632900238037109e-01
9.293494224548339844e-01
9.280371665954589844e-01
