2.242653410000093572e+01
4.204038419999960752e+01
6.241297320000012405e+01
8.280100959999981569e+01
1.013981713000011950e+02
1.202623275000005378e+02
1.419152978000001895e+02
1.617065034000006563e+02
1.809063942000011593e+02
2.014805267000010645e+02
2.213587459999998828e+02
2.413843711999998050e+02
2.618088748999998643e+02
2.826043645000008837e+02
3.024222194000012678e+02
3.226601301000009698e+02
3.410519340000009834e+02
3.618822481000006519e+02
3.816559704999999667e+02
4.021036342999996123e+02
4.224374681999997847e+02
4.426270412000012584e+02
4.625224783000012394e+02
4.827130667000001267e+02
5.030660784000010608e+02
5.227991715999996813e+02
5.426332175999996252e+02
5.631771684000013920e+02
5.841878197000005457e+02
6.031464339000012842e+02
6.247280895000003511e+02
6.425985233000010339e+02
6.647325945000011416e+02
6.852380709999997634e+02
7.053217917000001762e+02
7.254352103000001080e+02
7.442170396000001347e+02
7.651973441000009188e+02
7.856232352000006358e+02
8.060859255000013945e+02
8.238998781999998755e+02
8.458472823000010976e+02
8.673414893999997730e+02
8.852867129000005662e+02
9.068853928999997152e+02
9.271590579000003345e+02
9.469047886999996990e+02
9.668863302000008844e+02
9.876738910000003671e+02
1.008074128800000835e+03
1.028138694100000066e+03
1.048583735400001387e+03
1.069209847600001012e+03
1.089899306900000738e+03
1.110899469199999658e+03
1.131609624200000326e+03
1.150927582399999665e+03
1.173875729200000933e+03
1.194370156700000734e+03
1.215359287299999778e+03
1.235731888000000254e+03
1.256381144500001028e+03
1.276951308100000460e+03
1.297581175000001167e+03
1.318382462499999747e+03
1.337685781000000134e+03
1.359633600500001194e+03
1.380736554600000090e+03
1.401814706000001024e+03
1.422903103599999667e+03
1.443567653000000064e+03
1.464462744300000850e+03
1.483799670800000968e+03
1.506485710400000244e+03
1.525801269600000523e+03
1.547699026399999639e+03
1.565357926500000758e+03
1.588271857100000489e+03
1.609538241500000368e+03
1.630330653300001359e+03
1.650987165800001094e+03
1.669938581100001102e+03
1.692417927700000291e+03
1.712856094200000371e+03
1.733732207700000799e+03
1.754561588399999891e+03
1.775613504300001296e+03
1.798121907599999759e+03
1.818602284100001270e+03
1.839411028200000146e+03
1.860558385600001202e+03
1.881158559999999852e+03
1.901518937800001368e+03
1.923202240000000529e+03
1.943766422400000010e+03
1.964321278200000961e+03
1.983755581800000073e+03
2.003325278500000422e+03
2.026381809700000304e+03
2.047726590899999792e+03
2.093261914800001250e+03
2.141430182100000820e+03
2.189112707000000228e+03
2.234799447999999757e+03
2.281911069300000236e+03
2.326210040100000697e+03
2.376521408200000224e+03
2.424973824800001239e+03
2.473487805000000662e+03
2.520566116100000727e+03
2.565566192199999932e+03
2.612542160300001342e+03
2.661688494300000457e+03
2.708079765000000407e+03
2.759427298000000519e+03
2.805427615200000218e+03
2.853514793100001043e+03
2.902147518600000694e+03
2.949777976800000033e+03
2.998141104300000734e+03
3.047758129400001053e+03
3.095282549800000197e+03
3.143068705300000147e+03
3.188843416100000468e+03
3.235018628499999977e+03
3.285855048700001134e+03
3.336922874900001261e+03
3.386180664500001512e+03
3.434929992800001855e+03
3.484027659900000799e+03
3.532714888100001190e+03
3.581583013299999948e+03
3.631691373499999827e+03
3.681487800000000789e+03
3.728449176600001010e+03
3.779242595400000937e+03
3.828723065600001064e+03
3.877465394000000742e+03
3.927761249199998929e+03
3.977645915800001603e+03
4.026874488100000235e+03
4.078004863600001045e+03
4.127366670000001250e+03
4.176942941300001621e+03
4.227766107100002046e+03
4.276747190500000215e+03
4.328072709300000497e+03
4.378526709399999163e+03
4.428584728100000575e+03
4.478290244599998914e+03
4.527807386999998926e+03
4.575341281200000594e+03
4.629504539700001260e+03
4.680919302399999651e+03
4.732070102200001202e+03
4.782408829500001957e+03
4.833475866499999029e+03
4.883929865000000063e+03
4.935149146599998858e+03
4.987206862100001672e+03
5.035944830900001762e+03
5.089476363800002218e+03
5.141979795699999158e+03
5.193149981700002172e+03
5.241432361900000615e+03
5.295167527600000540e+03
5.343598797600001490e+03
5.398151727700000265e+03
5.451459025800000745e+03
5.500793164100001377e+03
5.548665381600001638e+03
5.604560655899998892e+03
5.658420886500001870e+03
5.710171849100001054e+03
5.764295209199999590e+03
5.815319067000002178e+03
5.866521147500001462e+03
5.921137504299998909e+03
5.972830386899999212e+03
6.026046108000000459e+03
6.078154907699999967e+03
6.130883071999998720e+03
6.183745423300000766e+03
6.235844325799998842e+03
6.288863827800001673e+03
6.342259300600000643e+03
6.395917888400001175e+03
6.449361660799999299e+03
6.501728385899999921e+03
6.555796827100000883e+03
6.608514849400000458e+03
6.659166151899999022e+03
6.714050419699999111e+03
6.769483253600001262e+03
6.822928858100001889e+03
6.877864809500000774e+03
6.931282624199999191e+03
6.985557498899999700e+03
7.040539803699999538e+03
7.096032727399999203e+03
