7.503232000000025437e+00
1.410548960000005536e+01
2.071930430000020351e+01
2.727393490000031306e+01
3.383923540000023422e+01
4.066246480000017982e+01
4.738922730000012962e+01
5.411684250000007523e+01
6.112117200000011508e+01
6.776224400000000969e+01
7.441433870000037132e+01
9.282441030000018145e+01
1.112623522000003504e+02
1.295719345000002249e+02
1.478513721000003898e+02
1.660186214000000291e+02
1.846344874000001255e+02
2.030457774000001336e+02
2.212604440000000068e+02
2.396618677000001298e+02
