1.965820979999989504e+01
3.872178830000029848e+01
5.732149170000047889e+01
7.546852409999974043e+01
9.458913360000042303e+01
1.131159256000000823e+02
1.312333939999998620e+02
1.503413173999997525e+02
1.688200240000005579e+02
1.869589277000004586e+02
2.061457851000004666e+02
2.246381052000006093e+02
2.428436108000005333e+02
2.620050149999997302e+02
2.805415471000005709e+02
2.986914630000001125e+02
3.179112154000004011e+02
3.364588057000000845e+02
3.548074339000004329e+02
3.740687930000003689e+02
3.927099511000005805e+02
4.111715271000002758e+02
4.305760603999997329e+02
4.495972247999998217e+02
4.680956507000000784e+02
4.874587890000002517e+02
5.060233421000002636e+02
5.244718527000004542e+02
5.438246065000003000e+02
5.626049075000000812e+02
5.809018776000002617e+02
6.003229540000002089e+02
6.190395612000002075e+02
6.373666509000004226e+02
6.565993178999997326e+02
6.753428180999999313e+02
6.942493524999999863e+02
7.135111888999999792e+02
7.323639100999998846e+02
7.508414633000002141e+02
7.703033928000004380e+02
7.891176952000005258e+02
8.077072324000000663e+02
8.271908370000001014e+02
8.459416638000002422e+02
8.645382408000004943e+02
8.839822553000003609e+02
9.028175109000003431e+02
9.215097022999998444e+02
9.411811512000003859e+02
9.600139429999999265e+02
9.785610922000005303e+02
9.978811700000005658e+02
1.016894197399999939e+03
1.035820561800000178e+03
1.055265866400000050e+03
1.074590083900000536e+03
1.093271860400000151e+03
1.112993510899999819e+03
1.132078184900000451e+03
1.150995495300000584e+03
1.170533873600000334e+03
1.189497857199999999e+03
1.208203573599999800e+03
1.227828400600000350e+03
1.246836534199999733e+03
1.265577485599999818e+03
1.285256010600000081e+03
1.304129037100000460e+03
1.322894468899999993e+03
1.342369624400000248e+03
1.361535235800000009e+03
1.380382221300000310e+03
1.399905907299999853e+03
1.418887232300000505e+03
1.437780617299999903e+03
1.457513248299999759e+03
1.476688181700000314e+03
1.495701435300000412e+03
1.515601446399999986e+03
1.535005957999999737e+03
1.553962148300000081e+03
1.573721106500000133e+03
1.593040201200000411e+03
1.612093691099999887e+03
1.631917882800000370e+03
1.651654289500000232e+03
1.670670783800000208e+03
1.690472209900000053e+03
1.710216453000000001e+03
1.729296947700000601e+03
1.749142591599999832e+03
1.769073211500000070e+03
1.788331933800000115e+03
1.808300716599999760e+03
1.828114419000000453e+03
1.847365432600000531e+03
1.867460897800000566e+03
1.887224595700000464e+03
1.906442332000000533e+03
1.926546308300000419e+03
1.946184221999999863e+03
1.965543109500000355e+03
1.985651184299999841e+03
2.005437960000000203e+03
2.024651668399999835e+03
2.045174679499999911e+03
2.065102120900000045e+03
2.084438534200000504e+03
2.104583637800000361e+03
2.124601473800000349e+03
2.144146710600000006e+03
2.164549721800000043e+03
2.184533106599999883e+03
2.204132549800000561e+03
2.224523974100000487e+03
2.244593858000000182e+03
2.264177672400000120e+03
2.284435329300000376e+03
2.304401056499999868e+03
2.323744010999999773e+03
2.344029548600000453e+03
2.364100931099999798e+03
2.383644177099999979e+03
2.403945281899999827e+03
2.423909996200000023e+03
2.443362032500000169e+03
2.463599388100000397e+03
2.483308391700000357e+03
2.502615224699999999e+03
2.522875556599999982e+03
2.543114364000000023e+03
2.562496625499999936e+03
2.582648090499999853e+03
2.602325498799999878e+03
2.621544173700000101e+03
2.641917446000000382e+03
