5.454545468091964722e-02
5.927272886037826538e-02
5.854545533657073975e-02
7.999999821186065674e-02
1.010909080505371094e-01
1.505454480648040771e-01
3.010908961296081543e-01
4.229090809822082520e-01
5.578181743621826172e-01
6.723636388778686523e-01
7.258181571960449219e-01
7.821817994117736816e-01
8.043636083602905273e-01
8.134545683860778809e-01
8.283636569976806641e-01
8.312727212905883789e-01
8.410909175872802734e-01
8.479999899864196777e-01
8.439999818801879883e-01
8.556363582611083984e-01
8.658182024955749512e-01
8.563636541366577148e-01
8.621818423271179199e-01
8.701817989349365234e-01
8.621818423271179199e-01
8.687272667884826660e-01
8.719999790191650391e-01
8.716363906860351562e-01
8.745454549789428711e-01
8.792726993560791016e-01
8.789091110229492188e-01
8.829091191291809082e-01
8.825454711914062500e-01
8.843636512756347656e-01
8.836363554000854492e-01
8.796363472938537598e-01
8.858181834220886230e-01
8.825454711914062500e-01
8.832727074623107910e-01
8.869090676307678223e-01
8.872727155685424805e-01
8.832727074623107910e-01
8.840000033378601074e-01
8.789091110229492188e-01
8.836363554000854492e-01
8.880000114440917969e-01
8.887272477149963379e-01
8.901818394660949707e-01
8.927272558212280273e-01
8.883636593818664551e-01
8.909090757369995117e-01
8.930909037590026855e-01
8.941818475723266602e-01
8.996363878250122070e-01
8.883636593818664551e-01
8.956363797187805176e-01
7.796571254730224609e-01
7.933714389801025391e-01
7.960000038146972656e-01
7.966856956481933594e-01
7.978285551071166992e-01
7.939428687095642090e-01
8.015999794006347656e-01
8.034285902976989746e-01
8.000000119209289551e-01
8.038856983184814453e-01
8.053714036941528320e-01
