2.857898771762847900e-01
2.773004770278930664e-01
2.676461935043334961e-01
2.565972208976745605e-01
2.435269653797149658e-01
2.289453595876693726e-01
2.114167511463165283e-01
1.963312923908233643e-01
1.799369454383850098e-01
1.649683862924575806e-01
1.501434147357940674e-01
1.351124048233032227e-01
1.208871826529502869e-01
1.088810563087463379e-01
9.694053977727890015e-02
8.625037223100662231e-02
7.775034010410308838e-02
6.955176591873168945e-02
6.252159923315048218e-02
5.732332915067672729e-02
5.197698995471000671e-02
4.743263497948646545e-02
4.292435944080352783e-02
3.970057517290115356e-02
3.675317391753196716e-02
3.410074859857559204e-02
3.174338117241859436e-02
2.943809330463409424e-02
2.787392586469650269e-02
2.675712108612060547e-02
2.441223151981830597e-02
2.328897640109062195e-02
2.215153165161609650e-02
2.096612565219402313e-02
1.998758316040039062e-02
1.894488185644149780e-02
1.801893301308155060e-02
1.721192151308059692e-02
1.677570678293704987e-02
1.590213179588317871e-02
1.533614844083786011e-02
1.475974731147289276e-02
1.458149403333663940e-02
1.372494362294673920e-02
1.349589508026838303e-02
1.334018260240554810e-02
1.237393170595169067e-02
1.230199355632066727e-02
1.184361707419157028e-02
1.166248414665460587e-02
1.143895182758569717e-02
1.092966273427009583e-02
1.096495520323514938e-02
1.051560603082180023e-02
1.027347147464752197e-02
9.978242218494415283e-03
1.414834614843130112e-02
1.329812314361333847e-02
1.262614317238330841e-02
1.213882118463516235e-02
1.172834169119596481e-02
1.126328296959400177e-02
1.099325623363256454e-02
1.071404200047254562e-02
1.030491013079881668e-02
1.001640222966670990e-02
9.786098264157772064e-03
