5.232371687889099121e-01
5.672409534454345703e-01
6.041666269302368164e-01
5.877404212951660156e-01
6.101762652397155762e-01
6.094417572021484375e-01
6.498397588729858398e-01
6.481035947799682617e-01
6.649305820465087891e-01
6.746795177459716797e-01
6.538461446762084961e-01
6.770833730697631836e-01
6.776843070983886719e-01
6.874332427978515625e-01
6.814236640930175781e-01
6.976495981216430664e-01
7.303018569946289062e-01
7.356437444686889648e-01
7.381811141967773438e-01
7.093349695205688477e-01
7.343082427978515625e-01
7.270299196243286133e-01
7.489984035491943359e-01
7.634882330894470215e-01
7.489984035491943359e-01
7.742388248443603516e-01
7.787126302719116211e-01
7.702323794364929199e-01
7.885283231735229492e-01
7.958066463470458984e-01
7.913995981216430664e-01
8.102296590805053711e-01
8.110977411270141602e-01
8.217815160751342773e-01
8.389422893524169922e-01
8.303285241127014160e-01
8.514957427978515625e-01
8.506276607513427734e-01
8.412793874740600586e-01
8.476228713989257812e-01
8.729300498962402344e-01
8.538328409194946289e-01
8.653845787048339844e-01
8.757345080375671387e-01
8.713274598121643066e-01
8.791399598121643066e-01
9.125934839248657227e-01
8.959001302719116211e-01
8.972355723381042480e-01
9.170005321502685547e-01
8.997061848640441895e-01
9.139289855957031250e-01
9.200720787048339844e-01
9.143295884132385254e-01
9.363648891448974609e-01
9.358306527137756348e-01
9.409722089767456055e-01
9.440438151359558105e-01
9.521901607513427734e-01
9.564636945724487305e-01
9.307558536529541016e-01
9.389022588729858398e-01
9.403045177459716797e-01
9.487847089767456055e-01
9.563968777656555176e-01
9.625400304794311523e-01
9.591345787048339844e-01
9.501202106475830078e-01
9.651442170143127441e-01
9.586671590805053711e-01
9.656116366386413574e-01
9.519230723381042480e-01
9.638755321502685547e-01
9.591345787048339844e-01
9.664129018783569336e-01
9.513888359069824219e-01
9.750267267227172852e-01
9.716212749481201172e-01
9.651442170143127441e-01
9.664796590805053711e-01
9.754273295402526855e-01
9.694176912307739258e-01
9.733573794364929199e-01
9.720886945724487305e-01
9.660122394561767578e-01
9.720218777656555176e-01
9.728899002075195312e-01
9.754941463470458984e-01
9.720886945724487305e-01
9.771634340286254883e-01
9.669470787048339844e-01
9.656116366386413574e-01
9.733573794364929199e-01
9.754273295402526855e-01
9.767628312110900879e-01
9.763621687889099121e-01
9.749599695205688477e-01
9.660790562629699707e-01
9.319444894790649414e-01
9.281250238418579102e-01
9.302083253860473633e-01
9.326389431953430176e-01
9.312499761581420898e-01
9.333333969116210938e-01
9.350694417953491211e-01
9.336805343627929688e-01
9.298611879348754883e-01
9.350694417953491211e-01
9.329861402511596680e-01
9.350694417953491211e-01
9.329860806465148926e-01
9.368055462837219238e-01
9.333332777023315430e-01
9.437500238418579102e-01
9.392361640930175781e-01
9.375000000000000000e-01
9.375000000000000000e-01
9.270833134651184082e-01
9.281250238418579102e-01
9.399305582046508789e-01
9.416667222976684570e-01
9.395834207534790039e-01
9.368055462837219238e-01
9.399305582046508789e-01
9.388889074325561523e-01
9.392361640930175781e-01
9.392361640930175781e-01
9.423611760139465332e-01
9.465277791023254395e-01
9.413194656372070312e-01
9.416667222976684570e-01
9.420139193534851074e-01
9.454861879348754883e-01
9.434027671813964844e-01
9.399305582046508789e-01
9.437500834465026855e-01
9.413194656372070312e-01
9.420139193534851074e-01
9.402777552604675293e-01
9.534721374511718750e-01
9.458333849906921387e-01
9.437500238418579102e-01
9.444444775581359863e-01
9.434027671813964844e-01
9.333332777023315430e-01
9.454861879348754883e-01
9.465277791023254395e-01
9.541665911674499512e-01
9.427083134651184082e-01
9.468749761581420898e-01
9.565971493721008301e-01
