2.847994267940521240e-01
2.668617665767669678e-01
2.511323094367980957e-01
2.482249736785888672e-01
2.435150742530822754e-01
2.362690567970275879e-01
2.306905388832092285e-01
2.158360332250595093e-01
2.187593430280685425e-01
2.140406668186187744e-01
2.145054638385772705e-01
2.082422077655792236e-01
1.983285248279571533e-01
2.016057819128036499e-01
1.950067877769470215e-01
1.939803212881088257e-01
1.873489022254943848e-01
1.831379979848861694e-01
1.806266307830810547e-01
1.773804426193237305e-01
1.750318855047225952e-01
1.758425384759902954e-01
1.688757389783859253e-01
1.650042682886123657e-01
1.650926470756530762e-01
1.588828414678573608e-01
1.545940190553665161e-01
1.556213200092315674e-01
1.511295735836029053e-01
1.494302749633789062e-01
1.411077678203582764e-01
1.391176134347915649e-01
1.418979912996292114e-01
1.345515996217727661e-01
1.269222646951675415e-01
1.268489658832550049e-01
1.219214946031570435e-01
1.220759898424148560e-01
1.161732599139213562e-01
1.182572469115257263e-01
1.096850484609603882e-01
1.119216606020927429e-01
1.079729050397872925e-01
1.055680364370346069e-01
1.012227162718772888e-01
9.958136081695556641e-02
8.900720626115798950e-02
9.143317490816116333e-02
9.010929614305496216e-02
8.194808661937713623e-02
8.752530813217163086e-02
7.950428873300552368e-02
7.531823217868804932e-02
7.973486930131912231e-02
7.128969579935073853e-02
6.762419641017913818e-02
6.519076228141784668e-02
6.307069212198257446e-02
6.062761321663856506e-02
5.864432081580162048e-02
6.205794960260391235e-02
5.717263743281364441e-02
5.613467469811439514e-02
5.150835216045379639e-02
5.144077911972999573e-02
4.650942608714103699e-02
4.615649208426475525e-02
4.796390980482101440e-02
4.380806908011436462e-02
4.269406944513320923e-02
3.804336488246917725e-02
4.188688844442367554e-02
3.920268639922142029e-02
3.854469582438468933e-02
3.733264282345771790e-02
3.937774151563644409e-02
3.138452023267745972e-02
3.027483075857162476e-02
3.342251107096672058e-02
2.953582815825939178e-02
3.028731793165206909e-02
3.204642981290817261e-02
2.741817384958267212e-02
2.589640580117702484e-02
3.069211170077323914e-02
2.643922716379165649e-02
2.569881454110145569e-02
2.276381105184555054e-02
2.495696209371089935e-02
2.162416838109493256e-02
2.501160278916358948e-02
2.207047864794731140e-02
2.032234147191047668e-02
2.122414670884609222e-02
1.922309026122093201e-02
1.854306086897850037e-02
1.970483176410198212e-02
2.171141281723976135e-02
2.812855318188667297e-02
2.662840671837329865e-02
2.555630728602409363e-02
2.417460829019546509e-02
2.274639718234539032e-02
2.294846251606941223e-02
2.150678448379039764e-02
2.123475074768066406e-02
2.044074982404708862e-02
1.978445053100585938e-02
2.022458985447883606e-02
1.863335631787776947e-02
1.998183876276016235e-02
1.777470111846923828e-02
1.916265301406383514e-02
1.721199788153171539e-02
1.589026674628257751e-02
1.732233539223670959e-02
1.592272147536277771e-02
1.521911285817623138e-02
1.498028915375471115e-02
1.457668468356132507e-02
1.509924326092004776e-02
1.399207580834627151e-02
1.497374102473258972e-02
1.415423862636089325e-02
1.397850736975669861e-02
1.406518742442131042e-02
1.407889556139707565e-02
1.345911063253879547e-02
1.275117602199316025e-02
1.218929514288902283e-02
1.358116976916790009e-02
1.170038618147373199e-02
1.079182606190443039e-02
1.286060456186532974e-02
1.179234869778156281e-02
1.179285999387502670e-02
1.171819958835840225e-02
1.164895948022603989e-02
1.225046999752521515e-02
1.102687884122133255e-02
1.091581117361783981e-02
1.102660875767469406e-02
1.118694338947534561e-02
9.756985120475292206e-03
1.017427071928977966e-02
1.053235772997140884e-02
1.069620158523321152e-02
1.038007810711860657e-02
1.047103293240070343e-02
9.985337965190410614e-03
1.070679817348718643e-02
