1.365741960000013933e+01
2.601339830000051734e+01
3.817233740000028774e+01
5.061533550000058312e+01
6.297534310000082769e+01
7.504979340000045340e+01
8.726473130000067613e+01
1.000046465000004901e+02
1.123936571000003823e+02
1.248742883000004440e+02
1.372230871000001571e+02
1.496401078000008056e+02
1.621618287000001146e+02
1.744487888000003295e+02
1.870609514000007039e+02
1.992459229000005507e+02
2.115368551000001389e+02
2.239103389000001698e+02
2.362637988000005862e+02
2.484508958000005805e+02
2.608204929000003176e+02
2.730480304000002434e+02
2.856759749000002557e+02
2.980215812000005826e+02
3.103164062000005288e+02
3.227765838000004806e+02
3.349863253000003169e+02
3.470221174000007522e+02
3.594483190000000832e+02
3.715748670000002676e+02
3.838815587000008236e+02
3.960123158000005787e+02
4.082188404000007722e+02
4.204942317000004550e+02
4.329349042000003465e+02
4.451208628000003955e+02
4.574209382000008191e+02
4.696926444000000629e+02
4.819193019000003915e+02
4.940578928000004453e+02
5.062166464000001724e+02
5.183486082000008537e+02
5.305630130000008648e+02
5.428354805000008128e+02
5.548269163000004482e+02
5.671200671000005968e+02
5.792078353000006246e+02
5.912505902000002607e+02
6.032012380000005578e+02
6.153333596000002217e+02
6.275673713000005591e+02
6.397008069000003161e+02
6.518368897000000288e+02
6.639432786000006672e+02
6.761527149000003192e+02
6.883385405000008177e+02
7.005595024000003832e+02
7.127443148000002111e+02
7.251533322000004773e+02
7.374294771000004403e+02
7.497340730000005351e+02
7.620417904000005365e+02
7.742710132000001977e+02
7.864071406000002753e+02
7.986025846000002275e+02
8.107786598000002414e+02
8.230513786000001346e+02
8.350982061000004251e+02
8.786856753000001845e+02
9.216132321000004595e+02
9.640718888000001243e+02
1.006537888400000156e+03
1.049109190000000126e+03
1.092039607900000192e+03
1.134729902700000821e+03
1.177511224200000470e+03
1.219958615200000168e+03
1.262636053700000048e+03
1.305205817600000046e+03
1.349925907600000755e+03
1.393955183500000203e+03
1.437397307500000352e+03
1.480510252500000206e+03
1.523070049900000413e+03
1.565507162300000346e+03
1.608433716200000163e+03
1.651648365900000499e+03
