2.606393396854400635e-01
2.326950728893280029e-01
2.184574007987976074e-01
2.071770727634429932e-01
1.990924924612045288e-01
1.912022531032562256e-01
1.861567348241806030e-01
1.820269823074340820e-01
1.767257899045944214e-01
1.751047074794769287e-01
1.721873879432678223e-01
1.676601618528366089e-01
1.667775213718414307e-01
1.630795150995254517e-01
1.599988788366317749e-01
1.570919156074523926e-01
1.554290652275085449e-01
1.531920582056045532e-01
1.526830643415451050e-01
1.507010757923126221e-01
1.481279879808425903e-01
1.460162252187728882e-01
1.429852396249771118e-01
1.413735598325729370e-01
1.396433115005493164e-01
1.374992281198501587e-01
1.352203637361526489e-01
1.349294781684875488e-01
1.332189291715621948e-01
1.303019970655441284e-01
1.291414946317672729e-01
1.263061910867691040e-01
1.265827417373657227e-01
1.234218403697013855e-01
1.229334548115730286e-01
1.201180145144462585e-01
1.178301423788070679e-01
1.171677932143211365e-01
1.138926818966865540e-01
1.132750138640403748e-01
1.113038584589958191e-01
1.108203008770942688e-01
1.079910621047019958e-01
1.066408231854438782e-01
1.043765246868133545e-01
1.027338504791259766e-01
1.004026085138320923e-01
1.011973842978477478e-01
9.967972338199615479e-02
9.742707014083862305e-02
9.680336713790893555e-02
9.545100480318069458e-02
9.247232228517532349e-02
8.958338201045989990e-02
8.965653926134109497e-02
8.808399736881256104e-02
8.557637780904769897e-02
8.583465963602066040e-02
8.317675441503524780e-02
8.125766366720199585e-02
7.950673252344131470e-02
7.858363538980484009e-02
7.715092599391937256e-02
7.615150511264801025e-02
7.481322437524795532e-02
7.485751807689666748e-02
7.214011996984481812e-02
7.026170939207077026e-02
6.932749599218368530e-02
6.823665648698806763e-02
6.827886402606964111e-02
6.660887598991394043e-02
6.428895145654678345e-02
6.410094350576400757e-02
6.230904534459114075e-02
6.051400303840637207e-02
6.137865409255027771e-02
6.009073555469512939e-02
5.795504897832870483e-02
5.812698975205421448e-02
5.562571808695793152e-02
5.409065261483192444e-02
5.325893685221672058e-02
5.356438085436820984e-02
5.235205590724945068e-02
5.155235156416893005e-02
5.033559352159500122e-02
4.889333993196487427e-02
4.990849271416664124e-02
4.787366092205047607e-02
4.716199263930320740e-02
4.651477187871932983e-02
4.504924267530441284e-02
4.429630562663078308e-02
4.394686594605445862e-02
4.392869770526885986e-02
4.261527955532073975e-02
4.201943054795265198e-02
4.120356589555740356e-02
4.025176540017127991e-02
6.053510680794715881e-02
5.774547904729843140e-02
5.588559433817863464e-02
5.451018735766410828e-02
5.379383638501167297e-02
5.192171782255172729e-02
5.154864490032196045e-02
5.072369053959846497e-02
4.917500913143157959e-02
4.909083992242813110e-02
4.842401295900344849e-02
4.743506386876106262e-02
4.625931009650230408e-02
4.546925798058509827e-02
4.573551192879676819e-02
4.483466595411300659e-02
4.428778216242790222e-02
4.347262158989906311e-02
4.340842366218566895e-02
4.281276464462280273e-02
4.201718419790267944e-02
4.182167723774909973e-02
3.942795470356941223e-02
4.083696752786636353e-02
4.059701785445213318e-02
3.987692296504974365e-02
3.931231424212455750e-02
3.889795765280723572e-02
4.023784399032592773e-02
3.898527100682258606e-02
3.884872421622276306e-02
3.697365894913673401e-02
3.930454328656196594e-02
3.802995756268501282e-02
3.798525035381317139e-02
3.702910244464874268e-02
3.562852367758750916e-02
3.688016533851623535e-02
3.615460544824600220e-02
3.682817891240119934e-02
3.756604343652725220e-02
