4.505348119698464870e+01
5.536426315805874765e+01
6.555136905494146049e+01
7.993068012595176697e+01
9.468994527403265238e+01
1.090558129309210926e+02
1.235777139889542013e+02
1.340991231899242848e+02
1.484624947779811919e+02
1.591783743710257113e+02
1.735448038910981268e+02
1.842124215099029243e+02
1.951427465660963207e+02
2.097758409820962697e+02
2.242904122250620276e+02
2.384741270679514855e+02
2.492820909649599344e+02
2.637776315759401768e+02
2.743204386259894818e+02
2.890155775300227106e+02
3.029660366079770029e+02
3.134631184309255332e+02
3.278110622039530426e+02
3.385426126029342413e+02
3.532217467080336064e+02
3.639983233870007098e+02
3.746582018500193954e+02
3.892275076529476792e+02
4.036011770321056247e+02
4.139446322510484606e+02
4.287040231521241367e+02
4.433058890879619867e+02
4.538128629100974649e+02
4.681279952339828014e+02
4.826707354700192809e+02
4.930680335201323032e+02
5.034047771440818906e+02
5.140442341710440814e+02
5.247445285681169480e+02
5.391251002829521894e+02
5.498767306660301983e+02
5.602496326719410717e+02
5.709675283180549741e+02
5.853610668249893934e+02
5.997666802299208939e+02
6.140715483669191599e+02
6.248639617979060858e+02
6.391205475400201976e+02
6.495056886039674282e+02
6.639241806960199028e+02
6.744618916010949761e+02
6.851409461649600416e+02
6.958528544660657644e+02
7.067511264719069004e+02
7.173881596580613405e+02
7.319514965699054301e+02
7.466410673530772328e+02
7.610024314441252500e+02
7.755635951899457723e+02
7.861074494430795312e+02
8.007376210640650243e+02
8.115592669399920851e+02
8.262598464491311461e+02
8.409105366331059486e+02
8.555656309579499066e+02
8.663739691989030689e+02
8.770124931370373815e+02
8.914815692009869963e+02
9.059009671150706708e+02
9.205540846451185644e+02
9.312800116089638323e+02
9.419136623279191554e+02
9.523476214420516044e+02
9.668257658500224352e+02
9.810299730889964849e+02
9.917083851229399443e+02
1.002228457255987450e+03
1.012903751827077940e+03
1.023469790568109602e+03
1.033982200057012960e+03
1.048718682999024168e+03
1.063540417918935418e+03
1.077988747911993414e+03
1.092546232661930844e+03
1.103064508256968111e+03
1.113514950003009290e+03
1.127981888615991920e+03
1.142651889702072367e+03
1.153208838111022487e+03
1.167637047863099724e+03
1.181991791624110192e+03
1.192405626764055341e+03
1.202752514643128961e+03
1.213077398199122399e+03
1.227744399792980403e+03
1.238459267606027424e+03
1.252782868371112272e+03
1.263290132594062015e+03
1.277688109871931374e+03
1.292215550526045263e+03
1.314604221429908648e+03
1.337472310944925994e+03
1.360268288153922185e+03
1.383025503623066470e+03
1.401980870333034545e+03
1.420703041281085461e+03
1.439611368871061131e+03
1.458477716563036665e+03
1.477206697332905605e+03
1.496217831980902702e+03
1.514734432206954807e+03
1.533227508825948462e+03
1.551787010075058788e+03
1.570788008968112990e+03
1.593942185492953286e+03
1.612906616135966033e+03
1.631744210853008553e+03
1.650812276648124680e+03
1.673596900822129101e+03
1.691869254291057587e+03
1.714948693278944120e+03
1.737972663823980838e+03
1.760895402919966727e+03
1.783952655700035393e+03
1.802911265925038606e+03
1.821906394621124491e+03
1.840767012793105096e+03
1.863484292991925031e+03
1.882295532369054854e+03
1.901414389543933794e+03
1.920431620450923219e+03
1.943563217298127711e+03
1.962173829955048859e+03
1.981063681652070954e+03
2.000016020318958908e+03
2.018873893713112921e+03
2.041982359219109640e+03
2.060856734303990379e+03
2.079972579040098935e+03
2.098989351996919140e+03
2.122204868912929669e+03
2.141347204213030636e+03
2.160158468205947429e+03
2.183639423280954361e+03
2.202894951814087108e+03
2.226494672586908564e+03
2.249899575354997069e+03
2.269102020584978163e+03
2.292447631499031559e+03
2.311560470510972664e+03
2.335456999726127833e+03
2.353913456778973341e+03
2.372983413781970739e+03
2.396340511419111863e+03
2.415491728330962360e+03
2.434512241940945387e+03
2.453410645273979753e+03
2.476378649255959317e+03
2.499244405284989625e+03
2.518209287048084661e+03
2.536891776340082288e+03
2.560408833103952929e+03
2.579208032133989036e+03
2.598290419903118163e+03
2.616912379993125796e+03
2.639914322355994955e+03
2.658610902382992208e+03
2.682164346168050542e+03
2.701232181838946417e+03
2.720296237794915214e+03
2.739364642502972856e+03
2.762624874766916037e+03
2.781458640095079318e+03
2.800666271540103480e+03
2.823882772146025673e+03
2.842751865325961262e+03
2.866009489896008745e+03
2.885074812276056036e+03
2.908675408626906574e+03
2.931792894257931039e+03
2.955548399457940832e+03
2.974402019711909816e+03
2.997737213338958099e+03
3.021427435503108427e+03
3.040950647172052413e+03
3.064387391163036227e+03
3.087542419024975970e+03
3.106718914872966707e+03
3.129990449426928535e+03
3.153238685895921662e+03
3.176401818868936971e+03
3.199640684056095779e+03
3.218758575254119933e+03
3.237705481325974688e+03
3.261072786367964000e+03
3.280114183077123016e+03
3.303273426553932950e+03
3.322318616539938375e+03
3.341150027591967955e+03
3.360378487335052341e+03
