1.395355359999999934e+01
2.281702210000000264e+01
2.946468130000000230e+01
3.653972759999999909e+01
4.356091380000000157e+01
5.040344409999999442e+01
5.736910870000000529e+01
6.427324920000000930e+01
7.093400080000000685e+01
7.766735460000001012e+01
9.429553119999999922e+01
1.111162113999999974e+02
1.280551920999999993e+02
1.449169742999999926e+02
1.616807867999999928e+02
1.788982800999999938e+02
1.962987321999999892e+02
2.130264856000000009e+02
2.301480877999999848e+02
2.467572334000000183e+02
2.634946726000000012e+02
2.806748872000000006e+02
2.973121370999999726e+02
3.139830895999999711e+02
3.306551781000000005e+02
3.471755718000000002e+02
3.639200462000000016e+02
3.804997670999999855e+02
3.968545482999999763e+02
4.135995575999999687e+02
4.300874870999999757e+02
4.463584400999999957e+02
4.629731919999999832e+02
4.793724770999999691e+02
4.960453545999999960e+02
5.126175742000000355e+02
5.290557158000000300e+02
5.454564287000000604e+02
5.620399711000000025e+02
5.801615002000000914e+02
5.977459934000000885e+02
6.152933783000000858e+02
6.324021709000001010e+02
6.494791926999999987e+02
6.664477530999999999e+02
6.834813794000000371e+02
7.006686592000000928e+02
7.174727326000000858e+02
7.406546874000000571e+02
