5.150753632187843323e-02
4.877598211169242859e-02
4.752746224403381348e-02
4.674296453595161438e-02
4.666839912533760071e-02
4.567282646894454956e-02
4.736832529306411743e-02
4.623828828334808350e-02
4.537624865770339966e-02
4.537416622042655945e-02
4.497162997722625732e-02
4.424788057804107666e-02
4.437603428959846497e-02
4.502696916460990906e-02
4.349118098616600037e-02
4.431749507784843445e-02
4.371973127126693726e-02
4.341215640306472778e-02
4.384535178542137146e-02
4.333738237619400024e-02
4.166706651449203491e-02
4.245746508240699768e-02
4.279381409287452698e-02
4.183053970336914062e-02
4.316117241978645325e-02
4.150303453207015991e-02
4.019627720117568970e-02
4.137435927987098694e-02
4.153105244040489197e-02
4.161630570888519287e-02
4.181307926774024963e-02
5.949919298291206360e-02
5.496781691908836365e-02
5.231345072388648987e-02
5.065323412418365479e-02
5.020187050104141235e-02
4.989698901772499084e-02
4.852461814880371094e-02
4.850997030735015869e-02
4.669103026390075684e-02
4.578808322548866272e-02
4.683592915534973145e-02
4.622120037674903870e-02
4.515220969915390015e-02
4.502669349312782288e-02
4.464176297187805176e-02
4.530365392565727234e-02
4.403302073478698730e-02
4.465563222765922546e-02
4.327345266938209534e-02
4.540094733238220215e-02
6.259241700172424316e-02
6.009410321712493896e-02
5.924747884273529053e-02
5.779160186648368835e-02
5.634202435612678528e-02
5.521924421191215515e-02
5.393828079104423523e-02
5.416292324662208557e-02
5.460851639509201050e-02
5.305668711662292480e-02
5.288695171475410461e-02
5.298275128006935120e-02
5.141423642635345459e-02
5.178349837660789490e-02
5.061297863721847534e-02
5.090910568833351135e-02
4.973600059747695923e-02
4.876438528299331665e-02
4.893181473016738892e-02
4.957206547260284424e-02
4.756292328238487244e-02
4.769660532474517822e-02
4.827505722641944885e-02
4.760181531310081482e-02
4.731855541467666626e-02
4.744955524802207947e-02
4.720032215118408203e-02
4.704706743359565735e-02
4.584370553493499756e-02
4.499352350831031799e-02
4.625192657113075256e-02
4.625676944851875305e-02
4.515056312084197998e-02
4.470438882708549500e-02
4.565919935703277588e-02
4.407564550638198853e-02
4.536293819546699524e-02
4.337603598833084106e-02
4.480956867337226868e-02
4.385193437337875366e-02
4.403335973620414734e-02
4.375102370977401733e-02
4.431913420557975769e-02
4.332297667860984802e-02
4.226004704833030701e-02
4.221225902438163757e-02
4.367925599217414856e-02
4.186890274286270142e-02
4.271957278251647949e-02
4.366488382220268250e-02
6.241006031632423401e-02
6.028132513165473938e-02
5.781209841370582581e-02
5.575517565011978149e-02
5.803306400775909424e-02
5.671187862753868103e-02
5.416980758309364319e-02
5.421142280101776123e-02
5.405765026807785034e-02
5.431885644793510437e-02
5.194200575351715088e-02
5.218763649463653564e-02
5.088256299495697021e-02
5.126310884952545166e-02
5.108555778861045837e-02
5.047086253762245178e-02
4.962620884180068970e-02
4.877831786870956421e-02
5.014945566654205322e-02
4.757798090577125549e-02
4.848898947238922119e-02
4.820274189114570618e-02
4.701050370931625366e-02
4.623291641473770142e-02
4.721448570489883423e-02
4.680703952908515930e-02
4.629059880971908569e-02
4.712442308664321899e-02
4.548267275094985962e-02
4.529227688908576965e-02
4.506347328424453735e-02
4.531743004918098450e-02
4.553779587149620056e-02
4.475278779864311218e-02
4.331652820110321045e-02
4.383173957467079163e-02
4.469215869903564453e-02
4.493241012096405029e-02
4.416973516345024109e-02
4.396019130945205688e-02
4.306806623935699463e-02
4.301820695400238037e-02
4.322325065732002258e-02
4.357123747467994690e-02
4.291287809610366821e-02
4.140303283929824829e-02
4.211300984025001526e-02
4.296895861625671387e-02
4.265972971916198730e-02
4.216808825731277466e-02
4.209523648023605347e-02
4.263044893741607666e-02
4.257845878601074219e-02
4.107831418514251709e-02
4.183113202452659607e-02
4.101569950580596924e-02
4.166293516755104065e-02
4.096287116408348083e-02
4.142715036869049072e-02
4.123032093048095703e-02
4.022799432277679443e-02
4.115888476371765137e-02
4.182636365294456482e-02
4.170475527644157410e-02
4.182546585798263550e-02
4.014756157994270325e-02
4.134126007556915283e-02
4.084416478872299194e-02
4.106272384524345398e-02
4.145097732543945312e-02
4.102960228919982910e-02
4.086297005414962769e-02
4.113844037055969238e-02
4.058146104216575623e-02
4.055261611938476562e-02
4.033177718520164490e-02
4.113022983074188232e-02
