1.880679428577423096e-01
9.870303422212600708e-02
4.544784128665924072e-02
2.815568447113037109e-02
2.349152602255344391e-02
2.123025432229042053e-02
2.000989206135272980e-02
1.840345747768878937e-02
1.858183369040489197e-02
1.828438974916934967e-02
1.756143569946289062e-02
1.689529791474342346e-02
1.613755524158477783e-02
1.642773486673831940e-02
1.640804670751094818e-02
1.562086492776870728e-02
1.531582418829202652e-02
1.514095161110162735e-02
1.500941906124353409e-02
1.464967336505651474e-02
1.395649276673793793e-02
1.336622890084981918e-02
1.322940085083246231e-02
1.256635971367359161e-02
1.275901403278112411e-02
1.270969025790691376e-02
2.626760862767696381e-02
2.393758669495582581e-02
2.237417362630367279e-02
2.127632126212120056e-02
2.053204365074634552e-02
1.987280696630477905e-02
1.928471028804779053e-02
1.939323917031288147e-02
1.907281018793582916e-02
1.941990293562412262e-02
1.889932341873645782e-02
