4.388541281223297119e-01
4.488194286823272705e-01
4.586110711097717285e-01
4.604861736297607422e-01
4.650000035762786865e-01
4.729513823986053467e-01
4.807985723018646240e-01
4.906598329544067383e-01
4.888888299465179443e-01
4.933333992958068848e-01
4.926041662693023682e-01
5.028123855590820312e-01
5.035416483879089355e-01
5.086458325386047363e-01
5.096181035041809082e-01
5.142708420753479004e-01
5.202777385711669922e-01
5.259723067283630371e-01
5.333680510520935059e-01
5.312151908874511719e-01
5.384027957916259766e-01
5.419445037841796875e-01
5.464931130409240723e-01
5.485069751739501953e-01
5.533332824707031250e-01
5.552778244018554688e-01
5.598263740539550781e-01
5.709028244018554688e-01
5.711111426353454590e-01
5.743403434753417969e-01
5.758333802223205566e-01
5.844444632530212402e-01
5.848264098167419434e-01
5.930555462837219238e-01
5.976735949516296387e-01
5.960416197776794434e-01
5.966319441795349121e-01
6.013542413711547852e-01
5.969098210334777832e-01
6.067013740539550781e-01
6.062152981758117676e-01
6.244792342185974121e-01
6.155903339385986328e-01
6.256251931190490723e-01
6.214931011199951172e-01
6.271528005599975586e-01
6.269444227218627930e-01
6.343402266502380371e-01
6.333680748939514160e-01
6.390972137451171875e-01
6.342707872390747070e-01
6.372222304344177246e-01
6.432291269302368164e-01
6.479513645172119141e-01
6.469444036483764648e-01
6.488193273544311523e-01
6.471873521804809570e-01
6.476388573646545410e-01
6.486458778381347656e-01
