4.280458688735961914e-01
4.048655331134796143e-01
3.863691985607147217e-01
3.772291839122772217e-01
3.803189098834991455e-01
3.689952194690704346e-01
3.665236532688140869e-01
3.530980348587036133e-01
3.491546213626861572e-01
3.522183597087860107e-01
3.496860861778259277e-01
3.430106639862060547e-01
3.452313244342803955e-01
3.401237130165100098e-01
3.420357406139373779e-01
3.384385704994201660e-01
3.326274752616882324e-01
3.234604299068450928e-01
3.224848806858062744e-01
3.281454443931579590e-01
3.135133087635040283e-01
3.223015964031219482e-01
3.153391778469085693e-01
3.161143362522125244e-01
3.119294047355651855e-01
3.155991435050964355e-01
3.132604062557220459e-01
2.942520976066589355e-01
2.975018322467803955e-01
2.989161610603332520e-01
2.999850213527679443e-01
2.966312170028686523e-01
2.951062917709350586e-01
2.943758964538574219e-01
2.882262170314788818e-01
2.844311594963073730e-01
2.853909134864807129e-01
2.875836491584777832e-01
2.868599891662597656e-01
2.774884104728698730e-01
2.827100455760955811e-01
2.694311439990997314e-01
2.720495164394378662e-01
2.702331244945526123e-01
2.694936096668243408e-01
2.679767310619354248e-01
2.625541388988494873e-01
2.658384740352630615e-01
2.633883953094482422e-01
2.531855702400207520e-01
2.571711242198944092e-01
2.619187235832214355e-01
2.556327283382415771e-01
2.504353225231170654e-01
2.563796043395996094e-01
2.547311186790466309e-01
2.495365291833877563e-01
2.515498697757720947e-01
2.566066384315490723e-01
