5.108333230018615723e-01
5.215625166893005371e-01
5.498958826065063477e-01
5.704860687255859375e-01
5.895833373069763184e-01
6.107987165451049805e-01
6.287153363227844238e-01
6.444791555404663086e-01
6.509374976158142090e-01
6.655555963516235352e-01
6.761804819107055664e-01
6.644444465637207031e-01
6.732638478279113770e-01
6.684027910232543945e-01
6.762152910232543945e-01
6.829514503479003906e-01
6.892013549804687500e-01
6.986458301544189453e-01
7.005556225776672363e-01
7.025347352027893066e-01
7.079514265060424805e-01
7.057291269302368164e-01
6.778819561004638672e-01
6.724652051925659180e-01
6.988195180892944336e-01
7.078472971916198730e-01
7.180902957916259766e-01
7.272222042083740234e-01
7.326041460037231445e-01
7.383681535720825195e-01
7.378472089767456055e-01
7.423611283302307129e-01
7.468402981758117676e-01
7.489582896232604980e-01
7.513542175292968750e-01
7.524304986000061035e-01
7.545139193534851074e-01
7.103124260902404785e-01
7.049305438995361328e-01
7.410070896148681641e-01
7.583681344985961914e-01
6.963888406753540039e-01
7.589582800865173340e-01
6.946182250976562500e-01
7.017013430595397949e-01
7.055901288986206055e-01
7.365972399711608887e-01
6.960415840148925781e-01
7.107985615730285645e-01
7.626736164093017578e-01
7.857291698455810547e-01
7.901388406753540039e-01
6.682985424995422363e-01
7.257985472679138184e-01
7.520485520362854004e-01
7.158680558204650879e-01
7.699999213218688965e-01
7.003817558288574219e-01
7.590971589088439941e-01
7.846527695655822754e-01
7.967013716697692871e-01
8.053472638130187988e-01
8.124307394027709961e-01
6.906945109367370605e-01
7.200695276260375977e-01
7.646179199218750000e-01
7.860067486763000488e-01
7.965626716613769531e-01
8.039235472679138184e-01
6.882292032241821289e-01
7.052080631256103516e-01
6.988889575004577637e-01
6.691667437553405762e-01
6.794792413711547852e-01
6.809375286102294922e-01
7.010763287544250488e-01
7.611110806465148926e-01
7.029512524604797363e-01
7.469444274902343750e-01
7.039584517478942871e-01
7.529166340827941895e-01
7.730903625488281250e-01
7.877083420753479004e-01
7.007640004158020020e-01
7.576736211776733398e-01
7.865276932716369629e-01
6.884375214576721191e-01
6.984722018241882324e-01
7.550693750381469727e-01
7.792013287544250488e-01
7.960415482521057129e-01
8.082639575004577637e-01
8.163889050483703613e-01
7.075001001358032227e-01
7.004861235618591309e-01
6.925000548362731934e-01
7.351388335227966309e-01
7.569791674613952637e-01
6.851389408111572266e-01
7.290624380111694336e-01
7.488890290260314941e-01
7.674305438995361328e-01
7.049652338027954102e-01
7.374652028083801270e-01
7.556944489479064941e-01
6.922569870948791504e-01
