1.628226375579834018e-01
1.502750933170318715e-01
1.345227393507957558e-01
1.232447913289070190e-01
1.126243843138217959e-01
1.049669867753982577e-01
9.773001313209533913e-02
9.100805431604384876e-02
8.612464070320129117e-02
8.121673092246055325e-02
7.667772561311721191e-02
8.809617802500724348e-02
8.276848539710045249e-02
7.679236039519310442e-02
7.235761821269988403e-02
6.814643137156962960e-02
6.369405373930930869e-02
6.020234480500221558e-02
5.772235423326492476e-02
5.390174239873886386e-02
5.305503211915493095e-02
5.079773485660552673e-02
6.426167249679565208e-02
7.092292785644531417e-02
5.844068624079227364e-02
5.458121404051780728e-02
5.190127179026603893e-02
4.943589732050895913e-02
4.750704199075699019e-02
4.571999356150627247e-02
4.465072780847549605e-02
4.341148674488067710e-02
4.247001506388187186e-02
4.132395043969154524e-02
4.090756468474864710e-02
3.965647123754024311e-02
3.917494103312492426e-02
5.065811872482299527e-02
6.000632144510745919e-02
5.038269937038421936e-02
4.686461962759494448e-02
7.452328726649284918e-02
5.082425959408283511e-02
5.801592268049717005e-02
6.053245700895786008e-02
5.481292136013507510e-02
4.437451720237731850e-02
6.284250073134899084e-02
7.468599706888198742e-02
6.131955303251743206e-02
5.295503303408622547e-02
4.420675687491893574e-02
7.763748645782470037e-02
5.399955622851848602e-02
4.495439775288104928e-02
6.741486750543117246e-02
4.903069727122783689e-02
6.710139900445938332e-02
4.934411093592643710e-02
4.280120387673377880e-02
4.013815946877002938e-02
3.758293926715850636e-02
3.503919661045074713e-02
6.770553939044475500e-02
6.242861025035381650e-02
4.926835052669048531e-02
4.384043417870998188e-02
4.002918690443038607e-02
3.743268527090549275e-02
6.880709573626518638e-02
6.748914979398250302e-02
7.625306740403176020e-02
7.739161863923073315e-02
7.470970436930655934e-02
6.902803182601928433e-02
7.073826305568217676e-02
5.402396492660045679e-02
7.353386253118515681e-02
6.068148136138915710e-02
6.903528645634651739e-02
5.351559571921825353e-02
4.719308532774448700e-02
4.303127154707908630e-02
6.846694737672805176e-02
5.039662323892116214e-02
4.196809388697147342e-02
7.112055249512196087e-02
7.157141111791133492e-02
5.263998679816722648e-02
4.490154534578323642e-02
4.045541137456894198e-02
3.738246463239192768e-02
3.484697896987199589e-02
6.474948860704898834e-02
6.633251115679740517e-02
6.860322535037993719e-02
5.504721842706203350e-02
4.946030274033546420e-02
6.796087145805358720e-02
5.624041803181171334e-02
4.959586635231971741e-02
4.551991194486618153e-02
6.464086167514324077e-02
5.451785683631896889e-02
4.928931012749671742e-02
6.808181986212730186e-02
