5.750707983970642090e-01
6.228780150413513184e-01
6.397569179534912109e-01
6.558963060379028320e-01
6.677598357200622559e-01
6.761510372161865234e-01
6.811342835426330566e-01
6.811020970344543457e-01
6.864389777183532715e-01
6.882395148277282715e-01
6.942836642265319824e-01
6.971773505210876465e-01
6.955696940422058105e-01
7.023856043815612793e-01
7.043145298957824707e-01
7.089763283729553223e-01
7.084940671920776367e-01
7.104873657226562500e-01
7.076903581619262695e-01
7.138632535934448242e-01
7.115161418914794922e-01
7.157601118087768555e-01
7.176568508148193359e-01
7.187500596046447754e-01
7.219007015228271484e-01
7.169175148010253906e-01
7.174639105796813965e-01
7.211934328079223633e-01
7.226401567459106445e-01
7.211933732032775879e-01
7.226402163505554199e-01
7.244727611541748047e-01
7.235404253005981445e-01
7.298740148544311523e-01
7.241190671920776367e-01
7.272055745124816895e-01
7.277199029922485352e-01
7.269804477691650391e-01
7.278484702110290527e-01
7.299705147743225098e-01
7.275269627571105957e-01
7.289094328880310059e-01
7.277198433876037598e-01
7.269803285598754883e-01
7.299061417579650879e-01
7.292953133583068848e-01
7.329604625701904297e-01
7.327032685279846191e-01
7.340213656425476074e-01
7.294881343841552734e-01
7.316744327545166016e-01
7.328317165374755859e-01
7.329604029655456543e-01
7.334105372428894043e-01
7.324780821800231934e-01
7.338927388191223145e-01
7.327353954315185547e-01
7.326389551162719727e-01
7.327674627304077148e-01
7.357253432273864746e-01
7.357574701309204102e-01
7.339249253273010254e-01
7.334426641464233398e-01
7.391975522041320801e-01
7.342143058776855469e-01
7.391654253005981445e-01
7.379436492919921875e-01
7.363682985305786133e-01
7.366898059844970703e-01
7.390368580818176270e-01
7.364004850387573242e-01
7.375900149345397949e-01
7.364004850387573242e-01
7.348571419715881348e-01
7.379115223884582520e-01
7.370433807373046875e-01
7.359182834625244141e-01
7.357251644134521484e-01
7.400333881378173828e-01
7.357573509216308594e-01
7.373650074005126953e-01
7.399369478225708008e-01
7.400013208389282227e-01
7.402263879776000977e-01
7.403228282928466797e-01
7.422196865081787109e-01
7.399690151214599609e-01
7.419303059577941895e-01
7.375578284263610840e-01
7.400333285331726074e-01
7.386189103126525879e-01
7.403548955917358398e-01
7.415444254875183105e-01
7.383294701576232910e-01
7.416409254074096680e-01
7.366896867752075195e-01
7.392617464065551758e-01
7.394546270370483398e-01
7.389404177665710449e-01
7.401298880577087402e-01
7.281090021133422852e-01
7.274504899978637695e-01
7.289870977401733398e-01
7.286577224731445312e-01
7.288174033164978027e-01
7.286179065704345703e-01
7.297853231430053711e-01
7.261535525321960449e-01
7.304638028144836426e-01
7.266521453857421875e-01
7.279692888259887695e-01
7.277398109436035156e-01
7.282886505126953125e-01
7.289171814918518066e-01
7.266824245452880859e-01
7.269816994667053223e-01
7.271311879158020020e-01
7.279093265533447266e-01
7.291767597198486328e-01
7.262334227561950684e-01
7.276700139045715332e-01
7.280791401863098145e-01
7.266523241996765137e-01
7.282884716987609863e-01
7.303339838981628418e-01
7.299948334693908691e-01
7.291665673255920410e-01
7.282586097717285156e-01
7.287176847457885742e-01
7.294159531593322754e-01
7.271810770034790039e-01
7.281189560890197754e-01
7.296256422996520996e-01
7.290469408035278320e-01
7.284780740737915039e-01
7.261433601379394531e-01
7.298153042793273926e-01
7.293362021446228027e-01
7.292164564132690430e-01
7.285780906677246094e-01
7.282088398933410645e-01
7.282286286354064941e-01
7.280392050743103027e-01
7.278397083282470703e-01
7.269715666770935059e-01
7.259440422058105469e-01
7.250660061836242676e-01
7.269417047500610352e-01
7.266123890876770020e-01
7.289671897888183594e-01
7.287576794624328613e-01
7.291569113731384277e-01
7.278894782066345215e-01
7.275303006172180176e-01
7.284982204437255859e-01
7.294159531593322754e-01
7.300148010253906250e-01
7.293463349342346191e-01
7.281290292739868164e-01
7.299050688743591309e-01
7.294959425926208496e-01
7.296854853630065918e-01
7.277498841285705566e-01
7.283884286880493164e-01
7.266623973846435547e-01
7.253451943397521973e-01
7.283286452293395996e-01
7.291268706321716309e-01
7.272009253501892090e-01
7.291966676712036133e-01
7.270714640617370605e-01
7.270612120628356934e-01
7.284781336784362793e-01
7.272608280181884766e-01
7.285880446434020996e-01
7.274405956268310547e-01
7.291468977928161621e-01
7.293261885643005371e-01
7.276700139045715332e-01
7.290269136428833008e-01
7.292463779449462891e-01
7.276798486709594727e-01
7.294959425926208496e-01
7.284383773803710938e-01
7.279093861579895020e-01
7.284880876541137695e-01
7.299948334693908691e-01
7.278895974159240723e-01
7.298152446746826172e-01
7.287973761558532715e-01
7.289570569992065430e-01
7.280790209770202637e-01
7.283684015274047852e-01
7.295158505439758301e-01
7.308526635169982910e-01
7.294361591339111328e-01
7.287176847457885742e-01
7.280591130256652832e-01
7.281889915466308594e-01
7.289470434188842773e-01
