2.690630182623863220e-01
2.464588005095720291e-01
2.338183224201202393e-01
2.274661585688591003e-01
2.214812207967042923e-01
2.142241932451725006e-01
2.094767652451992035e-01
2.049713023006916046e-01
2.037231456488370895e-01
2.011335417628288269e-01
1.971074957400560379e-01
1.939269118010997772e-01
1.917737554758787155e-01
1.884084772318601608e-01
1.865432672202587128e-01
1.836196314543485641e-01
1.833362225443124771e-01
1.807064879685640335e-01
1.786736845970153809e-01
1.781037319451570511e-01
1.753962114453315735e-01
1.729206703603267670e-01
1.738807056099176407e-01
1.715257521718740463e-01
1.701397839933633804e-01
1.681106444448232651e-01
1.671968512237071991e-01
1.658931262791156769e-01
1.652496606111526489e-01
1.639618463814258575e-01
1.626247502863407135e-01
1.620205696672201157e-01
1.605998054146766663e-01
1.589399892836809158e-01
1.575927659869194031e-01
1.570288334041833878e-01
1.557573080062866211e-01
1.536443512886762619e-01
1.526849474757909775e-01
1.525122374296188354e-01
1.520331650972366333e-01
1.503355819731950760e-01
1.494121886789798737e-01
1.478023659437894821e-01
1.473029553890228271e-01
1.461460236459970474e-01
1.440216153860092163e-01
1.432229820638895035e-01
1.419288944453001022e-01
1.412228345870971680e-01
1.396191511303186417e-01
1.396487820893526077e-01
1.376283187419176102e-01
1.369657814502716064e-01
1.351514533162117004e-01
1.358484812080860138e-01
1.345859356224536896e-01
1.328851785510778427e-01
1.326874196529388428e-01
1.312215942889451981e-01
1.300168614834547043e-01
1.285468898713588715e-01
1.283514611423015594e-01
1.279147258028388023e-01
1.260318774729967117e-01
1.255524819716811180e-01
1.236489014700055122e-01
1.227047434076666832e-01
1.226912857964634895e-01
1.216564029455184937e-01
1.197870550677180290e-01
1.187637830153107643e-01
1.179740102961659431e-01
1.171619500964879990e-01
1.169184995815157890e-01
1.161204120144248009e-01
1.146538984030485153e-01
1.136880004778504372e-01
1.127415206283330917e-01
1.124832080677151680e-01
1.110528325662016869e-01
1.101724095642566681e-01
1.091247564181685448e-01
1.085372054949402809e-01
1.071050781756639481e-01
1.070183487609028816e-01
1.056544566527009010e-01
1.054925592616200447e-01
1.040309425443410873e-01
1.039870483800768852e-01
1.027720291167497635e-01
1.017737882211804390e-01
1.012184703722596169e-01
9.979955572634935379e-02
9.966427367180585861e-02
9.885970316827297211e-02
9.772310871630907059e-02
9.741316922008991241e-02
9.750472381711006165e-02
9.637962281703948975e-02
1.007196963937194295e-01
9.521605074405670166e-02
9.212048103411991928e-02
8.963083448233427619e-02
8.651186249874255607e-02
8.414942219301506376e-02
8.146099332306119822e-02
7.913192996272334911e-02
7.628466906370939826e-02
7.413068496518665507e-02
7.236460817080957175e-02
7.044976977286515618e-02
6.866247372494803380e-02
6.711705456729288866e-02
6.507424554891055868e-02
6.338311428273166181e-02
6.170120835304260254e-02
6.103837835016073798e-02
5.880887820212929440e-02
5.822774823065157007e-02
5.638105022134604072e-02
5.539324548509386159e-02
5.388302797520602011e-02
5.292060971260070801e-02
5.161477846127969504e-02
5.018697251324300695e-02
4.976165694770989800e-02
4.903918697878166533e-02
4.798454046249389648e-02
4.691903389714382339e-02
4.594758014988015865e-02
4.527252581384447194e-02
4.442541811753202702e-02
4.451334586849919200e-02
4.377294621533817792e-02
4.305062870736475061e-02
4.190997944937811803e-02
4.081769646317870426e-02
4.049165270946643996e-02
4.080198139504150057e-02
3.943376905388302350e-02
3.889185410958749534e-02
3.885242273962056375e-02
3.783364318035267043e-02
3.680816292762756348e-02
3.660034850515701127e-02
3.564173466077557445e-02
3.562052623817214131e-02
3.530692536797788716e-02
3.513818855086962151e-02
3.423237103830884670e-02
3.371625276351416373e-02
3.325698303955572366e-02
3.270795879264672829e-02
3.258287478928213049e-02
3.208202751422369742e-02
3.187285060131991171e-02
3.096095320803147685e-02
3.087800748094364500e-02
3.029496540073995173e-02
3.023798425716382396e-02
3.002781338161892438e-02
2.977209269172615552e-02
2.905009914603498208e-02
2.913496098308651638e-02
2.869248514374097073e-02
2.828607211510340488e-02
2.835147041413519156e-02
2.771602805565904701e-02
2.817771052596745526e-02
2.729641521970431126e-02
2.729529432124561811e-02
2.679846008066777766e-02
2.675375576924394691e-02
2.641738985699635875e-02
2.614434622228145599e-02
2.607258091922159612e-02
2.584291297804426277e-02
2.569196849233574415e-02
2.512444700631830466e-02
2.511534260378943395e-02
2.490334061008912456e-02
2.444000783617849767e-02
2.428004807896084333e-02
2.442975321577654790e-02
2.395445543030897892e-02
2.397212130879914152e-02
2.378840813482249392e-02
2.365718126572944474e-02
2.344772709464585173e-02
2.321013518505626178e-02
2.297471884500097358e-02
2.293891211350758755e-02
2.249394915997982025e-02
2.227575366419774425e-02
2.233117598074453938e-02
2.227198173878369367e-02
2.157711506717734790e-02
2.144173042917693270e-02
2.141237183025589824e-02
