8.743056654930114746e-01
8.866160511970520020e-01
8.833649158477783203e-01
8.806501030921936035e-01
8.825441598892211914e-01
8.784090280532836914e-01
8.810290098190307617e-01
8.843908309936523438e-01
8.585515618324279785e-01
8.582889437675476074e-01
8.602430820465087891e-01
8.768005371093750000e-01
9.035765528678894043e-01
9.070731997489929199e-01
9.120934009552001953e-01
9.183831810951232910e-01
9.253867268562316895e-01
9.293203949928283691e-01
9.308435320854187012e-01
9.310811758041381836e-01
9.321429729461669922e-01
9.333333969116210938e-01
9.339382648468017578e-01
9.333879947662353516e-01
9.334427118301391602e-01
9.344345331192016602e-01
9.347621202468872070e-01
9.347368478775024414e-01
9.360814690589904785e-01
9.364537596702575684e-01
9.361359477043151855e-01
9.372419118881225586e-01
9.373067021369934082e-01
9.368301033973693848e-01
9.377134442329406738e-01
9.379662275314331055e-01
9.390180110931396484e-01
9.388594031333923340e-01
9.395288228988647461e-01
9.402079582214355469e-01
9.403671026229858398e-01
9.402673244476318359e-01
9.399108886718750000e-01
9.411410093307495117e-01
9.410961866378784180e-01
9.407488107681274414e-01
9.407041668891906738e-01
9.416767358779907227e-01
9.411309957504272461e-01
9.418949484825134277e-01
9.419298171997070312e-01
9.429164528846740723e-01
9.421228766441345215e-01
9.422174692153930664e-01
9.428274035453796387e-01
9.424307942390441895e-01
9.433481097221374512e-01
9.432983994483947754e-01
9.430905580520629883e-01
9.437302350997924805e-01
9.434823393821716309e-01
9.437694549560546875e-01
9.430359601974487305e-01
9.441716074943542480e-01
9.437651038169860840e-01
9.437105655670166016e-01
9.438540339469909668e-01
9.447371363639831543e-01
9.437351822853088379e-01
