1.064076259999999863e+01
1.710534279999999896e+01
2.379547769999999929e+01
3.034363849999999729e+01
3.708264460000000184e+01
4.369477369999999894e+01
5.022161599999999737e+01
5.675692409999999910e+01
7.461674660000001325e+01
9.434205590000000541e+01
1.125050191000000126e+02
1.307964833000000056e+02
1.489644296999999824e+02
1.669950461999999902e+02
1.848778586999999902e+02
2.026963853000000029e+02
2.208741996999999913e+02
2.384880995000000041e+02
2.563952294000000052e+02
2.740863566000000446e+02
2.919204851000000076e+02
3.093342817000000196e+02
3.268230439000000160e+02
3.447485618000000045e+02
3.624883277000000135e+02
3.801300597000000039e+02
3.980843480999999997e+02
4.155857164000000239e+02
4.335310883000000217e+02
4.516281834000000117e+02
4.695252512000000138e+02
4.871912957000000119e+02
5.044689271999999960e+02
5.219514585999999099e+02
5.397135872999999719e+02
5.570159443999999667e+02
5.741745376999999735e+02
5.914301492999999255e+02
6.084883648999999650e+02
6.255341204999999718e+02
6.427441148999999996e+02
6.597302791999999272e+02
6.767668544999999085e+02
6.938560461999999234e+02
7.107990704000000051e+02
7.278514223999999331e+02
7.449975720999999567e+02
7.620693087999999307e+02
7.789572982999999340e+02
7.960321430999999848e+02
8.128220508999999083e+02
8.301043222999999216e+02
8.470513871999999083e+02
8.638885903999999982e+02
8.807675308999999970e+02
8.979959850999999844e+02
9.147959892000000082e+02
9.317415081999999984e+02
9.489178855999999769e+02
9.659889053999999078e+02
9.834675899999999729e+02
1.000995083700000009e+03
1.018081895999999915e+03
1.035478632600000083e+03
1.052858890700000075e+03
1.070093926400000100e+03
1.087271253200000046e+03
1.104903394000000162e+03
1.122006755999999996e+03
