8.455554842948913574e-01
4.900000393390655518e-01
8.033335804939270020e-01
6.222219467163085938e-01
6.777775287628173828e-01
4.755556881427764893e-01
8.344447612762451172e-01
8.111114501953125000e-01
7.311115264892578125e-01
7.677781581878662109e-01
4.588890373706817627e-01
4.844445884227752686e-01
7.822222709655761719e-01
7.766671180725097656e-01
6.877775788307189941e-01
7.388888597488403320e-01
5.077777504920959473e-01
5.055555105209350586e-01
4.122224748134613037e-01
3.499999642372131348e-01
5.177778005599975586e-01
5.511109828948974609e-01
5.022223591804504395e-01
5.222222208976745605e-01
5.344443917274475098e-01
7.244448065757751465e-01
6.122219562530517578e-01
5.111111402511596680e-01
7.144440412521362305e-01
7.122217416763305664e-01
7.999999523162841797e-01
7.255551815032958984e-01
7.733336687088012695e-01
7.155551910400390625e-01
6.355553269386291504e-01
7.477781772613525391e-01
8.166665434837341309e-01
7.311106324195861816e-01
6.511108279228210449e-01
7.444444298744201660e-01
6.233330368995666504e-01
7.811115980148315430e-01
6.155552864074707031e-01
6.933332085609436035e-01
