5.373263955116271973e-01
5.312500000000000000e-01
5.208333134651184082e-01
5.512152910232543945e-01
5.460069179534912109e-01
5.572916865348815918e-01
5.607638955116271973e-01
5.685763955116271973e-01
5.720486044883728027e-01
6.024305820465087891e-01
5.894097089767456055e-01
6.006944179534912109e-01
6.067708134651184082e-01
6.041666865348815918e-01
5.989583134651184082e-01
6.093750000000000000e-01
6.067708134651184082e-01
6.111111044883728027e-01
6.119791865348815918e-01
6.076388955116271973e-01
6.258680820465087891e-01
6.157985925674438477e-01
6.173611283302307129e-01
6.182291507720947266e-01
6.343749761581420898e-01
6.402777433395385742e-01
6.437499523162841797e-01
6.487846970558166504e-01
6.472222208976745605e-01
6.654514074325561523e-01
6.640625000000000000e-01
6.725694537162780762e-01
6.678819656372070312e-01
6.713541746139526367e-01
6.809027791023254395e-01
6.826388835906982422e-01
6.821180582046508789e-01
6.899305582046508789e-01
6.895833611488342285e-01
6.895833015441894531e-01
6.892360448837280273e-01
6.953125596046447754e-01
6.968750357627868652e-01
6.958333253860473633e-01
7.055555582046508789e-01
7.085069417953491211e-01
7.057291865348815918e-01
6.963541507720947266e-01
7.175347208976745605e-01
7.156250476837158203e-01
7.196180820465087891e-01
7.210069298744201660e-01
7.159722447395324707e-01
7.133680582046508789e-01
7.177083492279052734e-01
7.223957777023315430e-01
7.244791984558105469e-01
7.307292222976684570e-01
7.303819656372070312e-01
7.331597208976745605e-01
7.350693941116333008e-01
7.331597208976745605e-01
7.355903387069702148e-01
7.409722208976745605e-01
7.369791269302368164e-01
7.449652552604675293e-01
7.413194775581359863e-01
7.404513955116271973e-01
7.380207777023315430e-01
7.458332777023315430e-01
7.442708611488342285e-01
7.477430701255798340e-01
