2.709808349609375000e-01
2.586778402328491211e-01
2.485315799713134766e-01
2.396572530269622803e-01
2.322994023561477661e-01
2.247961014509201050e-01
2.188075333833694458e-01
2.130721658468246460e-01
2.075172364711761475e-01
2.020089030265808105e-01
1.978528499603271484e-01
1.928973793983459473e-01
1.885894685983657837e-01
1.853197515010833740e-01
1.813194900751113892e-01
1.781116425991058350e-01
1.749713420867919922e-01
1.722891330718994141e-01
1.687143296003341675e-01
1.659450531005859375e-01
1.628945618867874146e-01
1.613079309463500977e-01
1.575454622507095337e-01
1.559935659170150757e-01
1.533108204603195190e-01
1.508852541446685791e-01
1.481163650751113892e-01
1.462171524763107300e-01
1.441413313150405884e-01
1.417141854763031006e-01
1.397835761308670044e-01
1.370948702096939087e-01
1.354793608188629150e-01
1.340634524822235107e-01
1.316767185926437378e-01
1.299253851175308228e-01
1.282009631395339966e-01
1.259091049432754517e-01
1.239648535847663879e-01
1.221890449523925781e-01
1.208300366997718811e-01
1.191137507557868958e-01
1.170757412910461426e-01
1.155910938978195190e-01
1.138751581311225891e-01
1.118872910737991333e-01
1.105049327015876770e-01
1.091091930866241455e-01
1.070112287998199463e-01
1.062058061361312866e-01
1.044217273592948914e-01
1.025362834334373474e-01
1.012494787573814392e-01
1.004911139607429504e-01
9.851212054491043091e-02
9.691686928272247314e-02
9.611436724662780762e-02
9.494498372077941895e-02
9.394779056310653687e-02
9.193281084299087524e-02
9.103461354970932007e-02
8.918505162000656128e-02
8.842214941978454590e-02
8.775197714567184448e-02
8.590193092823028564e-02
8.462931960821151733e-02
8.384237438440322876e-02
8.232323825359344482e-02
8.162161707878112793e-02
8.061527460813522339e-02
7.923104614019393921e-02
7.817113399505615234e-02
7.701994478702545166e-02
7.633175700902938843e-02
7.541947066783905029e-02
7.425247877836227417e-02
7.321225851774215698e-02
7.327831536531448364e-02
7.042272388935089111e-02
7.042975723743438721e-02
6.933106482028961182e-02
6.872879713773727417e-02
6.742103397846221924e-02
6.691795587539672852e-02
6.611380726099014282e-02
6.533526629209518433e-02
6.432764232158660889e-02
6.422487646341323853e-02
6.298846751451492310e-02
6.213326752185821533e-02
6.099801510572433472e-02
6.052805483341217041e-02
5.993809923529624939e-02
5.899468809366226196e-02
5.877225473523139954e-02
5.725345760583877563e-02
5.727983266115188599e-02
5.616814270615577698e-02
5.559335276484489441e-02
5.478634312748908997e-02
