4.293110200000046461e+01
4.745289110000067012e+01
5.201166929999999411e+01
5.655062930000076449e+01
6.109965160000047035e+01
6.569464190000053350e+01
7.025114819999998872e+01
7.482178360000034445e+01
7.935792290000063076e+01
8.389177150000068650e+01
8.845565040000019508e+01
9.298925480000070820e+01
9.752648970000063855e+01
1.020885940000007395e+02
1.066181804000007105e+02
1.111815375000005588e+02
1.157187898000001951e+02
1.202684842000007848e+02
1.248289922000003571e+02
1.293625884000002770e+02
1.338923664000003555e+02
1.384576439000002210e+02
1.429900901000000886e+02
1.475249091000005137e+02
1.520877017000002525e+02
1.566388175000001866e+02
1.611979654000006121e+02
1.657322811000003639e+02
1.702656578000005538e+02
1.748296360000003915e+02
1.793626910000002681e+02
1.839436302000003707e+02
1.884871801000008418e+02
1.930233182000001761e+02
1.975776687000006859e+02
2.021057575000004363e+02
2.066651156000007177e+02
2.112155593000006775e+02
2.157581690000006347e+02
2.203691488000004028e+02
2.249433882000002995e+02
2.300436698000003162e+02
2.346501847000008638e+02
2.391788227000006373e+02
2.437639335000003484e+02
2.483033017000007021e+02
2.528643016000005446e+02
2.574567258000006404e+02
2.619900451000003159e+02
2.665802227000003768e+02
2.711314202000003206e+02
2.760919092000003729e+02
2.807070485000003828e+02
2.852512922000005346e+02
2.898367041000001336e+02
2.943768803000002663e+02
2.989480345000001762e+02
3.035460573000000295e+02
3.081016711000002033e+02
3.129840460000004896e+02
3.175861233000005086e+02
3.221211732000001575e+02
3.267051494000006642e+02
3.312483213000004980e+02
3.358273493000006056e+02
3.409233613000005789e+02
3.454683825000001889e+02
3.500491783000006762e+02
3.562324379000001500e+02
3.608099426000007952e+02
3.653387058000007528e+02
3.698567914000004748e+02
3.744064141000008021e+02
3.789289805000007618e+02
3.834748584000008123e+02
3.880452109000007113e+02
3.925844461000006049e+02
3.971226599999999962e+02
4.016905434000000241e+02
4.062183575000008204e+02
4.107478362000001653e+02
4.153181730000005700e+02
4.198519527000007656e+02
4.244168964000000415e+02
4.289518753000002107e+02
4.334944115000007514e+02
4.380614374000006137e+02
4.425936345000000074e+02
4.471280654000001960e+02
4.516882084000008035e+02
4.562164736000004268e+02
4.607472196000007898e+02
4.653043282000007821e+02
4.698318991000005553e+02
4.743882591999999931e+02
4.789178095000006579e+02
4.834516464000007545e+02
4.880127163000006476e+02
4.925473621000001003e+02
4.971121405000003506e+02
