1.045194119215011597e-01
7.248382270336151123e-02
5.637534707784652710e-02
4.665299504995346069e-02
4.121549427509307861e-02
3.792307898402214050e-02
3.446316346526145935e-02
3.202816471457481384e-02
2.954453043639659882e-02
2.793921343982219696e-02
2.575534768402576447e-02
2.422365918755531311e-02
2.256084419786930084e-02
2.136904187500476837e-02
1.986459828913211823e-02
1.834711432456970215e-02
1.744361966848373413e-02
1.635764166712760925e-02
1.551011111587285995e-02
1.445689424872398376e-02
1.360495388507843018e-02
1.278945524245500565e-02
1.211877260357141495e-02
1.143636368215084076e-02
1.123127248138189316e-02
1.054758019745349884e-02
1.012277882546186447e-02
9.530911222100257874e-03
9.093589149415493011e-03
8.608135394752025604e-03
8.401567116379737854e-03
7.665666751563549042e-03
7.679719943553209305e-03
7.185013033449649811e-03
6.940835155546665192e-03
6.735080853104591370e-03
6.230742204934358597e-03
6.253825966268777847e-03
5.904759280383586884e-03
5.857500713318586349e-03
5.550981499254703522e-03
5.519529804587364197e-03
5.196575541049242020e-03
5.169814918190240860e-03
5.129714496433734894e-03
4.915991798043251038e-03
4.975778982043266296e-03
4.756904672831296921e-03
4.702175967395305634e-03
4.553267732262611389e-03
4.421862307935953140e-03
4.420779645442962646e-03
4.429308231920003891e-03
4.367315676063299179e-03
4.224764648824930191e-03
4.089278634637594223e-03
4.141244105994701385e-03
4.085124935954809189e-03
3.991663921624422073e-03
3.938283305615186691e-03
3.831979585811495781e-03
3.845701692625880241e-03
3.849560627713799477e-03
3.730878233909606934e-03
3.891111118718981743e-03
1.131257228553295135e-02
1.089231856167316437e-02
1.028389111161231995e-02
1.002763304859399796e-02
9.819215163588523865e-03
9.351150132715702057e-03
9.316232986748218536e-03
9.014704264700412750e-03
8.828203193843364716e-03
8.612629957497119904e-03
8.381277322769165039e-03
8.398439735174179077e-03
8.069756440818309784e-03
7.839328609406948090e-03
7.823205552995204926e-03
7.655925583094358444e-03
7.435358129441738129e-03
7.348794024437665939e-03
7.277333177626132965e-03
7.190053351223468781e-03
7.056381553411483765e-03
6.886442191898822784e-03
6.816640496253967285e-03
6.766273174434900284e-03
6.714370101690292358e-03
6.485504563897848129e-03
6.396393757313489914e-03
6.395376753062009811e-03
6.233026739209890366e-03
6.146095227450132370e-03
6.049172487109899521e-03
6.059594918042421341e-03
5.960525944828987122e-03
5.844319704920053482e-03
5.802386905997991562e-03
5.796515382826328278e-03
5.772040691226720810e-03
5.608043167740106583e-03
5.607631057500839233e-03
5.458197090774774551e-03
5.407261662185192108e-03
5.292737390846014023e-03
5.266326013952493668e-03
5.252574570477008820e-03
5.273201968520879745e-03
5.155727267265319824e-03
5.085508339107036591e-03
5.031564738601446152e-03
5.069780163466930389e-03
4.948820918798446655e-03
4.907986614853143692e-03
4.953061230480670929e-03
4.861207213252782822e-03
4.833168815821409225e-03
4.770943894982337952e-03
4.783282987773418427e-03
4.631864838302135468e-03
4.692640155553817749e-03
4.675313364714384079e-03
4.508451092988252640e-03
4.457454197108745575e-03
4.519161768257617950e-03
4.433965776115655899e-03
4.396397154778242111e-03
4.421872552484273911e-03
4.333101678639650345e-03
4.234828520566225052e-03
4.249102901667356491e-03
4.277970641851425171e-03
4.120047669857740402e-03
4.128397442400455475e-03
4.193662200123071671e-03
4.170265048742294312e-03
4.066393710672855377e-03
4.025987349450588226e-03
4.125545267015695572e-03
4.028383176773786545e-03
4.022972658276557922e-03
3.946816548705101013e-03
3.952181432396173477e-03
3.935204353183507919e-03
3.951333463191986084e-03
