7.443158299999822702e+00
1.323123459999987972e+01
1.931566129999987425e+01
2.514244489999987309e+01
3.100215329999991809e+01
3.673238040000001092e+01
4.235705129999996643e+01
4.833729369999991832e+01
5.408186039999986860e+01
5.962799599999993916e+01
6.564597439999988637e+01
7.136198259999991933e+01
7.706602520000001277e+01
8.295907299999998941e+01
8.903885939999986476e+01
9.464963269999998374e+01
1.005725920999998380e+02
1.063304249999998774e+02
1.120723197999998320e+02
1.178537022999998953e+02
1.235408914999998160e+02
1.292708253999999215e+02
1.349624563999998372e+02
1.405581592999999430e+02
1.461465314999998100e+02
1.517666485999998258e+02
1.576040121999999428e+02
1.632254586999999901e+02
1.688208297999999559e+02
1.744737043000000085e+02
1.801701545999999325e+02
1.858871348999998645e+02
1.915154887999999573e+02
1.971260424999998122e+02
2.027147472999999991e+02
2.083075269999999364e+02
2.139460902999999234e+02
2.193961500999998862e+02
2.252315386999998736e+02
2.308973558999998659e+02
2.367812971999999263e+02
2.424248697999998967e+02
2.478502374999998210e+02
2.537954055000000153e+02
2.591993084999999155e+02
2.649679263999998966e+02
2.705882744999998977e+02
2.761099950999998782e+02
2.814936330999998972e+02
2.873743506999999227e+02
2.929623662999999851e+02
2.985004147999998168e+02
3.040563961999998810e+02
3.096944569999998293e+02
3.156745745999999144e+02
3.212882677000000058e+02
3.266886472999999569e+02
3.323907580000000053e+02
3.379491567000000032e+02
3.435863546999999016e+02
3.492706895999999688e+02
3.546103410999999141e+02
3.602884472999999161e+02
3.658581183999999666e+02
3.714140248999999585e+02
3.876241708999998536e+02
4.040940167000001111e+02
4.207375592999999299e+02
4.373006401000000096e+02
4.536704447999998138e+02
4.699184336000000712e+02
4.863458468999999695e+02
5.030801488999998128e+02
5.197237007000001086e+02
5.362687493000000813e+02
5.528720664999998462e+02
5.693179196999997203e+02
5.858027070000000549e+02
6.023370047999999315e+02
6.189893635000000813e+02
6.355723617999999533e+02
6.519077644000001328e+02
6.688524605000000065e+02
6.850664587999997366e+02
7.016587569999999232e+02
7.186643004999998539e+02
7.352775467999997545e+02
7.518532824999999775e+02
7.682014391999998679e+02
7.848627187999998114e+02
8.013724703000000318e+02
8.176421198000000459e+02
8.347695677999997770e+02
8.512477508999998008e+02
8.674654434000001402e+02
8.845661100999998325e+02
9.013506010999997216e+02
9.181274971999998797e+02
9.353731557999997221e+02
9.522023117999999613e+02
9.690593757999997706e+02
9.859303265999999439e+02
1.002602322200000117e+03
1.019235385599999745e+03
1.036144189200000028e+03
1.053100246100000049e+03
1.070560246700000107e+03
1.087749424699999736e+03
1.104755832699999928e+03
1.121707318999999870e+03
1.138659861299999875e+03
1.155993118799999820e+03
1.172696258499999885e+03
1.189656363800000008e+03
1.206568850099999736e+03
1.223426340400000072e+03
1.240177650099999710e+03
1.257190630899999860e+03
1.273808138900000131e+03
1.290912094900000056e+03
1.307596071799999891e+03
1.324448314600000003e+03
1.341089668399999709e+03
1.357979305199999772e+03
1.375043580799999972e+03
1.391987526300000127e+03
1.408622162699999762e+03
1.425544080599999916e+03
1.441995590700000093e+03
1.458727582400000074e+03
1.475635307599999805e+03
1.492310412300000053e+03
1.509006024300000036e+03
1.526061628499999870e+03
1.542901399199999787e+03
1.559730012400000078e+03
1.576595890699999700e+03
1.593436008399999764e+03
1.610324826499999972e+03
1.627560194999999794e+03
1.644376115599999821e+03
1.661237889100000075e+03
1.678279703200000085e+03
1.695075142500000084e+03
1.711823780999999826e+03
1.728749316099999987e+03
1.745974993000000040e+03
