4.965277910232543945e-01
5.303819179534912109e-01
5.434027910232543945e-01
5.520833134651184082e-01
5.538194179534912109e-01
5.633680820465087891e-01
5.625000000000000000e-01
5.815972089767456055e-01
5.807291865348815918e-01
5.954861044883728027e-01
5.546875000000000000e-01
5.807291865348815918e-01
5.911458134651184082e-01
5.980902910232543945e-01
5.902777910232543945e-01
5.902777910232543945e-01
5.963541865348815918e-01
5.972222089767456055e-01
5.980902910232543945e-01
5.989583134651184082e-01
5.972222089767456055e-01
6.137152910232543945e-01
6.171875000000000000e-01
5.868055820465087891e-01
6.137152910232543945e-01
5.980902910232543945e-01
6.050347089767456055e-01
6.163194179534912109e-01
6.111111044883728027e-01
5.937500000000000000e-01
6.180555820465087891e-01
6.024305820465087891e-01
6.067708134651184082e-01
6.371527910232543945e-01
6.145833134651184082e-01
6.145833134651184082e-01
6.258680820465087891e-01
6.223958134651184082e-01
6.189236044883728027e-01
6.102430820465087891e-01
5.996527671813964844e-01
6.157985925674438477e-01
6.258680820465087891e-01
6.305555105209350586e-01
6.250000000000000000e-01
6.255208849906921387e-01
6.284722089767456055e-01
6.366319656372070312e-01
6.317708492279052734e-01
6.397569775581359863e-01
6.416667103767395020e-01
6.458333134651184082e-01
6.428819298744201660e-01
6.470486521720886230e-01
6.512152552604675293e-01
6.546875238418579102e-01
6.531249880790710449e-01
6.505208611488342285e-01
6.642361283302307129e-01
6.645833253860473633e-01
6.675347089767456055e-01
6.644097566604614258e-01
6.576389074325561523e-01
6.697916388511657715e-01
6.755207777023315430e-01
6.664930582046508789e-01
6.685763597488403320e-01
6.748263239860534668e-01
6.875000000000000000e-01
6.798611283302307129e-01
6.855902671813964844e-01
6.812499761581420898e-01
6.888889074325561523e-01
6.887152194976806641e-01
6.930555701255798340e-01
6.847222447395324707e-01
6.892360448837280273e-01
6.937500238418579102e-01
6.977430582046508789e-01
7.005208730697631836e-01
7.013888955116271973e-01
6.993055939674377441e-01
7.081596851348876953e-01
7.072916626930236816e-01
7.071180343627929688e-01
7.005208134651184082e-01
7.060763835906982422e-01
7.069444060325622559e-01
7.112847566604614258e-01
7.175346612930297852e-01
7.161458134651184082e-01
7.178819179534912109e-01
7.135416865348815918e-01
7.161458730697631836e-01
7.142361402511596680e-01
7.185763716697692871e-01
7.217013835906982422e-01
7.244791984558105469e-01
7.241319417953491211e-01
7.310763597488403320e-01
7.296875119209289551e-01
7.248264551162719727e-01
7.319444417953491211e-01
7.354166507720947266e-01
7.348958253860473633e-01
7.322916388511657715e-01
7.302082777023315430e-01
7.373263835906982422e-01
7.404513359069824219e-01
7.404514551162719727e-01
7.439235448837280273e-01
7.409722805023193359e-01
7.407985925674438477e-01
7.460069656372070312e-01
7.491319179534912109e-01
7.435764074325561523e-01
7.506943941116333008e-01
7.616319656372070312e-01
7.494791746139526367e-01
7.592014074325561523e-01
7.503472566604614258e-01
7.543402910232543945e-01
7.539930343627929688e-01
7.609375119209289551e-01
7.550348043441772461e-01
7.611110806465148926e-01
7.564235925674438477e-01
7.609375715255737305e-01
7.553819417953491211e-01
7.616319656372070312e-01
7.659721970558166504e-01
7.704860568046569824e-01
7.743055224418640137e-01
7.689236402511596680e-01
7.680555582046508789e-01
7.708333730697631836e-01
7.767361402511596680e-01
7.769097089767456055e-01
7.739583253860473633e-01
7.739583253860473633e-01
