3.627593599999727303e+00
5.467262699999992037e+00
7.302851200000077370e+00
9.158642599999893719e+00
1.103036629999996876e+01
1.285197549999975308e+01
1.478385909999997239e+01
1.658336789999975736e+01
1.845103770000014265e+01
2.039906729999984236e+01
2.224257850000003600e+01
2.416037289999985660e+01
2.599594339999976000e+01
2.784763620000012452e+01
2.973113890000013271e+01
3.153508099999999104e+01
3.336689489999980651e+01
3.531651169999986450e+01
3.710212700000010955e+01
3.893745429999989938e+01
4.079120779999993829e+01
4.273922499999980573e+01
4.458697930000016640e+01
4.642045509999979913e+01
4.828629309999996622e+01
5.025230389999978797e+01
5.220978109999987282e+01
5.404747499999984939e+01
5.588697559999991427e+01
5.771884520000003249e+01
5.966471980000005715e+01
6.146821869999985211e+01
6.328830430000016349e+01
6.513512549999995827e+01
6.684262099999978091e+01
6.858613019999984317e+01
7.043794609999986278e+01
7.216322549999995317e+01
7.401098709999996572e+01
7.584267939999972441e+01
7.914376480000009906e+01
8.256699900000012349e+01
8.589409359999990556e+01
8.931401159999995798e+01
9.306359759999986636e+01
9.646759680000013759e+01
9.988974839999991673e+01
1.033728837999997268e+02
1.066568323000001328e+02
1.101260367999998380e+02
1.135390767999997479e+02
1.169603038999998716e+02
1.203232388999999785e+02
1.237384443999999348e+02
1.271636140999999043e+02
1.306048120999998901e+02
1.340116871999998693e+02
1.374227998999999727e+02
1.408360256000000845e+02
1.442479514000001473e+02
1.476000853999998981e+02
1.509390837999999349e+02
1.543272259000000304e+02
1.576260045999997601e+02
1.610762681000001066e+02
1.644173915999999736e+02
1.677073639999998704e+02
1.710173535999997512e+02
1.743303341999999247e+02
1.777354783999999199e+02
1.810123994999999013e+02
1.844254713000000265e+02
1.876834963000001153e+02
1.910184697999998207e+02
1.943314003999998931e+02
1.977475702000001547e+02
2.010542614000000867e+02
2.044556686000000809e+02
2.077353340999998181e+02
2.110596454999999878e+02
2.144668115999998008e+02
2.177378263999999035e+02
2.210267466999998760e+02
2.244219235999999000e+02
2.280805433999998968e+02
2.313755169999999453e+02
2.347016254999998637e+02
2.379746885999998085e+02
2.413605555999997705e+02
2.447407066999999188e+02
2.481267822999998316e+02
2.515558391999998094e+02
2.549229740999999194e+02
2.582261180000000422e+02
2.615449290000001383e+02
2.649279919999999038e+02
2.681940177999999833e+02
2.716471136000000115e+02
2.750121886000001723e+02
2.783832535999999891e+02
2.817122699999999895e+02
2.851073876999998902e+02
2.883935342999998284e+02
2.918114780000000792e+02
2.952055729999997311e+02
2.985695627999998578e+02
3.020566737999997713e+02
3.053527567999999519e+02
3.087998287999998865e+02
3.121549363999997695e+02
3.155060253000001467e+02
3.188190135999998347e+02
3.222480765000000247e+02
3.256712738000001082e+02
3.289949197999999342e+02
3.324680921999997736e+02
3.358279858999999306e+02
3.391349362999999357e+02
3.426745559000000867e+02
3.461554228999998486e+02
3.496186517999999523e+02
3.530397804999997788e+02
3.564628382999999303e+02
3.597718767000001208e+02
3.631589539000001423e+02
3.665509868999997707e+02
3.703419184999997924e+02
3.737865999000000556e+02
3.772497991000000184e+02
3.808932051000001593e+02
3.843160652000001392e+02
3.878468944000001102e+02
3.911990922999998475e+02
3.946359127000000626e+02
3.980240134999999100e+02
4.012930253999998058e+02
4.046472502000001441e+02
4.080641136999997798e+02
4.114551099000000249e+02
4.147963292999997975e+02
