2.143475711345672607e-01
1.684380769729614258e-01
1.415653973817825317e-01
1.191837713122367859e-01
9.643556177616119385e-02
7.537792623043060303e-02
5.797496438026428223e-02
4.515294358134269714e-02
3.582642599940299988e-02
2.951825596392154694e-02
2.444424666464328766e-02
2.088895626366138458e-02
1.801030524075031281e-02
1.560650020837783813e-02
1.328089274466037750e-02
1.091070845723152161e-02
1.024963892996311188e-02
9.473680518567562103e-03
8.635773323476314545e-03
7.904022000730037689e-03
7.176492828875780106e-03
6.890580058097839355e-03
6.656443234533071518e-03
6.441622506827116013e-03
6.008552387356758118e-03
5.871088244020938873e-03
5.662749055773019791e-03
5.523337051272392273e-03
5.550107453018426895e-03
5.584719590842723846e-03
5.149047356098890305e-03
5.285585299134254456e-03
5.004499573260545731e-03
4.865271970629692078e-03
4.961637314409017563e-03
5.028768442571163177e-03
4.876064602285623550e-03
4.903700202703475952e-03
4.697396885603666306e-03
4.667151253670454025e-03
4.779618699103593826e-03
4.598958417773246765e-03
4.423185717314481735e-03
4.551936406642198563e-03
4.336318932473659515e-03
4.280755762010812759e-03
4.414279479533433914e-03
4.260301589965820312e-03
4.049908835440874100e-03
4.201109055429697037e-03
4.114250186830759048e-03
4.104540683329105377e-03
4.086873959749937057e-03
3.922405187040567398e-03
3.989055287092924118e-03
3.755077254027128220e-03
3.937412519007921219e-03
3.804922336712479591e-03
3.705266164615750313e-03
3.594106761738657951e-03
3.702435875311493874e-03
3.723799251019954681e-03
3.573204390704631805e-03
3.742037573829293251e-03
8.688062429428100586e-03
6.809358019381761551e-03
6.369988899677991867e-03
5.859754048287868500e-03
5.732130259275436401e-03
5.331276915967464447e-03
5.147454794496297836e-03
4.898664541542530060e-03
4.826914053410291672e-03
4.688227083534002304e-03
4.500887822359800339e-03
4.372576717287302017e-03
4.321214277297258377e-03
4.169319756329059601e-03
4.033871926367282867e-03
3.878789721056818962e-03
3.779492573812603951e-03
3.764725988730788231e-03
3.654676955193281174e-03
3.560481825843453407e-03
3.460537875071167946e-03
3.519389778375625610e-03
3.492526942864060402e-03
3.401985391974449158e-03
3.276188857853412628e-03
3.084369469434022903e-03
3.192261327058076859e-03
3.101473208516836166e-03
3.067406127229332924e-03
3.133081831037998199e-03
2.975181909278035164e-03
2.911839401349425316e-03
2.966676605865359306e-03
2.931870287284255028e-03
2.799086272716522217e-03
2.885513938963413239e-03
2.877364633604884148e-03
2.813906641677021980e-03
2.761054784059524536e-03
2.846683841198682785e-03
2.689039567485451698e-03
2.600868931040167809e-03
2.656086813658475876e-03
2.660265192389488220e-03
2.569050528109073639e-03
2.609362825751304626e-03
2.571973716840147972e-03
2.465708414092659950e-03
2.409876324236392975e-03
2.496089087799191475e-03
2.459592185914516449e-03
2.360630081966519356e-03
2.443316858261823654e-03
2.440371317788958549e-03
2.376975724473595619e-03
2.400365658104419708e-03
2.346476307138800621e-03
2.317731734365224838e-03
2.381925005465745926e-03
