8.531087040901184082e-01
9.224908947944641113e-01
9.305716156959533691e-01
9.325919151306152344e-01
9.329540729522705078e-01
9.344537854194641113e-01
9.359376430511474609e-01
9.371210932731628418e-01
9.387941956520080566e-01
9.392994046211242676e-01
9.402462244033813477e-01
9.402778148651123047e-01
9.413035511970520020e-01
9.422509074211120605e-01
9.421244263648986816e-01
9.435446858406066895e-01
9.430872797966003418e-01
9.453602433204650879e-01
9.439240097999572754e-01
9.443024396896362305e-01
9.451227784156799316e-01
9.453760385513305664e-01
9.453755021095275879e-01
9.450602531433105469e-01
9.459598660469055176e-01
9.448075890541076660e-01
9.470167160034179688e-01
9.473485946655273438e-01
9.455808997154235840e-01
9.467964172363281250e-01
9.470332264900207520e-01
9.471434950828552246e-01
9.475852847099304199e-01
9.481534957885742188e-01
9.468436241149902344e-01
9.476486444473266602e-01
9.485328197479248047e-01
9.486746191978454590e-01
9.486426115036010742e-01
9.469388127326965332e-01
9.482797384262084961e-01
9.490213990211486816e-01
9.498423337936401367e-01
9.485169053077697754e-01
9.497317075729370117e-01
9.494788646697998047e-01
9.494161009788513184e-01
9.494483470916748047e-01
9.496370553970336914e-01
9.495583772659301758e-01
9.500160813331604004e-01
9.498737454414367676e-01
9.490380287170410156e-01
9.497156739234924316e-01
9.506630897521972656e-01
9.512313604354858398e-01
9.510418772697448730e-01
9.500787854194641113e-01
9.508044123649597168e-01
9.505525231361389160e-01
9.502843022346496582e-01
9.499529600143432617e-01
9.502369761466979980e-01
9.498735666275024414e-01
9.506945610046386719e-01
9.510889649391174316e-01
9.131313562393188477e-01
9.134779572486877441e-01
9.138004183769226074e-01
9.144148230552673340e-01
9.153634309768676758e-01
9.160034060478210449e-01
9.161765575408935547e-01
9.158091545104980469e-01
9.171734452247619629e-01
9.168953299522399902e-01
9.172530770301818848e-01
9.182096719741821289e-01
9.173662662506103516e-01
9.178428649902343750e-01
9.187459945678710938e-01
9.184376001358032227e-01
9.184176921844482422e-01
9.184333086013793945e-01
9.193057417869567871e-01
9.187262654304504395e-01
9.190724492073059082e-01
9.194149374961853027e-01
9.197521209716796875e-01
9.200596213340759277e-01
9.195007085800170898e-01
9.207888245582580566e-01
9.205712676048278809e-01
9.202328324317932129e-01
9.207844734191894531e-01
9.202140569686889648e-01
9.199308753013610840e-01
9.209477305412292480e-01
9.199314713478088379e-01
9.206900596618652344e-01
9.204668998718261719e-01
9.205614328384399414e-01
9.202097654342651367e-01
9.202681183815002441e-01
9.202283620834350586e-01
9.207299947738647461e-01
9.205514788627624512e-01
