1.049567759037017822e-01
5.399547889828681946e-02
4.000761359930038452e-02
3.375963121652603149e-02
2.869320288300514221e-02
2.539286017417907715e-02
2.304073236882686615e-02
2.134819701313972473e-02
2.048961073160171509e-02
1.920431293547153473e-02
1.811072416603565216e-02
1.738439872860908508e-02
1.694636978209018707e-02
1.633098162710666656e-02
1.553446799516677856e-02
1.534350030124187469e-02
1.447010505944490433e-02
1.470285095274448395e-02
1.383137796074151993e-02
1.333768479526042938e-02
1.314832828938961029e-02
1.313308067619800568e-02
1.255361083894968033e-02
1.254582963883876801e-02
1.201199088245630264e-02
1.184844877570867538e-02
1.179311238229274750e-02
1.167122460901737213e-02
1.145466975867748260e-02
1.079537533223628998e-02
1.116440258920192719e-02
1.078719738870859146e-02
1.051231194287538528e-02
1.064187102019786835e-02
1.027228496968746185e-02
1.024775113910436630e-02
9.702788665890693665e-03
9.542039595544338226e-03
9.649228304624557495e-03
9.303661063313484192e-03
9.183175861835479736e-03
9.499565698206424713e-03
9.336141869425773621e-03
8.933218196034431458e-03
8.777725510299205780e-03
8.513361215591430664e-03
8.401262573897838593e-03
8.282627910375595093e-03
8.315274491906166077e-03
8.077855221927165985e-03
8.067563176155090332e-03
7.824099622666835785e-03
7.673637941479682922e-03
7.709553465247154236e-03
7.517858874052762985e-03
7.594671100378036499e-03
7.612837944179773331e-03
7.615896873176097870e-03
7.460680790245532990e-03
7.267977576702833176e-03
7.421810645610094070e-03
7.256015203893184662e-03
7.219919469207525253e-03
7.226489484310150146e-03
7.200924213975667953e-03
6.821349728852510452e-03
6.982021499425172806e-03
6.885753944516181946e-03
6.787269841879606247e-03
6.712919566780328751e-03
6.748649291694164276e-03
6.684491410851478577e-03
6.766984704881906509e-03
6.733482703566551208e-03
6.718095391988754272e-03
6.534283980727195740e-03
6.636207923293113708e-03
6.375160533934831619e-03
6.509467028081417084e-03
6.316562648862600327e-03
6.652222014963626862e-03
1.562613807618618011e-02
1.487425621598958969e-02
1.449433434754610062e-02
1.429697684943675995e-02
1.429743878543376923e-02
1.378107909113168716e-02
1.387058570981025696e-02
1.373157743364572525e-02
1.335531938821077347e-02
1.336723286658525467e-02
1.319587975740432739e-02
1.307092513889074326e-02
1.286976132541894913e-02
1.283405721187591553e-02
1.295114960521459579e-02
1.263808365911245346e-02
1.252881065011024475e-02
1.232631318271160126e-02
1.248221844434738159e-02
1.205306872725486755e-02
1.223168615251779556e-02
1.196068618446588516e-02
1.185036543756723404e-02
1.168372575193643570e-02
1.169779244810342789e-02
1.154175493866205215e-02
1.153220143169164658e-02
1.143696624785661697e-02
1.139332354068756104e-02
1.128025259822607040e-02
1.127652544528245926e-02
1.094811689108610153e-02
1.099438313394784927e-02
1.101849786937236786e-02
1.106029469519853592e-02
1.078617386519908905e-02
1.077732350677251816e-02
1.070239022374153137e-02
1.058400422334671021e-02
1.065105572342872620e-02
1.058937795460224152e-02
1.048320345580577850e-02
1.048085466027259827e-02
1.043693721294403076e-02
1.048308890312910080e-02
1.034931093454360962e-02
1.033115200698375702e-02
1.044960319995880127e-02
1.015606522560119629e-02
1.020862720906734467e-02
1.004658732563257217e-02
1.016005594283342361e-02
1.012104749679565430e-02
1.001658197492361069e-02
9.933617897331714630e-03
9.945208206772804260e-03
9.961555711925029755e-03
9.957254864275455475e-03
9.825207293033599854e-03
9.974122047424316406e-03
