6.592398881912231445e-01
8.049445748329162598e-01
9.122620224952697754e-01
9.672389030456542969e-01
9.793596863746643066e-01
9.829281568527221680e-01
9.847607016563415527e-01
9.852750301361083984e-01
9.860789179801940918e-01
9.868505001068115234e-01
9.870113730430603027e-01
9.871076941490173340e-01
9.865290522575378418e-01
9.871399402618408203e-01
9.872685074806213379e-01
9.868183135986328125e-01
9.875578880310058594e-01
9.865290522575378418e-01
9.876221418380737305e-01
9.856609702110290527e-01
9.873328804969787598e-01
9.873973131179809570e-01
9.864647388458251953e-01
9.870755672454833984e-01
9.870113134384155273e-01
9.871399402618408203e-01
9.871077537536621094e-01
9.882974028587341309e-01
9.876864552497863770e-01
9.875578880310058594e-01
9.888760447502136230e-01
9.867219328880310059e-01
9.880402088165283203e-01
9.893261194229125977e-01
9.878151416778564453e-01
9.892940521240234375e-01
9.882010221481323242e-01
9.619352817535400391e-01
9.648688435554504395e-01
9.659362435340881348e-01
9.678320884704589844e-01
9.694383740425109863e-01
9.685106873512268066e-01
9.688796401023864746e-01
9.707156419754028320e-01
9.707255959510803223e-01
9.722121953964233398e-01
9.724916219711303711e-01
9.728012681007385254e-01
9.721226096153259277e-01
9.735592603683471680e-01
9.747167825698852539e-01
9.736590981483459473e-01
9.751455187797546387e-01
9.752753376960754395e-01
9.761534333229064941e-01
9.749962091445922852e-01
9.763630032539367676e-01
9.765228629112243652e-01
9.771910309791564941e-01
9.767919778823852539e-01
9.775601029396057129e-01
9.770115017890930176e-01
9.772509932518005371e-01
9.774602055549621582e-01
9.781587719917297363e-01
9.781388640403747559e-01
9.783984422683715820e-01
9.784084558486938477e-01
9.785680770874023438e-01
9.783884882926940918e-01
9.789570569992065430e-01
9.781590700149536133e-01
9.789471626281738281e-01
9.787874817848205566e-01
9.791364073753356934e-01
9.790267944335937500e-01
9.789670109748840332e-01
9.795157909393310547e-01
9.791566729545593262e-01
9.795757532119750977e-01
9.785580039024353027e-01
9.799449443817138672e-01
9.797752499580383301e-01
9.792564511299133301e-01
9.795957803726196289e-01
9.801742434501647949e-01
