2.080592364072799683e-01
1.412160247564315796e-01
9.064041078090667725e-02
4.968215525150299072e-02
2.752457931637763977e-02
1.795365661382675171e-02
1.408833265304565430e-02
1.156068034470081329e-02
9.633339941501617432e-03
8.673236705362796783e-03
7.979125715792179108e-03
7.425087969750165939e-03
7.047987543046474457e-03
6.600907538086175919e-03
6.142067257314920425e-03
5.983025766909122467e-03
5.730726756155490875e-03
5.691531114280223846e-03
5.641711875796318054e-03
5.528898909687995911e-03
5.176217295229434967e-03
5.039742682129144669e-03
5.042043980211019516e-03
4.920048639178276062e-03
4.783498588949441910e-03
4.717068746685981750e-03
4.653478506952524185e-03
4.429514519870281219e-03
4.373251926153898239e-03
4.423738922923803329e-03
4.369481932371854782e-03
4.204524215310811996e-03
4.224957898259162903e-03
4.114994313567876816e-03
4.096770659089088440e-03
3.907399717718362808e-03
4.209875594824552536e-03
8.709127083420753479e-03
6.874023005366325378e-03
6.381523795425891876e-03
5.675867665559053421e-03
5.277484189718961716e-03
5.148803349584341049e-03
4.978143144398927689e-03
4.637700971215963364e-03
4.503834061324596405e-03
4.095207899808883667e-03
4.005628637969493866e-03
3.871088847517967224e-03
3.895373549312353134e-03
3.606860293075442314e-03
3.400821704417467117e-03
3.560008248314261436e-03
3.396591870114207268e-03
3.338159760460257530e-03
3.146548988297581673e-03
3.112774807959794998e-03
3.058432834222912788e-03
3.020972711965441704e-03
2.843539696186780930e-03
2.891239710152149200e-03
2.855958184227347374e-03
2.832810394465923309e-03
2.707413863390684128e-03
2.675180556252598763e-03
2.670442452654242516e-03
2.642431762069463730e-03
2.697367686778306961e-03
2.563216025009751320e-03
2.575216349214315414e-03
2.591104945167899132e-03
2.601102460175752640e-03
2.574446145445108414e-03
2.428168198093771935e-03
2.463373588398098946e-03
2.428574487566947937e-03
2.452611690387129784e-03
2.532071666792035103e-03
2.426834311336278915e-03
2.399587770923972130e-03
2.401150530204176903e-03
2.420489909127354622e-03
2.382666105404496193e-03
2.223622752353549004e-03
2.210485283285379410e-03
2.223914721980690956e-03
2.385916886851191521e-03
