5.127500295639038086e-01
5.391000509262084961e-01
5.645999908447265625e-01
5.701376199722290039e-01
5.913000106811523438e-01
6.119249463081359863e-01
6.302124261856079102e-01
6.488249897956848145e-01
6.500999331474304199e-01
6.549000740051269531e-01
6.621750593185424805e-01
6.713625192642211914e-01
6.291375160217285156e-01
6.820375919342041016e-01
6.937751770019531250e-01
7.020374536514282227e-01
7.077874541282653809e-01
7.113248705863952637e-01
6.922374963760375977e-01
6.989373564720153809e-01
6.787998676300048828e-01
6.520125865936279297e-01
7.039499878883361816e-01
6.988375782966613770e-01
7.008374929428100586e-01
7.041500806808471680e-01
7.045624256134033203e-01
7.058374881744384766e-01
7.054750919342041016e-01
7.087749242782592773e-01
7.065875530242919922e-01
7.125999927520751953e-01
7.192125916481018066e-01
7.201375365257263184e-01
6.995500326156616211e-01
6.996125578880310059e-01
7.297750711441040039e-01
7.348125576972961426e-01
6.964876055717468262e-01
7.138749957084655762e-01
7.240874767303466797e-01
7.160875201225280762e-01
7.273499965667724609e-01
7.287499904632568359e-01
7.324501276016235352e-01
7.356749176979064941e-01
7.162500619888305664e-01
7.214500904083251953e-01
7.196249365806579590e-01
7.276249527931213379e-01
7.275126576423645020e-01
7.246375083923339844e-01
7.148123979568481445e-01
7.102874517440795898e-01
7.302625179290771484e-01
7.345250844955444336e-01
7.396751642227172852e-01
7.159625291824340820e-01
7.208873629570007324e-01
7.270374298095703125e-01
7.360374331474304199e-01
7.443374395370483398e-01
7.240749597549438477e-01
7.378500103950500488e-01
7.445250153541564941e-01
7.140124440193176270e-01
7.260875701904296875e-01
7.080999612808227539e-01
7.104374766349792480e-01
7.293875217437744141e-01
7.350875735282897949e-01
7.371000647544860840e-01
7.383000850677490234e-01
7.375123500823974609e-01
7.226000428199768066e-01
7.255499958992004395e-01
7.261124253273010254e-01
7.211499214172363281e-01
