1.035434504760014534e+02
1.737708207430005132e+02
2.478493642100002035e+02
3.231286218200002622e+02
3.927773607970011653e+02
4.629682490939994750e+02
5.344832195070011949e+02
6.082510883640024986e+02
6.782319851030006248e+02
7.541712966260020039e+02
8.313307387820022996e+02
9.083103695820027497e+02
9.841897993269994913e+02
1.055665370116999839e+03
1.128425906677999592e+03
1.199690352882000298e+03
1.268062914362002630e+03
1.356195122132001416e+03
1.423314494051999645e+03
1.501054005592999602e+03
1.573359002807999786e+03
1.649822739439001452e+03
1.727821106054001575e+03
1.798734444440000516e+03
1.869251030595001794e+03
1.938657455186999869e+03
2.010066634345002967e+03
2.081337988879000477e+03
2.148731964438000432e+03
2.225613679182999476e+03
2.303098937568000110e+03
2.375528769390999514e+03
2.447639510963999783e+03
2.523384855373002210e+03
2.593553835319002246e+03
2.669905721775001439e+03
2.750926529030002712e+03
2.826529768419000902e+03
2.898788250675999734e+03
2.972698790047001239e+03
3.045267449069000577e+03
3.115734462505999545e+03
3.186558184982000967e+03
3.258606307052999910e+03
3.338948333472002560e+03
3.413878942687999370e+03
3.480869150141999853e+03
3.553374251781002386e+03
3.624676759541001957e+03
3.694727553767999780e+03
3.769208529580002505e+03
3.844588288220002141e+03
3.916574125385999650e+03
3.987989907621002203e+03
4.059190647600000375e+03
4.137652224573001149e+03
4.211860854427002778e+03
4.280855086177001795e+03
4.359506918286002474e+03
4.431676774517000013e+03
4.516359008712999639e+03
4.594339007921000302e+03
4.666415061199000775e+03
4.737956647117000102e+03
4.813228838000999531e+03
4.880529306399999768e+03
4.958753034099001525e+03
5.035940880566002306e+03
5.107756427497999539e+03
5.180041383912001038e+03
5.252195598561000224e+03
5.320392144606001239e+03
5.391998157766000077e+03
5.469303244898001140e+03
5.542441654703001404e+03
5.616136098671002401e+03
5.693572456756999600e+03
5.762830527112000709e+03
