7.045532464981079102e-01
7.945510149002075195e-01
8.329350352287292480e-01
8.576309680938720703e-01
8.769610524177551270e-01
8.917219042778015137e-01
9.007537364959716797e-01
9.104801416397094727e-01
9.174596071243286133e-01
9.234142899513244629e-01
9.290598630905151367e-01
9.327533245086669922e-01
9.366908073425292969e-01
9.396030902862548828e-01
9.424087405204772949e-01
9.432688355445861816e-01
9.456281661987304688e-01
9.474274516105651855e-01
9.484333992004394531e-01
9.496408104896545410e-01
9.509825110435485840e-01
9.522097706794738770e-01
9.539694190025329590e-01
9.539970159530639648e-01
9.552792906761169434e-01
9.550148248672485352e-01
9.555909633636474609e-01
9.554609656333923340e-01
9.553266763687133789e-01
9.566685557365417480e-01
9.562183618545532227e-01
9.563761353492736816e-01
9.565574526786804199e-01
9.559621214866638184e-01
9.563013911247253418e-01
9.564194679260253906e-01
9.568300843238830566e-01
9.568499922752380371e-01
9.569168090820312500e-01
9.563055038452148438e-01
9.565735459327697754e-01
9.567390680313110352e-01
9.565417170524597168e-01
9.573308825492858887e-01
9.570509195327758789e-01
9.569012522697448730e-01
9.574138522148132324e-01
9.567429423332214355e-01
9.573667645454406738e-01
9.571536183357238770e-01
9.573072195053100586e-01
9.570472836494445801e-01
9.572004675865173340e-01
9.575641155242919922e-01
9.573900103569030762e-01
9.575402140617370605e-01
9.566129446029663086e-01
9.572324752807617188e-01
9.575597643852233887e-01
9.576547741889953613e-01
9.569600820541381836e-01
9.574731588363647461e-01
9.577415585517883301e-01
9.566288590431213379e-01
9.325104355812072754e-01
9.328869581222534180e-01
9.337783455848693848e-01
9.337648153305053711e-01
9.339421987533569336e-01
9.337151050567626953e-01
9.341824650764465332e-01
9.340100884437561035e-01
9.337968230247497559e-01
9.344895482063293457e-01
9.345809221267700195e-01
9.347856044769287109e-01
9.353452920913696289e-01
9.352235794067382812e-01
9.350959062576293945e-01
9.355182647705078125e-01
9.355151653289794922e-01
9.353679418563842773e-01
9.350790977478027344e-01
9.354020357131958008e-01
9.353693723678588867e-01
9.354420900344848633e-01
9.364288449287414551e-01
9.358471632003784180e-01
9.363241195678710938e-01
9.361136555671691895e-01
9.362707734107971191e-01
9.361968040466308594e-01
9.367917180061340332e-01
9.368348717689514160e-01
9.370039701461791992e-01
9.363096356391906738e-01
9.365056753158569336e-01
9.371181726455688477e-01
9.373857975006103516e-01
9.371015429496765137e-01
9.373812675476074219e-01
9.367566108703613281e-01
9.375743865966796875e-01
9.373611211776733398e-01
9.378002882003784180e-01
9.377721548080444336e-01
9.377189278602600098e-01
9.379588365554809570e-01
9.379278421401977539e-01
9.384282827377319336e-01
9.379608035087585449e-01
9.378722310066223145e-01
9.379419088363647461e-01
9.385946989059448242e-01
9.387723803520202637e-01
9.387086629867553711e-01
9.386970996856689453e-01
9.384774565696716309e-01
