1.199015974998474121e-01
9.861354529857635498e-02
8.633067458868026733e-02
7.588471472263336182e-02
6.853054463863372803e-02
6.255853921175003052e-02
5.787876620888710022e-02
5.393149331212043762e-02
5.034235119819641113e-02
4.704936593770980835e-02
4.480439424514770508e-02
4.193654656410217285e-02
3.998001664876937866e-02
3.848375380039215088e-02
3.649608418345451355e-02
3.484284505248069763e-02
3.358956426382064819e-02
3.199102357029914856e-02
3.109345585107803345e-02
2.943707071244716644e-02
2.834575250744819641e-02
2.756043151021003723e-02
2.582849189639091492e-02
2.466657944023609161e-02
2.415437065064907074e-02
2.314035035669803619e-02
2.246696315705776215e-02
2.143337018787860870e-02
2.064322493970394135e-02
2.018748596310615540e-02
1.915971934795379639e-02
1.883268170058727264e-02
1.852998323738574982e-02
1.752435974776744843e-02
1.690685190260410309e-02
1.640351302921772003e-02
1.602781377732753754e-02
1.540412008762359619e-02
1.480949670076370239e-02
1.463646627962589264e-02
1.389050483703613281e-02
1.352128852158784866e-02
1.298710983246564865e-02
1.278919260948896408e-02
1.266514509916305542e-02
1.190546341240406036e-02
1.192798465490341187e-02
1.186560932546854019e-02
1.092340797185897827e-02
1.083393767476081848e-02
1.043470948934555054e-02
1.035982649773359299e-02
1.001886650919914246e-02
9.921383112668991089e-03
9.511270560324192047e-03
9.248087182641029358e-03
9.209394454956054688e-03
8.877827785909175873e-03
8.646599017083644867e-03
8.666913956403732300e-03
8.438108488917350769e-03
8.145837113261222839e-03
8.033036254346370697e-03
7.820324040949344635e-03
7.885011844336986542e-03
7.545905187726020813e-03
7.582375779747962952e-03
7.454367820173501968e-03
7.353768683969974518e-03
7.026049774140119553e-03
6.984080653637647629e-03
6.946949753910303116e-03
6.866804789751768112e-03
6.857861299067735672e-03
6.760092917829751968e-03
6.607877090573310852e-03
6.526067387312650681e-03
6.436537019908428192e-03
6.339126266539096832e-03
6.245089694857597351e-03
6.210167426615953445e-03
6.344824563711881638e-03
6.089968606829643250e-03
5.930025596171617508e-03
5.888877902179956436e-03
5.960904061794281006e-03
5.834930110722780228e-03
5.944662261754274368e-03
5.816940683871507645e-03
5.781109444797039032e-03
5.666178651154041290e-03
5.384827964007854462e-03
5.599736236035823822e-03
5.493385717272758484e-03
5.477491300553083420e-03
5.376403219997882843e-03
5.455425474792718887e-03
5.351134110242128372e-03
5.447043571621179581e-03
5.206635221838951111e-03
1.262197643518447876e-02
1.224715355783700943e-02
1.201490685343742371e-02
1.181728485971689224e-02
1.169661805033683777e-02
1.146344840526580811e-02
1.139705348759889603e-02
1.129164732992649078e-02
1.116194669157266617e-02
1.110018230974674225e-02
1.090683508664369583e-02
1.087872684001922607e-02
1.071295980364084244e-02
1.063909754157066345e-02
1.055755931884050369e-02
1.040619891136884689e-02
1.040328666567802429e-02
1.024036109447479248e-02
1.023410633206367493e-02
1.019518822431564331e-02
1.002619415521621704e-02
9.982353076338768005e-03
9.829309768974781036e-03
9.759221225976943970e-03
9.752861224114894867e-03
9.701453149318695068e-03
9.660690091550350189e-03
9.600333869457244873e-03
9.547176770865917206e-03
9.419327601790428162e-03
9.385013021528720856e-03
9.344445541501045227e-03
9.113733656704425812e-03
9.122082032263278961e-03
9.137339890003204346e-03
9.205261245369911194e-03
8.983871899545192719e-03
8.979524485766887665e-03
8.926203474402427673e-03
8.912422694265842438e-03
8.803577162325382233e-03
8.636712096631526947e-03
8.676441386342048645e-03
8.684705011546611786e-03
8.665783330798149109e-03
8.486585691571235657e-03
8.565844036638736725e-03
8.518669754266738892e-03
8.542790077626705170e-03
8.484930731356143951e-03
8.296510204672813416e-03
8.336532860994338989e-03
8.353872224688529968e-03
8.274433203041553497e-03
8.234332315623760223e-03
8.219141513109207153e-03
8.128657005727291107e-03
8.101161569356918335e-03
8.101609535515308380e-03
8.051243610680103302e-03
7.986593060195446014e-03
7.951807230710983276e-03
7.970144040882587433e-03
7.857653312385082245e-03
7.860141806304454803e-03
7.859336212277412415e-03
7.862879894673824310e-03
7.739363238215446472e-03
7.617085240781307220e-03
7.627883460372686386e-03
7.727134507149457932e-03
7.583797443658113480e-03
7.565343752503395081e-03
7.533626630902290344e-03
7.567133754491806030e-03
7.438540924340486526e-03
7.412173319607973099e-03
7.457219529896974564e-03
7.361121941357851028e-03
7.430917117744684219e-03
7.371712941676378250e-03
7.368790917098522186e-03
7.238958030939102173e-03
7.236427627503871918e-03
7.243193220347166061e-03
7.233434356749057770e-03
7.225402630865573883e-03
7.199732121080160141e-03
