1.437356472015380859e-01
6.363754719495773315e-02
4.178667441010475159e-02
3.409183025360107422e-02
3.012396022677421570e-02
2.875747159123420715e-02
2.817976288497447968e-02
2.733513526618480682e-02
2.628778852522373199e-02
2.599344216287136078e-02
2.546596527099609375e-02
2.490886673331260681e-02
2.486627735197544098e-02
2.473220229148864746e-02
2.398246340453624725e-02
2.371559292078018188e-02
2.338254638016223907e-02
2.276762016117572784e-02
2.275401912629604340e-02
2.243804186582565308e-02
2.216376364231109619e-02
2.181962132453918457e-02
2.197578921914100647e-02
2.164479531347751617e-02
3.722447901964187622e-02
3.449861705303192139e-02
3.329251706600189209e-02
3.233773261308670044e-02
3.176675364375114441e-02
3.085385821759700775e-02
3.038541786372661591e-02
2.974982932209968567e-02
2.934293448925018311e-02
2.906865999102592468e-02
2.850486896932125092e-02
2.810045890510082245e-02
2.762212231755256653e-02
2.730163186788558960e-02
2.719387784600257874e-02
2.694901451468467712e-02
2.650362066924571991e-02
2.610101364552974701e-02
2.584786154329776764e-02
2.502637170255184174e-02
2.474671974778175354e-02
2.426018193364143372e-02
2.366773970425128937e-02
2.296539396047592163e-02
2.242752164602279663e-02
2.201855182647705078e-02
2.130853757262229919e-02
2.058601938188076019e-02
2.045879326760768890e-02
1.979570090770721436e-02
1.917609758675098419e-02
1.902310550212860107e-02
1.858109235763549805e-02
1.802144944667816162e-02
1.771878823637962341e-02
1.729574240744113922e-02
1.687407493591308594e-02
1.657973043620586395e-02
1.624643057584762573e-02
1.594593375921249390e-02
1.571109145879745483e-02
1.564162410795688629e-02
1.518779154866933823e-02
1.487716194242238998e-02
1.475822739303112030e-02
1.456203870475292206e-02
1.437538489699363708e-02
1.415824517607688904e-02
1.402808446437120438e-02
1.380285900086164474e-02
1.365189347416162491e-02
