8.915973399999529647e+00
1.606719489999977668e+01
2.318756310000026133e+01
3.016513649999978952e+01
3.723751629999969737e+01
4.434059429999979329e+01
5.129146539999965171e+01
5.832945879999988392e+01
6.546964349999961996e+01
7.244203389999984211e+01
7.939875529999972059e+01
8.643053940000027069e+01
9.344684969999980240e+01
1.003991097999996782e+02
1.074031795999999304e+02
1.142605551999995441e+02
1.209846207000000504e+02
1.278668311000001268e+02
1.350435421000001952e+02
1.420646994999997332e+02
1.489157180000001972e+02
1.559215569999996660e+02
1.628462804999999207e+02
1.698464791999995214e+02
1.766615955999996004e+02
1.835752173999999286e+02
1.906762726999995721e+02
1.975820307000003595e+02
2.045249634000001606e+02
2.114912770000000819e+02
2.185382091000001310e+02
2.253464211000000432e+02
2.321105316000002858e+02
2.393264822000001004e+02
2.463399667000003319e+02
2.534417013000002044e+02
2.607332398999997167e+02
2.680611730000000534e+02
2.751143585999998322e+02
2.820639445999995587e+02
2.891795965000001161e+02
2.962465089999996053e+02
3.031205420999995113e+02
3.103080711000002339e+02
3.174909034000002066e+02
3.242330937999995513e+02
3.313446082000000388e+02
3.384653368999997838e+02
3.454494154000003618e+02
3.525336086999996041e+02
3.596174639000000752e+02
3.664736646000001201e+02
3.735306988000002093e+02
3.806921535999999833e+02
3.875785550000000512e+02
3.942387799999996787e+02
4.013753029999998034e+02
4.085532109999994645e+02
4.153919918999999936e+02
4.229506964000001972e+02
4.299100855999995474e+02
4.369270280999999159e+02
4.440284155999997893e+02
4.509643403000000035e+02
4.580251226000000315e+02
4.651589026999999987e+02
4.717217954999996437e+02
4.789953506000001653e+02
4.863173641000003045e+02
4.930632395000002361e+02
5.003435775999996622e+02
5.074703226000001450e+02
5.144203755999997156e+02
5.220001014999998006e+02
5.291666755999995075e+02
5.358033938999997190e+02
5.431745825999996669e+02
5.503113123000002815e+02
5.572905822000002445e+02
5.643808815000002141e+02
5.715721498000002612e+02
5.784651893000000200e+02
5.855665624000002936e+02
5.924263709999995626e+02
5.996279323999997359e+02
6.066792980999998690e+02
6.137675880999995570e+02
6.207422771999999895e+02
6.277174398999995901e+02
6.348289795000000595e+02
6.418427309999997306e+02
6.489212123999996038e+02
6.560651543000003585e+02
6.631510149999994610e+02
6.702824017000002641e+02
6.774709100000000035e+02
6.845203093000000081e+02
6.915929467000005388e+02
6.987915905999998358e+02
7.057550544999994599e+02
7.270180820999994467e+02
7.486123415000001842e+02
7.700961525000002439e+02
7.912736664000003657e+02
8.133918439999997645e+02
8.354045738999993773e+02
8.568518867999991926e+02
8.785137063000001945e+02
8.999403339000000415e+02
9.214943898999990779e+02
9.431920348999992711e+02
9.648880926999991061e+02
9.860794901999997819e+02
1.007889853299999231e+03
1.029574361099999805e+03
1.051010778300000311e+03
1.072851370200000019e+03
1.094498610500000723e+03
1.116264037499999176e+03
1.138983517000000575e+03
1.160578385900000285e+03
1.183006011999999828e+03
1.205531243699999322e+03
1.226932289799999126e+03
1.248376432099999874e+03
1.270198472399999446e+03
1.292325542999999016e+03
1.313894789300000411e+03
1.335848516000000018e+03
1.357531945000000633e+03
1.378961490199999389e+03
1.401099252300000444e+03
1.423141051099999459e+03
1.444949945799999114e+03
1.467877552800000558e+03
1.489671884600000340e+03
1.511578883199999837e+03
1.533639050399999178e+03
1.555585379300000568e+03
1.577190667200000462e+03
1.599198415599999862e+03
1.621120747599999959e+03
1.642600907800000641e+03
1.665158699300000080e+03
1.686615335599999526e+03
1.708909460700000636e+03
1.730810309899999993e+03
1.753129417800000738e+03
1.775169314400000076e+03
1.797341239800000039e+03
1.820317981099999088e+03
1.842329891100000168e+03
1.865026905999999144e+03
1.887039339799999652e+03
1.909379940299999362e+03
1.931463159599999926e+03
1.953905107399999906e+03
1.975954824299999018e+03
1.998419389000000592e+03
2.020160748099999182e+03
2.042990682899999229e+03
2.064904258099999424e+03
2.087004662199999075e+03
2.109422843799999100e+03
2.131981313899999805e+03
2.154253680399999212e+03
2.177081457000000228e+03
2.199791992299999038e+03
2.222390372699999716e+03
2.244459412399999565e+03
2.267114406999999119e+03
2.289091200099999696e+03
2.312170061799999530e+03
2.334232960800000001e+03
2.356888038099999903e+03
2.379936561099999381e+03
2.402605558400000518e+03
2.425427974800000811e+03
2.448072218799999973e+03
2.471285736499999985e+03
2.494077571800000442e+03
2.516618559200000163e+03
2.539479547499999171e+03
2.563356039000000237e+03
2.586089357099999688e+03
2.609138879699999961e+03
2.631404794399999446e+03
2.654564383400000224e+03
2.677602631399999154e+03
2.700450065700000778e+03
2.723235993799999051e+03
2.745558860999999524e+03
2.768780421999999817e+03
2.791509370699999636e+03
2.814336263600000166e+03
2.837304905900000449e+03
2.859976902500000506e+03
2.883097254300000714e+03
2.905870982099999310e+03
2.928740371199999572e+03
