1.123757511377334595e-01
1.125405654311180115e-01
1.123673766851425171e-01
1.121693849563598633e-01
1.123230084776878357e-01
1.122813373804092407e-01
1.121855601668357849e-01
1.122487336397171021e-01
1.120155453681945801e-01
1.122761964797973633e-01
1.121366992592811584e-01
1.118624433875083923e-01
1.120794564485549927e-01
1.120808497071266174e-01
1.122092157602310181e-01
1.120756641030311584e-01
1.122855171561241150e-01
1.021410375833511353e-01
1.017410531640052795e-01
1.018342897295951843e-01
1.017359569668769836e-01
1.014072448015213013e-01
1.008176356554031372e-01
1.000077724456787109e-01
9.813689440488815308e-02
9.467267990112304688e-02
8.804426342248916626e-02
7.704830914735794067e-02
6.174340471625328064e-02
4.710648953914642334e-02
3.756903111934661865e-02
3.356517106294631958e-02
3.230820596218109131e-02
3.177248314023017883e-02
3.125122934579849243e-02
3.150693699717521667e-02
3.100395202636718750e-02
3.139927610754966736e-02
3.111954405903816223e-02
3.131626918911933899e-02
3.115637972950935364e-02
3.118401020765304565e-02
3.119781799614429474e-02
3.124387934803962708e-02
3.101622872054576874e-02
3.098659403622150421e-02
3.119750134646892548e-02
3.140857815742492676e-02
