5.974547266960144043e-01
7.053726911544799805e-01
7.619513273239135742e-01
8.021608591079711914e-01
8.219400644302368164e-01
8.445870876312255859e-01
8.547557592391967773e-01
8.688771128654479980e-01
8.771390914916992188e-01
8.873697519302368164e-01
8.958488106727600098e-01
9.037233591079711914e-01
9.078465700149536133e-01
9.160156250000000000e-01
9.184337854385375977e-01
9.216579794883728027e-01
9.251612424850463867e-01
9.270213246345520020e-01
9.288039803504943848e-01
9.310050606727600098e-01
9.313150644302368164e-01
9.374535083770751953e-01
9.414682388305664062e-01
9.423208236694335938e-01
9.411892294883728027e-01
9.423363208770751953e-01
9.439949393272399902e-01
9.451574683189392090e-01
9.471415877342224121e-01
9.523034095764160156e-01
9.487692117691040039e-01
9.481336474418640137e-01
9.532179832458496094e-01
9.480096697807312012e-01
9.506293535232543945e-01
9.477616548538208008e-01
9.478081464767456055e-01
9.503192901611328125e-01
9.176294803619384766e-01
9.221827983856201172e-01
9.266046881675720215e-01
9.265125393867492676e-01
9.294981360435485840e-01
9.286826848983764648e-01
9.323180913925170898e-01
9.322074651718139648e-01
9.322574734687805176e-01
9.302373528480529785e-01
9.329650998115539551e-01
9.342724084854125977e-01
9.360085129737854004e-01
9.362531304359436035e-01
9.373342990875244141e-01
9.362793564796447754e-01
9.364057779312133789e-01
9.344986081123352051e-01
9.371187090873718262e-01
