2.466898411512374878e-01
1.905475258827209473e-01
1.637140214443206787e-01
1.459821164608001709e-01
1.351604461669921875e-01
1.251152008771896362e-01
1.136732250452041626e-01
1.074352636933326721e-01
9.830749779939651489e-02
9.387136995792388916e-02
8.618170768022537231e-02
8.058012276887893677e-02
7.542996108531951904e-02
6.792000681161880493e-02
6.332784146070480347e-02
5.890317261219024658e-02
5.604800581932067871e-02
5.213886499404907227e-02
4.931861534714698792e-02
4.714830592274665833e-02
4.396746307611465454e-02
4.214053228497505188e-02
4.112065583467483521e-02
3.932255879044532776e-02
3.720751777291297913e-02
3.596398979425430298e-02
3.422620519995689392e-02
3.360486775636672974e-02
3.221604228019714355e-02
3.078952990472316742e-02
2.988957799971103668e-02
2.788492292165756226e-02
2.698229253292083740e-02
2.593994140625000000e-02
2.516024932265281677e-02
2.446618489921092987e-02
2.401260286569595337e-02
2.320311777293682098e-02
2.165028825402259827e-02
2.114116586744785309e-02
2.377274259924888611e-02
2.182736806571483612e-02
2.162234857678413391e-02
2.093802019953727722e-02
3.464121744036674500e-02
3.093763440847396851e-02
2.906569093465805054e-02
2.738717757165431976e-02
2.560073882341384888e-02
2.501402236521244049e-02
2.322768419981002808e-02
2.319780364632606506e-02
2.224491722881793976e-02
2.298906631767749786e-02
2.211002632975578308e-02
2.096948400139808655e-02
2.075069025158882141e-02
2.016386762261390686e-02
1.875418238341808319e-02
1.847295276820659637e-02
1.767992414534091949e-02
1.699977740645408630e-02
1.670000888407230377e-02
1.628898270428180695e-02
1.567764393985271454e-02
1.468158140778541565e-02
1.438449602574110031e-02
1.446737721562385559e-02
1.398952864110469818e-02
1.373495906591415405e-02
1.571830548346042633e-02
