3.695969139999999697e+01
3.735090399999999988e+01
3.774145810000000267e+01
3.813294460000000186e+01
3.852149049999999875e+01
3.891249609999999848e+01
3.930665720000000363e+01
3.970133289999999704e+01
4.009814709999999849e+01
4.048796149999999727e+01
4.087925489999999940e+01
4.127550910000000073e+01
4.166552169999999933e+01
4.205891600000000352e+01
4.246712320000000318e+01
4.287479059999999720e+01
4.326544700000000176e+01
4.365511310000000122e+01
4.404542169999999857e+01
4.445086160000000319e+01
4.486294670000000195e+01
4.527334059999999738e+01
4.567675820000000186e+01
4.606735230000000314e+01
4.647770979999999952e+01
4.689264060000000001e+01
4.730102349999999944e+01
4.770150079999999804e+01
4.810138580000000275e+01
4.850984259999999892e+01
4.893756100000000231e+01
4.935002159999999805e+01
4.979451209999999861e+01
5.022010749999999746e+01
5.065511670000000066e+01
5.108286040000000128e+01
5.150488349999999826e+01
5.205083100000000229e+01
1.064206997999999942e+02
1.076043319999999994e+02
1.088585564999999917e+02
1.100895639999999958e+02
1.112752330999999941e+02
1.124790121999999997e+02
1.137100068999999962e+02
1.148978187999999960e+02
1.160999327999999906e+02
1.173296555999999953e+02
1.185380580999999864e+02
1.197782459999999958e+02
1.210063211999999879e+02
1.221899076999999920e+02
1.234001098999999897e+02
1.246753720999999899e+02
1.259370690999999880e+02
1.272176952999999884e+02
1.284635427000000050e+02
