1.224790588021278381e-01
1.032112464308738708e-01
9.055534005165100098e-02
7.928540557622909546e-02
7.023949176073074341e-02
6.296726316213607788e-02
5.791004374623298645e-02
5.344267189502716064e-02
4.945896938443183899e-02
4.612805321812629700e-02
4.443012550473213196e-02
4.194847866892814636e-02
4.037840291857719421e-02
3.819780051708221436e-02
3.663133829832077026e-02
3.534157574176788330e-02
3.391925245523452759e-02
3.233168646693229675e-02
3.125649690628051758e-02
3.013506159186363220e-02
2.915619872510433197e-02
2.777984179556369781e-02
2.634208835661411285e-02
2.583277598023414612e-02
2.483795769512653351e-02
2.346400357782840729e-02
2.285679057240486145e-02
2.214694395661354065e-02
2.126245945692062378e-02
2.038712427020072937e-02
1.978108286857604980e-02
1.904601044952869415e-02
1.806135475635528564e-02
1.802175678312778473e-02
1.711647212505340576e-02
1.674006693065166473e-02
1.580396853387355804e-02
1.544270664453506470e-02
1.505558565258979797e-02
1.424066908657550812e-02
1.391151268035173416e-02
1.333406381309032440e-02
1.322287879884243011e-02
1.281114574521780014e-02
1.222207676619291306e-02
1.186411827802658081e-02
1.114386972039937973e-02
1.091228425502777100e-02
1.086574699729681015e-02
1.053662411868572235e-02
1.026205718517303467e-02
9.907038882374763489e-03
9.661244228482246399e-03
9.497229941189289093e-03
9.195527993142604828e-03
8.977171033620834351e-03
9.024538099765777588e-03
8.609076030552387238e-03
8.448963053524494171e-03
8.082431741058826447e-03
7.968175224959850311e-03
7.781091611832380295e-03
7.717768196016550064e-03
7.634625304490327835e-03
7.549079600721597672e-03
7.193926721811294556e-03
7.189354393631219864e-03
6.965984124690294266e-03
6.911394651979207993e-03
6.698579993098974228e-03
6.852686405181884766e-03
6.430321838706731796e-03
6.364235654473304749e-03
6.318449508398771286e-03
6.305904593318700790e-03
6.090197712182998657e-03
5.977884400635957718e-03
5.995857529342174530e-03
5.940524395555257797e-03
5.743564106523990631e-03
5.837105214595794678e-03
5.627085454761981964e-03
5.814939737319946289e-03
5.616618320345878601e-03
5.504120141267776489e-03
5.534543190151453018e-03
5.261328537017107010e-03
5.470775533467531204e-03
5.175760015845298767e-03
5.159961525350809097e-03
5.125960335135459900e-03
5.218134727329015732e-03
5.184582900255918503e-03
5.138465669006109238e-03
5.065192468464374542e-03
4.819515161216259003e-03
4.801840521395206451e-03
4.905522335320711136e-03
4.878743086010217667e-03
4.801340866833925247e-03
1.108019612729549408e-02
1.085818093270063400e-02
1.078079082071781158e-02
1.045550964772701263e-02
1.028642896562814713e-02
1.017076242715120316e-02
1.011765003204345703e-02
9.882812388241291046e-03
9.915439411997795105e-03
9.753305464982986450e-03
9.720402769744396210e-03
9.424150921404361725e-03
9.435608983039855957e-03
9.432556107640266418e-03
9.214014746248722076e-03
9.193597361445426941e-03
9.134503081440925598e-03
9.143264964222908020e-03
9.082500822842121124e-03
8.921652100980281830e-03
8.864481002092361450e-03
8.697803132236003876e-03
8.621358312666416168e-03
8.465093560516834259e-03
8.370732888579368591e-03
8.362578228116035461e-03
8.385388180613517761e-03
8.455820381641387939e-03
8.276050910353660583e-03
8.143188431859016418e-03
8.189659565687179565e-03
8.030065335333347321e-03
7.978894747793674469e-03
7.988611236214637756e-03
8.029414340853691101e-03
7.783029228448867798e-03
7.842984981834888458e-03
7.803172338753938675e-03
7.690363563597202301e-03
7.598673924803733826e-03
7.497724145650863647e-03
7.558140903711318970e-03
7.601845543831586838e-03
7.473445497453212738e-03
7.484407629817724228e-03
7.396511267870664597e-03
7.374464534223079681e-03
7.163168862462043762e-03
7.309411652386188507e-03
7.222139276564121246e-03
7.215837948024272919e-03
7.194858510047197342e-03
7.158266380429267883e-03
7.020360324531793594e-03
7.100676186382770538e-03
6.964887026697397232e-03
6.948478519916534424e-03
6.902792025357484818e-03
6.905605550855398178e-03
6.830933969467878342e-03
6.836887914687395096e-03
6.747555918991565704e-03
6.816981825977563858e-03
6.728060543537139893e-03
6.676554214209318161e-03
6.676612421870231628e-03
6.645184475928544998e-03
6.554070394486188889e-03
6.534190848469734192e-03
6.473233457654714584e-03
6.501118652522563934e-03
6.402282044291496277e-03
6.386336404830217361e-03
6.417723838239908218e-03
6.395338103175163269e-03
6.348878145217895508e-03
6.254995707422494888e-03
6.287385243922472000e-03
6.239886861294507980e-03
6.289477925747632980e-03
6.166864652186632156e-03
6.227852776646614075e-03
6.130000576376914978e-03
6.073622498661279678e-03
6.211397238075733185e-03
6.122693885117769241e-03
6.089136935770511627e-03
5.941122770309448242e-03
6.066048983484506607e-03
6.011353339999914169e-03
5.998982582241296768e-03
5.889383144676685333e-03
5.865915212780237198e-03
5.883133038878440857e-03
5.877811461687088013e-03
5.901183933019638062e-03
5.842696409672498703e-03
5.798632279038429260e-03
5.691757425665855408e-03
5.706954747438430786e-03
