2.931166291236877441e-01
2.728899121284484863e-01
2.692062556743621826e-01
2.650159597396850586e-01
2.653378844261169434e-01
2.559882104396820068e-01
2.588343620300292969e-01
2.546641230583190918e-01
2.591285109519958496e-01
2.510076761245727539e-01
2.484546899795532227e-01
2.541726231575012207e-01
2.506386935710906982e-01
2.473010420799255371e-01
2.422728538513183594e-01
2.422986924648284912e-01
2.423364073038101196e-01
2.429890632629394531e-01
2.370822131633758545e-01
2.365993261337280273e-01
2.325955331325531006e-01
2.345854341983795166e-01
2.352094948291778564e-01
2.307455837726593018e-01
2.256971895694732666e-01
2.376482039690017700e-01
2.301762998104095459e-01
2.278399169445037842e-01
2.240133285522460938e-01
2.207046449184417725e-01
2.193095684051513672e-01
2.173036336898803711e-01
2.150404155254364014e-01
2.131391018629074097e-01
2.121928632259368896e-01
2.086501568555831909e-01
2.074163854122161865e-01
2.038186043500900269e-01
2.031710147857666016e-01
2.040026187896728516e-01
2.021439075469970703e-01
1.990017741918563843e-01
2.005689442157745361e-01
1.991343051195144653e-01
1.960774213075637817e-01
1.963631510734558105e-01
1.945102214813232422e-01
1.927780210971832275e-01
1.899703294038772583e-01
1.897826194763183594e-01
1.906443834304809570e-01
1.872560530900955200e-01
1.886297911405563354e-01
1.885492801666259766e-01
1.853878945112228394e-01
1.864026486873626709e-01
1.855220347642898560e-01
1.826265156269073486e-01
1.817268878221511841e-01
1.824743896722793579e-01
1.831620931625366211e-01
1.818412244319915771e-01
1.777158975601196289e-01
1.790912449359893799e-01
1.782874464988708496e-01
1.782453060150146484e-01
1.769079416990280151e-01
1.780873239040374756e-01
1.754613369703292847e-01
1.747259795665740967e-01
1.737395524978637695e-01
1.717780381441116333e-01
1.716771572828292847e-01
1.713341176509857178e-01
1.739449799060821533e-01
1.706401109695434570e-01
1.701891720294952393e-01
1.686469614505767822e-01
1.685708761215209961e-01
1.681396812200546265e-01
1.652270853519439697e-01
1.668405383825302124e-01
1.642938852310180664e-01
1.647723168134689331e-01
1.657031476497650146e-01
1.644938886165618896e-01
1.638217568397521973e-01
1.621885001659393311e-01
1.625579446554183960e-01
1.619641482830047607e-01
1.611671596765518188e-01
1.607900559902191162e-01
1.593507528305053711e-01
1.596449911594390869e-01
1.599076092243194580e-01
1.582980602979660034e-01
1.585179269313812256e-01
1.555974185466766357e-01
1.565419435501098633e-01
1.557894647121429443e-01
1.548381596803665161e-01
1.532360017299652100e-01
1.529745012521743774e-01
1.541146337985992432e-01
1.553450524806976318e-01
1.530925929546356201e-01
1.511050760746002197e-01
1.502354443073272705e-01
1.510676443576812744e-01
1.508439332246780396e-01
1.488390862941741943e-01
1.489782035350799561e-01
1.479245722293853760e-01
1.475939303636550903e-01
1.457778662443161011e-01
1.468994319438934326e-01
1.452770978212356567e-01
1.456459015607833862e-01
1.452699601650238037e-01
1.466703414916992188e-01
1.453216671943664551e-01
1.418049335479736328e-01
1.420056819915771484e-01
1.433104574680328369e-01
1.428229659795761108e-01
1.419567167758941650e-01
