5.074086040258407593e-02
4.949503391981124878e-02
4.954380542039871216e-02
4.958388954401016235e-02
4.930618032813072205e-02
4.830688983201980591e-02
4.911605268716812134e-02
4.919828847050666809e-02
4.913945123553276062e-02
4.875434935092926025e-02
4.843691363930702209e-02
4.853802546858787537e-02
4.892119020223617554e-02
4.882062971591949463e-02
4.794612899422645569e-02
5.020879954099655151e-02
6.594808399677276611e-02
6.533128023147583008e-02
6.620305031538009644e-02
6.592438369989395142e-02
6.579894572496414185e-02
6.648249924182891846e-02
6.559617817401885986e-02
6.616758555173873901e-02
6.596678495407104492e-02
6.577985733747482300e-02
6.612345576286315918e-02
6.628890335559844971e-02
6.628546863794326782e-02
6.668441742658615112e-02
