2.870164811611175537e-01
2.734982073307037354e-01
2.731624841690063477e-01
2.587340176105499268e-01
2.539892196655273438e-01
2.559821307659149170e-01
2.488100379705429077e-01
2.514747083187103271e-01
2.464590221643447876e-01
2.446592003107070923e-01
2.461857944726943970e-01
2.374176532030105591e-01
2.405434101819992065e-01
2.354156970977783203e-01
2.301755696535110474e-01
2.357989102602005005e-01
2.232103943824768066e-01
2.278424650430679321e-01
2.187809199094772339e-01
2.278930693864822388e-01
2.318176627159118652e-01
2.162307351827621460e-01
2.206063270568847656e-01
2.248673290014266968e-01
2.202481180429458618e-01
2.228064537048339844e-01
2.143840044736862183e-01
2.223285287618637085e-01
2.185072451829910278e-01
2.101576924324035645e-01
2.045702934265136719e-01
2.115999013185501099e-01
2.063038796186447144e-01
2.035647183656692505e-01
2.106711119413375854e-01
2.085252404212951660e-01
2.101667672395706177e-01
2.030544728040695190e-01
2.058206051588058472e-01
2.036559581756591797e-01
1.999089866876602173e-01
2.036797553300857544e-01
2.000871896743774414e-01
1.952880024909973145e-01
1.962166577577590942e-01
1.981501132249832153e-01
1.927212625741958618e-01
1.902932971715927124e-01
1.940008401870727539e-01
1.973387002944946289e-01
1.970472186803817749e-01
1.948599070310592651e-01
1.940572261810302734e-01
1.947895735502243042e-01
1.899382621049880981e-01
1.955554038286209106e-01
1.832505911588668823e-01
1.842543631792068481e-01
1.865969747304916382e-01
1.897287368774414062e-01
1.856865435838699341e-01
1.917841434478759766e-01
1.858626008033752441e-01
1.833984404802322388e-01
1.833582818508148193e-01
1.828293502330780029e-01
1.792466938495635986e-01
1.787938624620437622e-01
1.758816242218017578e-01
1.754224598407745361e-01
1.777373105287551880e-01
1.759862452745437622e-01
1.738180071115493774e-01
1.703827679157257080e-01
1.675997227430343628e-01
1.675974428653717041e-01
1.714379042387008667e-01
1.673433035612106323e-01
1.673305928707122803e-01
1.695885360240936279e-01
1.616467535495758057e-01
1.639026105403900146e-01
1.642549932003021240e-01
1.620165407657623291e-01
1.619183123111724854e-01
1.647645235061645508e-01
