5.702812969684600830e-02
4.617951437830924988e-02
4.616301879286766052e-02
4.628388583660125732e-02
4.624359682202339172e-02
4.626179486513137817e-02
4.626155272126197815e-02
4.624914750456809998e-02
4.619418829679489136e-02
4.617272689938545227e-02
4.539531469345092773e-02
2.264796011149883270e-02
1.226572692394256592e-02
1.034280564635992050e-02
7.711477112025022507e-03
5.425140727311372757e-03
3.673536237329244614e-03
2.090633846819400787e-03
1.643555937334895134e-03
1.518552540801465511e-03
1.240244251675903797e-03
1.301542040891945362e-03
1.139720785431563854e-03
9.893845999613404274e-04
9.077393333427608013e-04
7.990023004822432995e-04
8.456574869342148304e-04
8.828934514895081520e-04
7.229698239825665951e-04
7.372606778517365456e-04
7.955945911817252636e-04
7.368896622210741043e-04
8.507939055562019348e-04
6.514094304293394089e-03
4.583864007145166397e-03
3.714875550940632820e-03
3.232033224776387215e-03
2.856858773157000542e-03
2.689758548513054848e-03
2.414582762867212296e-03
2.293223049491643906e-03
2.272676909342408180e-03
2.132915193215012550e-03
2.041648142039775848e-03
2.066141925752162933e-03
2.039720769971609116e-03
1.976890955120325089e-03
1.860006363131105900e-03
1.767826732248067856e-03
1.791277900338172913e-03
1.780317397788167000e-03
1.700718537904322147e-03
1.684609451331198215e-03
1.557085895910859108e-03
1.655910396948456764e-03
1.573942252434790134e-03
1.572572859004139900e-03
1.666359603404998779e-03
1.465630368329584599e-03
1.499312580563127995e-03
1.415755483321845531e-03
1.527323736809194088e-03
1.426022266969084740e-03
1.491894247010350227e-03
1.397906336933374405e-03
1.352092949673533440e-03
1.429547206498682499e-03
1.345848431810736656e-03
1.299872179515659809e-03
1.358248293399810791e-03
1.368900528177618980e-03
1.267130719497799873e-03
1.267464249394834042e-03
1.308989361859858036e-03
1.326343975961208344e-03
1.248270506039261818e-03
1.400433713570237160e-03
