8.765839366009458899e+01
1.440484882560558617e+02
2.005248125861398876e+02
2.570765264621004462e+02
3.175845475180540234e+02
3.745087133760098368e+02
4.320360236391425133e+02
4.926007160930894315e+02
5.552084892170969397e+02
6.119755326129961759e+02
6.732369605510029942e+02
7.341004381570965052e+02
7.961749468450434506e+02
8.575734474451746792e+02
9.174857112991157919e+02
9.740909051219932735e+02
1.032695130833191797e+03
1.095662282568169758e+03
1.153076980713056400e+03
1.213989702491089702e+03
1.269616212869994342e+03
1.330511234962148592e+03
1.391751606621081010e+03
1.449055416040122509e+03
1.506553900210186839e+03
1.564419973685173318e+03
1.622042973319999874e+03
1.679193565532099456e+03
1.735707995202159509e+03
1.797280164169147611e+03
1.857232408580137417e+03
1.913675743882078677e+03
1.971670835307100788e+03
2.027672934745205566e+03
2.089906001075170934e+03
2.146975606012158096e+03
2.204235753305023536e+03
2.266110369995003566e+03
2.322519126906991005e+03
2.384419303261209279e+03
2.441596036799019203e+03
2.499426859033992514e+03
2.556699304734123871e+03
2.614453124230029061e+03
2.671275219629053026e+03
2.728623974084155634e+03
2.785777351251104847e+03
2.843179775618016720e+03
2.900488975394051522e+03
2.961946169320028275e+03
3.023964419902069494e+03
