4.405902922153472900e-01
4.451041519641876221e-01
4.348957836627960205e-01
4.383333921432495117e-01
4.401388466358184814e-01
4.384027421474456787e-01
4.378124475479125977e-01
4.411111176013946533e-01
4.462500512599945068e-01
4.341666698455810547e-01
4.539584219455718994e-01
4.602430760860443115e-01
4.555208683013916016e-01
4.479514062404632568e-01
4.500693976879119873e-01
4.590972065925598145e-01
4.622569978237152100e-01
4.642360806465148926e-01
4.618750512599945068e-01
4.631596803665161133e-01
4.598264992237091064e-01
4.609375000000000000e-01
4.597221612930297852e-01
4.685069918632507324e-01
4.568403363227844238e-01
4.620486199855804443e-01
4.232291877269744873e-01
4.208680093288421631e-01
4.303472638130187988e-01
4.297221899032592773e-01
4.177083075046539307e-01
4.280555248260498047e-01
4.242708683013916016e-01
4.191319644451141357e-01
4.243055284023284912e-01
4.239931404590606689e-01
4.242360591888427734e-01
4.312500357627868652e-01
4.235416352748870850e-01
4.171528220176696777e-01
4.213541448116302490e-01
4.219444990158081055e-01
4.254861176013946533e-01
4.190277457237243652e-01
4.238194227218627930e-01
4.226735830307006836e-01
4.305555820465087891e-01
4.237500429153442383e-01
4.122917056083679199e-01
4.210416674613952637e-01
4.128819406032562256e-01
4.111458063125610352e-01
4.155903756618499756e-01
4.114237129688262939e-01
4.052777588367462158e-01
4.143403172492980957e-01
4.179861843585968018e-01
4.124652445316314697e-01
4.076389074325561523e-01
4.202083349227905273e-01
4.181597828865051270e-01
4.112847447395324707e-01
4.070832729339599609e-01
4.057986140251159668e-01
4.194792211055755615e-01
4.103819131851196289e-01
4.211110174655914307e-01
4.101389348506927490e-01
4.072569310665130615e-01
4.128125011920928955e-01
4.107638597488403320e-01
4.079166650772094727e-01
4.095486104488372803e-01
4.252777397632598877e-01
4.109722077846527100e-01
4.138194322586059570e-01
4.074652194976806641e-01
