2.839809358119964600e-01
2.720015048980712891e-01
2.649573683738708496e-01
2.614884376525878906e-01
2.567984759807586670e-01
2.536460161209106445e-01
2.498197555541992188e-01
2.474956214427947998e-01
2.442525625228881836e-01
2.419809997081756592e-01
2.392871528863906860e-01
2.376614063978195190e-01
2.342234849929809570e-01
2.328927367925643921e-01
2.298522442579269409e-01
2.280561178922653198e-01
2.253064215183258057e-01
2.237488031387329102e-01
2.215578705072402954e-01
2.196795642375946045e-01
2.182716578245162964e-01
2.158438563346862793e-01
2.136925011873245239e-01
2.128465920686721802e-01
2.107135504484176636e-01
2.093124687671661377e-01
2.068223953247070312e-01
2.054668664932250977e-01
2.048707455396652222e-01
2.031942158937454224e-01
2.018267363309860229e-01
2.004725337028503418e-01
1.993360519409179688e-01
1.986257284879684448e-01
1.965765953063964844e-01
1.962233781814575195e-01
1.950899958610534668e-01
1.942087113857269287e-01
1.929251849651336670e-01
1.924608349800109863e-01
1.910582780838012695e-01
1.901901066303253174e-01
1.886754631996154785e-01
1.882609575986862183e-01
1.873209327459335327e-01
1.865715980529785156e-01
1.861064136028289795e-01
1.849502176046371460e-01
1.847338527441024780e-01
1.835244446992874146e-01
1.837641596794128418e-01
1.819126456975936890e-01
1.817454099655151367e-01
1.808232814073562622e-01
1.804288327693939209e-01
1.797216236591339111e-01
1.793534606695175171e-01
1.785123944282531738e-01
1.778472214937210083e-01
1.775508970022201538e-01
1.767059713602066040e-01
1.761375218629837036e-01
1.753143817186355591e-01
1.750079393386840820e-01
1.742409318685531616e-01
1.740916520357131958e-01
1.730623841285705566e-01
1.728583425283432007e-01
1.719140708446502686e-01
1.721403300762176514e-01
1.707440614700317383e-01
1.707376688718795776e-01
1.701355278491973877e-01
1.691215932369232178e-01
1.693812757730484009e-01
1.686400175094604492e-01
1.681525111198425293e-01
1.675594598054885864e-01
1.675184071063995361e-01
1.667526960372924805e-01
1.664304435253143311e-01
1.657533645629882812e-01
1.653772145509719849e-01
1.651629507541656494e-01
1.649330407381057739e-01
1.644622683525085449e-01
1.633711308240890503e-01
1.635523587465286255e-01
1.631775051355361938e-01
1.623842716217041016e-01
1.619432717561721802e-01
1.618687212467193604e-01
1.613532900810241699e-01
1.608918756246566772e-01
1.607584059238433838e-01
1.597206890583038330e-01
1.592246443033218384e-01
1.588791608810424805e-01
1.584826409816741943e-01
1.585357785224914551e-01
1.627136915922164917e-01
1.593676954507827759e-01
1.575368046760559082e-01
1.559595763683319092e-01
1.542603373527526855e-01
1.523654758930206299e-01
1.510000824928283691e-01
1.493452787399291992e-01
1.479156762361526489e-01
1.466822922229766846e-01
1.449682414531707764e-01
1.438286900520324707e-01
1.425981223583221436e-01
1.413044482469558716e-01
1.403176933526992798e-01
1.384609043598175049e-01
1.376011669635772705e-01
1.360445767641067505e-01
1.348662525415420532e-01
1.334732323884963989e-01
1.321462243795394897e-01
1.312705576419830322e-01
1.297701299190521240e-01
1.288793683052062988e-01
1.275645494461059570e-01
1.264382898807525635e-01
1.252619922161102295e-01
1.237643435597419739e-01
1.225267052650451660e-01
1.215451732277870178e-01
1.202922686934471130e-01
1.192261576652526855e-01
1.179976910352706909e-01
1.172327846288681030e-01
1.157567128539085388e-01
1.144511550664901733e-01
1.134854555130004883e-01
1.123740300536155701e-01
1.107511371374130249e-01
1.102123856544494629e-01
1.091077253222465515e-01
1.080717071890830994e-01
1.068148314952850342e-01
1.057865396142005920e-01
1.049985289573669434e-01
1.033938378095626831e-01
1.027839183807373047e-01
1.017739996314048767e-01
1.004068925976753235e-01
9.910758584737777710e-02
9.835711121559143066e-02
9.748332202434539795e-02
9.614253789186477661e-02
9.528234601020812988e-02
9.474457800388336182e-02
9.305666387081146240e-02
9.211668372154235840e-02
9.129703789949417114e-02
9.010225534439086914e-02
8.958248794078826904e-02
8.849912881851196289e-02
8.746156841516494751e-02
8.661593496799468994e-02
8.582419157028198242e-02
8.492777496576309204e-02
8.363594114780426025e-02
8.276207000017166138e-02
8.172012120485305786e-02
8.064464479684829712e-02
8.032105118036270142e-02
7.935605943202972412e-02
7.797089219093322754e-02
7.757567614316940308e-02
7.660156488418579102e-02
7.590625435113906860e-02
7.485921680927276611e-02
7.376158237457275391e-02
7.353112101554870605e-02
7.230924814939498901e-02
7.138401269912719727e-02
7.063563913106918335e-02
7.008345425128936768e-02
6.895610690116882324e-02
6.862237304449081421e-02
6.770227104425430298e-02
6.667840480804443359e-02
6.636635959148406982e-02
6.534650921821594238e-02
6.468506902456283569e-02
6.421463936567306519e-02
6.343192607164382935e-02
6.259959936141967773e-02
6.204968318343162537e-02
6.100891530513763428e-02
6.030160561203956604e-02
5.979453027248382568e-02
5.877146124839782715e-02
5.825909599661827087e-02
5.744284763932228088e-02
5.727366358041763306e-02
