5.480760335922241211e-02
4.617531597614288330e-02
4.613342136144638062e-02
4.625656455755233765e-02
4.611473903059959412e-02
4.609965160489082336e-02
4.618218541145324707e-02
4.617475345730781555e-02
4.624637216329574585e-02
4.624008387327194214e-02
4.616286233067512512e-02
4.618966206908226013e-02
4.620019346475601196e-02
4.403185471892356873e-02
4.399098083376884460e-02
4.403085634112358093e-02
4.412715509533882141e-02
4.394120723009109497e-02
4.397245869040489197e-02
4.395448416471481323e-02
4.388754442334175110e-02
4.394437000155448914e-02
4.399580135941505432e-02
4.384711012244224548e-02
4.391568899154663086e-02
4.387190565466880798e-02
4.394068941473960876e-02
4.393355548381805420e-02
4.391458630561828613e-02
4.390237852931022644e-02
4.390383139252662659e-02
4.383146390318870544e-02
4.391979053616523743e-02
