7.686756299999615294e+00
1.448763559999997597e+01
2.103435919999992620e+01
2.845523379999985991e+01
3.514443019999998796e+01
4.189385249999986627e+01
4.876799419999997554e+01
5.555078949999960969e+01
6.234930549999990035e+01
6.907262739999987389e+01
7.589556159999983720e+01
8.273184719999972003e+01
8.957605729999977484e+01
1.088552514999996674e+02
1.281450408999999127e+02
1.473233547999998336e+02
1.665486544000000322e+02
1.857936474999996790e+02
2.052438036999997166e+02
2.247292910999999549e+02
2.440854265999996642e+02
2.633702328999997917e+02
2.827314249999999447e+02
3.020547610999997232e+02
3.214519983000000138e+02
3.405587691999999151e+02
3.603329283999996733e+02
3.800626337999997304e+02
3.994787338999999520e+02
4.186608094999996865e+02
4.382119155000000319e+02
4.575093933999996807e+02
4.766863283999996383e+02
