4.989149272441864014e-01
5.477430820465087891e-01
5.601128339767456055e-01
5.787760615348815918e-01
5.844184160232543945e-01
5.928819179534912109e-01
5.930989384651184082e-01
5.952690839767456055e-01
6.043837070465087891e-01
6.048176884651184082e-01
6.028645634651184082e-01
6.250000000000000000e-01
6.197916865348815918e-01
6.167534589767456055e-01
6.243489384651184082e-01
6.306423544883728027e-01
6.356337070465087891e-01
6.325954794883728027e-01
6.378037929534912109e-01
6.438801884651184082e-01
6.349826455116271973e-01
6.469184160232543945e-01
6.512587070465087891e-01
6.427951455116271973e-01
6.512587070465087891e-01
6.584201455116271973e-01
6.551649570465087891e-01
6.590712070465087891e-01
6.599392294883728027e-01
6.642795205116271973e-01
6.516926884651184082e-01
6.649305820465087891e-01
6.729600429534912109e-01
6.612412929534912109e-01
6.677517294883728027e-01
6.710069179534912109e-01
6.681857705116271973e-01
6.762152910232543945e-01
6.816406250000000000e-01
6.757812500000000000e-01
6.736111044883728027e-01
6.831597089767456055e-01
6.805555820465087891e-01
6.861979365348815918e-01
6.857638955116271973e-01
6.877170205116271973e-01
6.872829794883728027e-01
6.937934160232543945e-01
6.898871660232543945e-01
7.018229365348815918e-01
6.968315839767456055e-01
6.944444179534912109e-01
6.684028506278991699e-01
6.738281250000000000e-01
6.812789440155029297e-01
6.843171119689941406e-01
6.877893805503845215e-01
6.898872256278991699e-01
6.937210559844970703e-01
6.929253935813903809e-01
6.974102854728698730e-01
6.995081305503845215e-01
7.024016380310058594e-01
7.103587985038757324e-01
7.062355875968933105e-01
7.155671119689941406e-01
7.123119235038757324e-01
7.115885615348815918e-01
7.191116809844970703e-01
7.211372256278991699e-01
7.211371064186096191e-01
7.251157164573669434e-01
7.267071604728698730e-01
7.304687500000000000e-01
7.314815521240234375e-01
7.365451455116271973e-01
7.334346175193786621e-01
7.373408675193786621e-01
7.357494831085205078e-01
7.452256679534912109e-01
7.450087070465087891e-01
7.462384104728698730e-01
7.462384700775146484e-01
7.521700859069824219e-01
7.532551884651184082e-01
7.524595260620117188e-01
7.539062500000000000e-01
7.544849514961242676e-01
7.656973004341125488e-01
7.601996064186096191e-01
7.621527314186096191e-01
7.652633190155029297e-01
7.686631679534912109e-01
7.631654739379882812e-01
7.670717239379882812e-01
7.704716324806213379e-01
7.724247574806213379e-01
7.745225429534912109e-01
7.732928395271301270e-01
7.769820690155029297e-01
7.796586155891418457e-01
7.855902314186096191e-01
7.881944179534912109e-01
7.811776995658874512e-01
7.887008190155029297e-01
7.866029739379882812e-01
7.919560074806213379e-01
7.944154739379882812e-01
7.954282760620117188e-01
7.952835559844970703e-01
8.041088581085205078e-01
8.016492724418640137e-01
8.007089495658874512e-01
8.049044609069824219e-01
8.061342835426330566e-01
8.095341324806213379e-01
8.171296119689941406e-01
8.126446604728698730e-01
8.122829794883728027e-01
8.096787929534912109e-01
8.145977854728698730e-01
8.183593750000000000e-01
8.204571604728698730e-01
8.179252743721008301e-01
8.241464495658874512e-01
8.203848004341125488e-01
8.247251510620117188e-01
8.255208134651184082e-01
8.245804309844970703e-01
8.289930820465087891e-01
8.276185989379882812e-01
8.310908675193786621e-01
8.293547630310058594e-01
8.334779739379882812e-01
8.363716006278991699e-01
8.391203880310058594e-01
8.417245745658874512e-01
8.401331305503845215e-01
8.417245745658874512e-01
8.434606194496154785e-01
8.382523059844970703e-01
8.433883190155029297e-01
8.413628935813903809e-01
8.485243320465087891e-01
8.483073115348815918e-01
8.505496978759765625e-01
8.510560989379882812e-01
8.520689010620117188e-01
8.512731194496154785e-01
8.515625000000000000e-01
8.568431735038757324e-01
8.525752425193786621e-01
