2.322950512170791626e-01
1.952288299798965454e-01
1.770450770854949951e-01
1.650069206953048706e-01
1.545069962739944458e-01
1.475845724344253540e-01
1.405086517333984375e-01
1.345791667699813843e-01
1.280772686004638672e-01
1.235646456480026245e-01
1.174840480089187622e-01
1.122787669301033020e-01
1.078757643699645996e-01
1.051430702209472656e-01
9.985918551683425903e-02
9.602402895689010620e-02
9.098561853170394897e-02
8.762295544147491455e-02
8.411173522472381592e-02
8.120659738779067993e-02
7.714931666851043701e-02
7.460239529609680176e-02
7.248146086931228638e-02
6.863547861576080322e-02
6.626112759113311768e-02
6.276123970746994019e-02
6.087353825569152832e-02
5.890158563852310181e-02
5.552738532423973083e-02
5.427656322717666626e-02
5.209587141871452332e-02
5.069019272923469543e-02
4.853923618793487549e-02
4.649108648300170898e-02
4.593461379408836365e-02
4.453529417514801025e-02
4.275169968605041504e-02
4.135955125093460083e-02
3.991432115435600281e-02
3.839839622378349304e-02
3.701461851596832275e-02
3.618081659078598022e-02
3.560119122266769409e-02
3.566772863268852234e-02
3.497198224067687988e-02
3.360838070511817932e-02
3.393940627574920654e-02
3.222600370645523071e-02
3.229507803916931152e-02
3.268290683627128601e-02
3.130129724740982056e-02
3.075167536735534668e-02
3.089071437716484070e-02
2.861040644347667694e-02
2.969895303249359131e-02
2.939466200768947601e-02
3.033648058772087097e-02
3.010434471070766449e-02
2.900321409106254578e-02
2.931168302893638611e-02
2.893545478582382202e-02
2.833101898431777954e-02
2.813861891627311707e-02
2.832864411175251007e-02
2.689193002879619598e-02
2.797884121537208557e-02
2.780931629240512848e-02
2.891620807349681854e-02
4.298599064350128174e-02
4.344716295599937439e-02
4.131940007209777832e-02
4.058137163519859314e-02
4.078115895390510559e-02
3.994319960474967957e-02
3.998036682605743408e-02
3.979059308767318726e-02
3.892177715897560120e-02
3.957448527216911316e-02
3.941713646054267883e-02
3.938106447458267212e-02
3.875447437167167664e-02
3.845277801156044006e-02
3.795848414301872253e-02
3.776996582746505737e-02
3.835886344313621521e-02
3.718213364481925964e-02
3.846750780940055847e-02
