4.990699291229248047e-01
4.983879327774047852e-01
4.960937500000000000e-01
4.977265298366546631e-01
4.990907013416290283e-01
4.972097277641296387e-01
4.955357015132904053e-01
4.996899962425231934e-01
4.967344403266906738e-01
4.991526901721954346e-01
5.012401342391967773e-01
5.015707015991210938e-01
5.004547834396362305e-01
5.042783021926879883e-01
4.990079998970031738e-01
5.030382275581359863e-01
5.054150819778442383e-01
5.011160969734191895e-01
5.021080970764160156e-01
5.070064663887023926e-01
5.038855671882629395e-01
5.042575001716613770e-01
5.050429105758666992e-01
5.039475560188293457e-01
5.021908283233642578e-01
5.052466988563537598e-01
5.057190656661987305e-01
5.067340135574340820e-01
5.060763359069824219e-01
5.085082650184631348e-01
5.080742835998535156e-01
5.103399157524108887e-01
5.102825164794921875e-01
5.113102197647094727e-01
5.115401744842529297e-01
5.114124417304992676e-01
5.145909786224365234e-01
5.122292637825012207e-01
5.153826475143432617e-01
5.160334706306457520e-01
5.171695351600646973e-01
5.172207951545715332e-01
5.181972384452819824e-01
5.183568000793457031e-01
5.209928750991821289e-01
5.213119983673095703e-01
5.212162733078002930e-01
5.217078328132629395e-01
5.235651731491088867e-01
5.235333442687988281e-01
5.237438082695007324e-01
5.238460898399353027e-01
5.265649557113647461e-01
5.262588262557983398e-01
5.269544124603271484e-01
5.282117724418640137e-01
5.287352800369262695e-01
5.301395654678344727e-01
5.294180512428283691e-01
5.300373435020446777e-01
5.288948416709899902e-01
5.326668620109558105e-01
5.333946347236633301e-01
5.333691835403442383e-01
5.349968075752258301e-01
5.328903198242187500e-01
5.358073115348815918e-01
5.331775546073913574e-01
5.365414023399353027e-01
5.372881889343261719e-01
5.361455082893371582e-01
5.377922058105468750e-01
5.377539396286010742e-01
5.387881398200988770e-01
5.382326245307922363e-01
5.391519665718078613e-01
5.402433276176452637e-01
5.397902727127075195e-01
5.411432981491088867e-01
5.410220026969909668e-01
5.440728664398193359e-01
5.432943105697631836e-01
5.431728363037109375e-01
5.433261394500732422e-01
5.459048151969909668e-01
5.465366244316101074e-01
5.466769337654113770e-01
5.459493994712829590e-01
5.475898981094360352e-01
5.472835302352905273e-01
5.475771427154541016e-01
5.486367940902709961e-01
5.484836101531982422e-01
5.486684441566467285e-01
5.504747629165649414e-01
5.487577915191650391e-01
5.514004230499267578e-01
5.517003536224365234e-01
5.518407821655273438e-01
5.530471205711364746e-01
5.527853965759277344e-01
5.509790182113647461e-01
5.546491742134094238e-01
5.528492927551269531e-01
5.547003746032714844e-01
5.537555813789367676e-01
5.553959012031555176e-01
5.562768578529357910e-01
5.557661056518554688e-01
5.582106709480285645e-01
5.577194094657897949e-01
5.588684082031250000e-01
5.587593317031860352e-01
5.574895143508911133e-01
5.579426288604736328e-01
5.589767694473266602e-01
5.598065257072448730e-01
5.582425594329833984e-01
5.611020922660827637e-01
5.620788931846618652e-01
5.624616742134094238e-01
5.632405281066894531e-01
5.626530647277832031e-01
5.589895248413085938e-01
5.618680119514465332e-01
