2.906821966171264648e-01
2.858948111534118652e-01
2.829430401325225830e-01
2.799825668334960938e-01
2.768549323081970215e-01
2.741310596466064453e-01
2.710593938827514648e-01
2.696737349033355713e-01
2.670924067497253418e-01
2.645763158798217773e-01
2.626526355743408203e-01
2.602752447128295898e-01
2.588397860527038574e-01
2.568304836750030518e-01
2.552718520164489746e-01
2.532955408096313477e-01
2.521449029445648193e-01
2.514590322971343994e-01
2.491998374462127686e-01
2.484933584928512573e-01
2.459902316331863403e-01
2.448414862155914307e-01
2.440286576747894287e-01
2.430037111043930054e-01
2.414690554141998291e-01
2.394874542951583862e-01
2.391531467437744141e-01
2.375281155109405518e-01
2.374202758073806763e-01
2.351803332567214966e-01
2.352277785539627075e-01
2.338828593492507935e-01
2.324659377336502075e-01
2.313515692949295044e-01
2.303427755832672119e-01
2.292469590902328491e-01
2.288148105144500732e-01
2.279042303562164307e-01
2.273914068937301636e-01
2.259226143360137939e-01
2.254422008991241455e-01
2.237958759069442749e-01
2.237109541893005371e-01
2.227860689163208008e-01
2.215807884931564331e-01
2.201489955186843872e-01
2.197234332561492920e-01
2.188358306884765625e-01
2.175759971141815186e-01
2.177080065011978149e-01
2.164304256439208984e-01
2.158547341823577881e-01
2.154631763696670532e-01
2.144597321748733521e-01
2.134976089000701904e-01
2.124120444059371948e-01
2.122253477573394775e-01
2.108776569366455078e-01
2.107440680265426636e-01
2.102007120847702026e-01
2.093932479619979858e-01
2.085037529468536377e-01
2.077070474624633789e-01
2.073150128126144409e-01
2.059658467769622803e-01
2.062535285949707031e-01
2.054830491542816162e-01
2.049183696508407593e-01
2.043713331222534180e-01
2.030168175697326660e-01
2.030260562896728516e-01
2.020623385906219482e-01
2.021678388118743896e-01
2.010422348976135254e-01
2.003004550933837891e-01
1.995487660169601440e-01
1.994913369417190552e-01
1.989153921604156494e-01
1.982206553220748901e-01
1.972245872020721436e-01
1.964529901742935181e-01
1.962006241083145142e-01
1.957632899284362793e-01
1.947233676910400391e-01
1.953475475311279297e-01
1.943652629852294922e-01
1.938826292753219604e-01
1.929365843534469604e-01
1.932308971881866455e-01
1.925328224897384644e-01
1.915374398231506348e-01
1.912977397441864014e-01
1.911198049783706665e-01
1.907174140214920044e-01
1.896004080772399902e-01
1.895085871219635010e-01
1.892731934785842896e-01
1.881550550460815430e-01
1.885730177164077759e-01
1.875234842300415039e-01
1.858357489109039307e-01
1.847004145383834839e-01
1.831255704164505005e-01
1.823034733533859253e-01
1.815346330404281616e-01
1.802603453397750854e-01
1.789467781782150269e-01
1.781857162714004517e-01
1.769459843635559082e-01
1.761609017848968506e-01
1.748622804880142212e-01
1.742695569992065430e-01
1.731946319341659546e-01
1.720829606056213379e-01
1.712510138750076294e-01
1.706221848726272583e-01
1.699121147394180298e-01
1.688652038574218750e-01
1.679253578186035156e-01
1.671440154314041138e-01
1.662471443414688110e-01
1.652053296566009521e-01
1.647468507289886475e-01
1.636996865272521973e-01
1.629783660173416138e-01
1.619564592838287354e-01
1.612288355827331543e-01
1.603887677192687988e-01
1.604552567005157471e-01
1.589668840169906616e-01
1.587076336145401001e-01
1.576755493879318237e-01
1.571313291788101196e-01
1.563422530889511108e-01
1.554710119962692261e-01
1.545471101999282837e-01
1.543121635913848877e-01
1.531323343515396118e-01
1.526513397693634033e-01
1.519365906715393066e-01
1.508975625038146973e-01
1.506506502628326416e-01
1.497564315795898438e-01
1.490498781204223633e-01
1.484452635049819946e-01
1.479633003473281860e-01
1.473411768674850464e-01
1.464463472366333008e-01
1.457880735397338867e-01
1.454301327466964722e-01
1.442649811506271362e-01
1.438165307044982910e-01
1.433369070291519165e-01
1.421290040016174316e-01
1.422928422689437866e-01
1.412664353847503662e-01
1.404948681592941284e-01
1.398286521434783936e-01
1.395564526319503784e-01
1.390424370765686035e-01
1.382357627153396606e-01
1.378926932811737061e-01
1.368820965290069580e-01
1.365207284688949585e-01
1.358460187911987305e-01
1.355206966400146484e-01
1.348558515310287476e-01
1.340530216693878174e-01
1.336983889341354370e-01
1.327626556158065796e-01
1.323197782039642334e-01
1.321870088577270508e-01
1.309120953083038330e-01
1.305377781391143799e-01
1.301699429750442505e-01
1.294132173061370850e-01
1.289239376783370972e-01
1.284706890583038330e-01
1.275481879711151123e-01
1.271149069070816040e-01
1.265328675508499146e-01
1.262155175209045410e-01
1.253993213176727295e-01
1.253654360771179199e-01
1.244022026658058167e-01
1.242355853319168091e-01
1.239833533763885498e-01
1.233692541718482971e-01
1.224238872528076172e-01
1.220554932951927185e-01
1.215048804879188538e-01
1.211429983377456665e-01
1.207149550318717957e-01
1.202297285199165344e-01
1.193050518631935120e-01
1.189464703202247620e-01
1.188011616468429565e-01
1.178027316927909851e-01
1.177387684583663940e-01
1.171729043126106262e-01
