2.618948519229888916e-01
2.430715560913085938e-01
2.307627946138381958e-01
2.239603102207183838e-01
2.177797257900238037e-01
2.108665406703948975e-01
2.041273862123489380e-01
2.022768408060073853e-01
1.974434554576873779e-01
1.941168904304504395e-01
1.928603649139404297e-01
1.879245191812515259e-01
1.859516501426696777e-01
1.836482584476470947e-01
1.820644438266754150e-01
1.802094727754592896e-01
1.776192933320999146e-01
1.760463416576385498e-01
1.733768880367279053e-01
1.709684431552886963e-01
1.698289662599563599e-01
1.689004898071289062e-01
1.668221205472946167e-01
1.652784347534179688e-01
1.647898405790328979e-01
1.628190726041793823e-01
1.610603034496307373e-01
1.599202454090118408e-01
1.573920994997024536e-01
1.562878787517547607e-01
1.550774723291397095e-01
1.532339155673980713e-01
1.530440002679824829e-01
1.504086107015609741e-01
1.502281576395034790e-01
1.489410549402236938e-01
1.477981358766555786e-01
1.461992710828781128e-01
1.450476050376892090e-01
1.436194479465484619e-01
1.426425278186798096e-01
1.405158340930938721e-01
1.397857815027236938e-01
1.391159892082214355e-01
1.367523819208145142e-01
1.362157911062240601e-01
1.347737908363342285e-01
1.333285272121429443e-01
1.319742202758789062e-01
1.309491246938705444e-01
1.307968795299530029e-01
1.285168826580047607e-01
1.279483139514923096e-01
1.266304850578308105e-01
1.245836094021797180e-01
1.238593906164169312e-01
1.224838942289352417e-01
1.226943060755729675e-01
1.198792159557342529e-01
1.189262121915817261e-01
1.190290749073028564e-01
1.182563453912734985e-01
1.157476827502250671e-01
1.149683445692062378e-01
1.139380559325218201e-01
1.136424168944358826e-01
1.132069304585456848e-01
1.110773757100105286e-01
1.094025298953056335e-01
1.083113700151443481e-01
1.076309755444526672e-01
1.069365218281745911e-01
1.057794839143753052e-01
1.034395694732666016e-01
1.035025268793106079e-01
1.015661880373954773e-01
1.014011949300765991e-01
9.976491332054138184e-02
9.800954908132553101e-02
9.783156216144561768e-02
9.798233956098556519e-02
9.587715566158294678e-02
9.466113150119781494e-02
9.400622546672821045e-02
9.373573958873748779e-02
9.315250813961029053e-02
9.126960486173629761e-02
8.992625027894973755e-02
8.910989761352539062e-02
8.915296196937561035e-02
8.629214763641357422e-02
8.612466603517532349e-02
8.540315181016921997e-02
8.400657773017883301e-02
8.316560834646224976e-02
8.263636380434036255e-02
8.053672313690185547e-02
8.081375807523727417e-02
8.089745044708251953e-02
7.915972918272018433e-02
8.320669084787368774e-02
7.879339903593063354e-02
7.616383582353591919e-02
7.243372499942779541e-02
6.914692372083663940e-02
6.616798043251037598e-02
6.358423084020614624e-02
6.214226782321929932e-02
5.903773382306098938e-02
5.699439346790313721e-02
5.411922559142112732e-02
5.230178311467170715e-02
5.002468824386596680e-02
4.751487076282501221e-02
4.569715261459350586e-02
4.399265348911285400e-02
4.259705170989036560e-02
4.089778661727905273e-02
4.026639088988304138e-02
3.812567144632339478e-02
3.648336604237556458e-02
3.631543368101119995e-02
3.457431867718696594e-02
3.353657573461532593e-02
3.180237114429473877e-02
3.065610677003860474e-02
3.048717230558395386e-02
2.903543040156364441e-02
2.816940471529960632e-02
2.741886489093303680e-02
2.665030770003795624e-02
2.571828663349151611e-02
2.531995065510272980e-02
2.462397702038288116e-02
2.379490062594413757e-02
2.346030436456203461e-02
2.267085760831832886e-02
2.208266034722328186e-02
2.164141647517681122e-02
2.123954892158508301e-02
2.059032581746578217e-02
2.079758048057556152e-02
1.946220919489860535e-02
1.904199831187725067e-02
1.895004324615001678e-02
1.866301894187927246e-02
1.814539916813373566e-02
1.713866181671619415e-02
1.707858406007289886e-02
1.664645224809646606e-02
1.621494255959987640e-02
1.610331423580646515e-02
1.573595963418483734e-02
1.534842606633901596e-02
1.521584764122962952e-02
1.475911401212215424e-02
1.432114187628030777e-02
1.391328591853380203e-02
1.391945779323577881e-02
1.376182492822408676e-02
1.318684872239828110e-02
1.298131234943866730e-02
1.313622016459703445e-02
1.244795415550470352e-02
1.240510679781436920e-02
1.184448786079883575e-02
1.149783190339803696e-02
1.153151411563158035e-02
1.140045095235109329e-02
1.094673667103052139e-02
1.063668821007013321e-02
1.073708757758140564e-02
1.019106432795524597e-02
1.043514069169759750e-02
9.884115308523178101e-03
9.771429933607578278e-03
9.569766931235790253e-03
9.508402086794376373e-03
9.082722477614879608e-03
9.184910915791988373e-03
9.190969169139862061e-03
8.921183645725250244e-03
9.101754985749721527e-03
8.917276747524738312e-03
8.493985049426555634e-03
8.759351447224617004e-03
8.553232997655868530e-03
8.491542190313339233e-03
8.450999855995178223e-03
8.617822080850601196e-03
8.192584849894046783e-03
8.361479267477989197e-03
8.296542800962924957e-03
8.216387592256069183e-03
7.778118364512920380e-03
8.154263719916343689e-03
8.001824840903282166e-03
8.056336082518100739e-03
7.967402227222919464e-03
7.813793607056140900e-03
