8.849576499998875079e+00
1.706511159999899974e+01
2.526250859999890963e+01
3.357562759999927948e+01
4.187722979999853123e+01
4.998143089999939548e+01
7.097952269999950659e+01
9.211924929999986489e+01
1.130217042999993282e+02
1.346890198999990389e+02
1.557213272999997571e+02
1.767142337999994197e+02
1.979180535999985295e+02
2.190311414999996487e+02
2.400200344999993831e+02
2.611242119999988063e+02
2.819906291999996029e+02
3.027846228999987943e+02
3.243964159999995900e+02
3.453697596000001795e+02
3.661526063999990583e+02
3.872742012999988219e+02
4.083305510999998660e+02
4.291415026999984548e+02
4.501924232000001211e+02
4.710771628999991663e+02
4.919123773999999685e+02
5.129381658999991487e+02
5.338251833999984228e+02
5.553225638999992952e+02
5.763861667000001034e+02
5.972363124999992579e+02
6.181054628000001685e+02
6.391781119999996008e+02
6.601224492999990616e+02
6.810327059999999619e+02
7.021030816999991657e+02
7.231034813999995094e+02
7.440294084999986808e+02
7.657070915999993304e+02
7.867739836999990075e+02
8.075632042999986879e+02
8.285785226999996667e+02
8.495295932999997603e+02
8.703638971000000311e+02
8.913586629000001267e+02
9.122025976999993873e+02
9.331280126999990898e+02
9.541263830999996571e+02
9.749248283999986597e+02
9.962881400999995094e+02
1.017275548599998729e+03
1.038196019600000000e+03
1.059060009599999830e+03
1.079989408399998865e+03
1.100807704799999556e+03
1.121638656299999639e+03
1.142541746099999727e+03
1.163295950299998367e+03
1.184031410999999935e+03
1.205561569699999382e+03
1.226205033700000058e+03
1.247044443400000091e+03
1.268032983299999614e+03
1.288902742599999328e+03
1.309572762199999488e+03
1.330338501399999586e+03
1.350938529499999277e+03
1.371495205299999725e+03
1.392266693799998393e+03
1.412902806999998575e+03
1.433564115899998797e+03
1.454914095599999200e+03
1.475540103900000759e+03
1.495959691699999894e+03
1.516499290400000973e+03
1.536921420199998465e+03
1.557208865099999457e+03
1.577667389699998239e+03
1.598119012599998314e+03
1.618332013400000505e+03
1.638889164899997922e+03
1.659480902199999036e+03
1.679921695200000613e+03
1.701108476999999766e+03
1.721535650799998621e+03
1.742039961699998457e+03
1.762596972499997719e+03
1.782990170600000056e+03
1.803411287500000981e+03
1.823857419599999048e+03
1.844292848099999901e+03
1.864622266399999717e+03
1.885129960500000379e+03
1.905495228800000405e+03
1.926316140699998869e+03
1.946727726299997812e+03
1.967210329999999885e+03
1.987485744999999952e+03
2.008013561899997512e+03
2.028418879299997570e+03
2.048578878800000894e+03
