7.916507124900817871e-01
8.786305785179138184e-01
9.024936556816101074e-01
9.128153920173645020e-01
9.169828295707702637e-01
9.203919172286987305e-01
9.249998331069946289e-01
9.251895546913146973e-01
9.277619123458862305e-01
9.282671213150024414e-01
9.323866963386535645e-01
9.327965378761291504e-01
9.340591430664062500e-01
9.335700869560241699e-01
9.358268976211547852e-01
9.361898899078369141e-01
9.374682307243347168e-01
9.370739459991455078e-01
9.397888183593750000e-01
9.383679032325744629e-01
9.398834705352783203e-01
9.383053183555603027e-01
9.402622580528259277e-01
9.398671388626098633e-01
9.397723674774169922e-01
9.411458373069763184e-01
9.421404004096984863e-01
9.420298337936401367e-01
9.420452713966369629e-01
9.433556199073791504e-01
9.431188702583312988e-01
9.439866542816162109e-01
9.441446661949157715e-01
9.450129866600036621e-01
9.446029067039489746e-01
9.433707594871520996e-01
9.437027573585510254e-01
9.447128176689147949e-01
9.453758001327514648e-01
9.461965560913085938e-01
9.445077180862426758e-01
9.461486339569091797e-01
9.461336135864257812e-01
9.472538232803344727e-01
9.460855126380920410e-01
9.465908408164978027e-01
9.457386136054992676e-01
9.470328688621520996e-01
9.470490813255310059e-01
9.463704228401184082e-01
9.477906823158264160e-01
9.471439719200134277e-01
9.477428793907165527e-01
9.483273625373840332e-01
9.483429789543151855e-01
9.470807313919067383e-01
9.492586851119995117e-01
9.481374025344848633e-01
9.475380182266235352e-01
9.491156935691833496e-01
9.487057328224182129e-01
9.488322734832763672e-01
9.493690729141235352e-01
9.490534067153930664e-01
9.484060406684875488e-01
9.490368962287902832e-01
9.496694207191467285e-01
9.501425027847290039e-01
9.493530988693237305e-01
9.505997300148010254e-01
9.500474333763122559e-01
9.497001767158508301e-01
9.495744705200195312e-01
9.494004249572753906e-01
9.493371844291687012e-01
9.518148303031921387e-01
9.497787952423095703e-01
9.500157237052917480e-01
9.521464705467224121e-01
9.501894116401672363e-01
9.507420063018798828e-01
9.511366486549377441e-01
9.117863178253173828e-01
9.129663109779357910e-01
9.130958914756774902e-01
9.145295023918151855e-01
9.146884679794311523e-01
9.147168993949890137e-01
9.150940179824829102e-01
9.153527021408081055e-01
9.161571264266967773e-01
9.170051217079162598e-01
9.158791899681091309e-01
9.163160324096679688e-01
9.172028303146362305e-01
9.170793890953063965e-01
9.176545143127441406e-01
9.182353615760803223e-01
9.179417490959167480e-01
9.188799858093261719e-01
9.182398319244384766e-01
9.189687967300415039e-01
9.184175133705139160e-01
9.188405275344848633e-01
9.188202023506164551e-01
9.196276664733886719e-01
9.190679192543029785e-01
9.198668599128723145e-01
9.192625880241394043e-01
9.192019104957580566e-01
9.195150136947631836e-01
9.200507402420043945e-01
9.201536178588867188e-01
9.205165505409240723e-01
9.216630458831787109e-01
9.205073118209838867e-01
9.196583628654479980e-01
9.200652837753295898e-01
9.202394485473632812e-01
9.205409288406372070e-01
9.213543534278869629e-01
9.208244681358337402e-01
9.210964441299438477e-01
9.205763339996337891e-01
9.209673404693603516e-01
9.203279614448547363e-01
9.205028414726257324e-01
9.208738207817077637e-01
