9.843078255653381348e-02
4.612111300230026245e-02
3.140837699174880981e-02
2.566989511251449585e-02
2.255574800074100494e-02
2.048191800713539124e-02
1.823088340461254120e-02
1.768799871206283569e-02
1.659938693046569824e-02
1.584744080901145935e-02
1.483285985887050629e-02
1.423561014235019684e-02
1.385198626667261124e-02
1.321643497794866562e-02
1.296874042600393295e-02
1.233809906989336014e-02
1.220295298844575882e-02
1.196260843425989151e-02
1.133928447961807251e-02
1.125250943005084991e-02
1.093078963458538055e-02
1.087806001305580139e-02
1.045277342200279236e-02
1.031051855534315109e-02
1.052623055875301361e-02
9.891889058053493500e-03
9.601254016160964966e-03
9.149661287665367126e-03
9.456410072743892670e-03
9.068147279322147369e-03
8.970263414084911346e-03
8.520015515387058258e-03
8.366103284060955048e-03
8.426124230027198792e-03
8.353685960173606873e-03
8.360578678548336029e-03
8.085566572844982147e-03
8.047672919929027557e-03
7.611898239701986313e-03
7.555786054581403732e-03
7.522540632635354996e-03
7.441117893904447556e-03
7.538011297583580017e-03
7.262041792273521423e-03
7.261783350259065628e-03
7.177966646850109100e-03
7.417602930217981339e-03
7.285756990313529968e-03
7.101637311279773712e-03
6.979055237025022507e-03
6.730892229825258255e-03
6.733919959515333176e-03
6.871476303786039352e-03
6.658054422587156296e-03
6.741876713931560516e-03
6.780415307730436325e-03
6.491292733699083328e-03
6.534028798341751099e-03
6.578419823199510574e-03
6.482565775513648987e-03
6.544173229485750198e-03
6.414297968149185181e-03
6.207105703651905060e-03
6.167093291878700256e-03
6.244764197617769241e-03
6.289995741099119186e-03
6.204555742442607880e-03
6.212495267391204834e-03
6.018486805260181427e-03
5.903576500713825226e-03
6.033536512404680252e-03
5.859551019966602325e-03
5.967389792203903198e-03
5.933493375778198242e-03
5.940487608313560486e-03
5.579578690230846405e-03
5.622863769531250000e-03
5.672570317983627319e-03
5.581623408943414688e-03
5.647812038660049438e-03
5.377477034926414490e-03
5.692759528756141663e-03
1.400254387408494949e-02
1.354800909757614136e-02
1.329025533050298691e-02
1.306149363517761230e-02
1.273162476718425751e-02
1.264173630625009537e-02
1.235721446573734283e-02
1.232094876468181610e-02
1.213812455534934998e-02
1.190209016203880310e-02
1.209243759512901306e-02
1.176360156387090683e-02
1.151584740728139877e-02
1.163898780941963196e-02
1.145462598651647568e-02
1.114756613969802856e-02
1.121041923761367798e-02
1.102004386484622955e-02
1.097188517451286316e-02
1.072199549525976181e-02
1.055203471332788467e-02
1.047034282237291336e-02
1.044568791985511780e-02
1.028897985816001892e-02
1.021837443113327026e-02
1.010178867727518082e-02
1.000560633838176727e-02
1.006530039012432098e-02
9.939102455973625183e-03
9.882161393761634827e-03
9.841606952250003815e-03
9.696300141513347626e-03
9.501321241259574890e-03
9.657789953052997589e-03
9.602610953152179718e-03
9.571505710482597351e-03
9.441564790904521942e-03
9.431823156774044037e-03
9.256321005523204803e-03
9.457079693675041199e-03
9.226377122104167938e-03
9.190507233142852783e-03
9.238520637154579163e-03
9.218488819897174835e-03
9.187641553580760956e-03
9.303111582994461060e-03
