7.776381373405456543e-01
8.272072076797485352e-01
8.501056432723999023e-01
8.616498708724975586e-01
8.685544729232788086e-01
8.752294778823852539e-01
8.784222006797790527e-01
8.822138309478759766e-01
8.862250447273254395e-01
8.883500099182128906e-01
8.910540938377380371e-01
8.917522430419921875e-01
8.940772414207458496e-01
8.953345417976379395e-01
8.957036137580871582e-01
8.984375596046447754e-01
8.987168669700622559e-01
9.004330635070800781e-01
9.018697738647460938e-01
9.021592140197753906e-01
9.033367037773132324e-01
9.025682210922241211e-01
9.043443202972412109e-01
9.046633243560791016e-01
9.049630165100097656e-01
9.058008193969726562e-01
9.063895940780639648e-01
9.070681929588317871e-01
9.072278738021850586e-01
9.078665375709533691e-01
9.082355499267578125e-01
9.078963994979858398e-01
9.059106111526489258e-01
9.067587852478027344e-01
9.068588018417358398e-01
9.061603546142578125e-01
9.072775244712829590e-01
9.065294861793518066e-01
9.074673652648925781e-01
9.076768755912780762e-01
9.072875380516052246e-01
9.069585800170898438e-01
9.066491127014160156e-01
9.064295887947082520e-01
9.070780277252197266e-01
9.062799215316772461e-01
9.050426483154296875e-01
9.058908224105834961e-01
9.061301946640014648e-01
9.070882797241210938e-01
9.076867699623107910e-01
9.061800241470336914e-01
9.066789746284484863e-01
9.070382118225097656e-01
9.056314826011657715e-01
9.067985415458679199e-01
9.073973894119262695e-01
9.058910012245178223e-01
9.061202406883239746e-01
9.052420258522033691e-01
9.065493941307067871e-01
9.056115746498107910e-01
9.064394831657409668e-01
9.071080088615417480e-01
9.054117202758789062e-01
9.082552194595336914e-01
9.059208631515502930e-01
9.063696861267089844e-01
9.059606194496154785e-01
9.069785475730895996e-01
9.060704112052917480e-01
9.062002897262573242e-01
9.062002897262573242e-01
9.058210849761962891e-01
9.067289233207702637e-01
9.053819179534912109e-01
9.060605764389038086e-01
9.050527215003967285e-01
9.056115746498107910e-01
9.058608412742614746e-01
9.048333168029785156e-01
9.052721858024597168e-01
9.062301516532897949e-01
9.044737815856933594e-01
