1.923113479999983610e+01
3.647993539999970380e+01
5.467632089999960954e+01
7.226222529999995459e+01
8.972383839999974953e+01
1.080708280999997442e+02
1.256241844999999557e+02
1.428949798999997256e+02
1.613138129999997545e+02
1.790176018999995904e+02
1.963367417999997997e+02
2.145139487999999801e+02
2.322731915999997909e+02
2.494396600000000035e+02
2.678745639999997366e+02
2.858845968999999059e+02
3.038575259999997797e+02
3.215337456999995993e+02
3.386223815999996987e+02
3.568602221999999529e+02
3.744945811999996295e+02
3.916415840999998181e+02
4.100620872999998028e+02
4.277591952999996465e+02
4.450722238999996989e+02
4.632084891999998035e+02
4.809721088999999665e+02
4.983347488999997950e+02
5.169009057999996912e+02
5.345528808999997636e+02
5.517174365999999281e+02
5.699712883999995938e+02
5.875951419999996688e+02
6.056251808999995774e+02
6.234473573999998735e+02
6.406747640999997202e+02
6.591734959999998864e+02
6.768989151999999194e+02
6.942521009999995840e+02
7.128348633999999038e+02
7.306039399999999659e+02
7.480435694999996485e+02
7.665373512999999548e+02
7.843625227999996241e+02
8.018000007999999070e+02
8.203283759999999347e+02
8.381957708999998431e+02
8.556382044999995742e+02
8.741359997999998086e+02
8.918375768999999309e+02
9.089939257999999427e+02
9.275434259999997266e+02
9.452425276999997550e+02
9.625198187999999391e+02
9.810061676000000261e+02
9.987847554999998465e+02
1.015986897199999930e+03
1.034455033599999751e+03
1.052301299699999618e+03
1.069775126699999873e+03
1.088325798399999712e+03
1.106051091299999825e+03
1.123520358699999633e+03
1.141762603099999978e+03
1.159557554699999855e+03
1.176985282299999653e+03
1.195600090299999920e+03
1.213435238699999445e+03
1.230785864899999524e+03
1.249285813899999539e+03
1.267224341399999958e+03
1.284646639299999606e+03
1.303207874600000196e+03
1.321026328499999636e+03
1.338480799899999965e+03
1.357066309700000147e+03
1.374830346299999746e+03
1.392336088699999436e+03
1.410957694000000174e+03
1.428792632299999696e+03
1.446164649299999382e+03
1.464763486499999544e+03
1.482678628499999377e+03
1.500417497500000081e+03
1.519054651500000091e+03
1.536992442100000062e+03
1.554516227900000104e+03
1.573170399899999666e+03
1.591089171199999782e+03
1.608907483200000115e+03
1.627587676999999985e+03
1.645609417899999698e+03
1.663163162899999861e+03
1.681907431899999665e+03
1.699895388100000218e+03
1.717394627299999684e+03
1.736338086700000076e+03
1.754284877999999935e+03
1.772014912799999820e+03
1.790666310299999623e+03
1.808627257999999983e+03
1.826373818499999743e+03
1.845066275699999551e+03
1.863065219599999637e+03
1.880761252499999955e+03
1.899524925499999426e+03
1.917475745299999744e+03
1.934977403200000026e+03
1.953529415099999369e+03
1.971575226800000110e+03
1.989289903800000047e+03
2.007899620599999707e+03
2.025935417499999403e+03
2.043513740400000188e+03
2.062392076399999951e+03
2.080288242000000082e+03
2.098046354800000245e+03
2.116704399400000057e+03
2.134606908899999780e+03
2.152327784499999780e+03
2.170849275000000034e+03
2.188937785200000235e+03
2.206680228400000033e+03
2.225450963799999499e+03
2.243442960599999878e+03
2.261182436499999767e+03
2.279774821800000154e+03
2.297914667300000019e+03
2.315747847799999818e+03
2.334343425900000057e+03
2.352426411099999768e+03
2.370681150500000058e+03
2.389428521399999681e+03
2.407622523099999398e+03
2.425585568699999840e+03
2.444232037700000092e+03
2.462453110400000241e+03
2.480244148899999800e+03
2.499297740200000135e+03
2.517437200599999869e+03
2.535409868399999596e+03
2.554266564999999446e+03
2.572499686199999360e+03
2.591568252099999427e+03
2.610449492600000212e+03
2.628687083399999665e+03
2.646593492900000001e+03
2.665283855199999834e+03
2.684261884199999713e+03
2.702283773599999677e+03
2.721599871799999619e+03
2.740080103099999633e+03
2.758359192700000222e+03
2.777296249699999407e+03
2.795847881799999868e+03
2.814029130299999906e+03
2.833203639799999564e+03
2.851814215199999580e+03
