7.548610568046569824e-01
7.924400568008422852e-01
8.178662657737731934e-01
8.356217741966247559e-01
8.522412180900573730e-01
8.666351437568664551e-01
8.726009726524353027e-01
8.813605308532714844e-01
8.881946206092834473e-01
8.910985589027404785e-01
8.969697952270507812e-01
9.021463394165039062e-01
9.053030014038085938e-01
9.070549607276916504e-01
9.104166626930236816e-01
9.124052524566650391e-01
9.143939614295959473e-01
9.154672026634216309e-01
9.161773920059204102e-01
9.186238646507263184e-01
9.200282692909240723e-01
9.205809831619262695e-01
9.215910434722900391e-01
9.245423078536987305e-01
9.243371486663818359e-01
9.248579144477844238e-01
9.268465042114257812e-01
9.270518422126770020e-01
9.292141199111938477e-01
9.294033646583557129e-01
9.295612573623657227e-01
9.301451444625854492e-01
9.330650568008422852e-01
9.329702854156494141e-01
9.347694516181945801e-01
9.346908330917358398e-01
9.368844032287597656e-01
9.375314116477966309e-01
9.369317293167114258e-01
9.382261037826538086e-01
9.383838772773742676e-01
9.385891556739807129e-01
9.391415119171142578e-01
9.396306872367858887e-01
9.393466711044311523e-01
9.390151500701904297e-01
9.405775666236877441e-01
9.394727945327758789e-01
9.401515126228332520e-01
9.398043751716613770e-01
9.406883716583251953e-01
9.401041269302368164e-01
9.413035511970520020e-01
9.409247636795043945e-01
9.407040476799011230e-01
9.418402314186096191e-01
9.418719410896301270e-01
9.417453408241271973e-01
9.420927762985229492e-01
9.417929053306579590e-01
9.422821998596191406e-01
9.409406781196594238e-01
9.413195252418518066e-01
9.432134032249450684e-01
9.411141872406005859e-01
9.411299824714660645e-01
9.417771697044372559e-01
9.409564137458801270e-01
9.418244361877441406e-01
9.424872398376464844e-01
9.417772293090820312e-01
9.423452615737915039e-01
9.415878057479858398e-01
9.417772293090820312e-01
9.423454403877258301e-01
9.402936697006225586e-01
9.409090876579284668e-01
9.404199719429016113e-01
9.421086311340332031e-01
9.413508772850036621e-01
9.415087699890136719e-01
9.413353204727172852e-01
9.410825967788696289e-01
9.412090778350830078e-01
9.403406977653503418e-01
9.430872797966003418e-01
9.407671093940734863e-01
9.422348141670227051e-01
9.406249523162841797e-01
9.419823884963989258e-01
9.404672980308532715e-01
9.422189593315124512e-01
9.415876865386962891e-01
9.408460259437561035e-01
9.408618807792663574e-01
9.419348835945129395e-01
9.404512643814086914e-01
9.411931037902832031e-01
9.086360335350036621e-01
9.102230668067932129e-01
9.111902713775634766e-01
9.117956757545471191e-01
9.115872383117675781e-01
9.113740921020507812e-01
9.117161631584167480e-01
9.115082025527954102e-01
9.119389057159423828e-01
9.124654531478881836e-01
9.122123718261718750e-01
9.117162823677062988e-01
9.121081829071044922e-01
9.128717780113220215e-01
9.118751883506774902e-01
9.126735329627990723e-01
9.121773838996887207e-01
9.131994843482971191e-01
9.128472208976745605e-01
9.121626615524291992e-01
9.129860997200012207e-01
9.126835465431213379e-01
9.121080040931701660e-01
9.120188951492309570e-01
9.122620224952697754e-01
9.133926630020141602e-01
9.123263359069824219e-01
9.127975702285766602e-01
9.130058288574218750e-01
9.132290482521057129e-01
9.122717380523681641e-01
9.129612445831298828e-01
9.127035140991210938e-01
9.138396382331848145e-01
9.127879738807678223e-01
9.132143855094909668e-01
9.128423333168029785e-01
9.130309224128723145e-01
9.141564965248107910e-01
9.130753278732299805e-01
9.140527248382568359e-01
9.129214882850646973e-01
9.124204516410827637e-01
9.138391017913818359e-01
9.129910469055175781e-01
9.137100577354431152e-01
9.127578139305114746e-01
9.129463434219360352e-01
9.132242202758789062e-01
9.125543236732482910e-01
9.133880734443664551e-01
9.143454432487487793e-01
9.134225845336914062e-01
9.141418337821960449e-01
9.139931201934814453e-01
9.128672480583190918e-01
9.136657714843750000e-01
9.128124713897705078e-01
9.140624403953552246e-01
9.135169982910156250e-01
9.138593673706054688e-01
9.134129881858825684e-01
9.144392609596252441e-01
9.135563373565673828e-01
9.134869575500488281e-01
9.143499135971069336e-01
9.131003022193908691e-01
9.139384031295776367e-01
9.140872359275817871e-01
9.131049513816833496e-01
9.141813516616821289e-01
9.141024351119995117e-01
9.137501716613769531e-01
9.141964316368103027e-01
9.140130877494812012e-01
9.137696027755737305e-01
9.138492941856384277e-01
9.149703383445739746e-01
9.133830666542053223e-01
9.139187932014465332e-01
9.148114919662475586e-01
9.142560958862304688e-01
9.143648743629455566e-01
9.142309427261352539e-01
9.138741493225097656e-01
9.153921008110046387e-01
9.147919416427612305e-01
9.145191311836242676e-01
9.154462814331054688e-01
9.144145250320434570e-01
9.149107336997985840e-01
9.147274494171142578e-01
9.151784777641296387e-01
9.141815304756164551e-01
9.141666293144226074e-01
