1.237257346510887146e-01
1.030217483639717102e-01
8.991867303848266602e-02
8.052536100149154663e-02
7.265622168779373169e-02
6.643172353506088257e-02
6.169091165065765381e-02
5.735930800437927246e-02
5.359534174203872681e-02
5.057506263256072998e-02
4.790058732032775879e-02
4.523056745529174805e-02
4.326595738530158997e-02
4.149026423692703247e-02
3.983285278081893921e-02
3.809042274951934814e-02
3.636929020285606384e-02
3.525338321924209595e-02
3.399427980184555054e-02
3.263631835579872131e-02
3.115549497306346893e-02
3.017815947532653809e-02
2.910925447940826416e-02
2.784804254770278931e-02
2.692059613764286041e-02
2.598348259925842285e-02
2.453871443867683411e-02
2.359824441373348236e-02
2.294259145855903625e-02
2.169821411371231079e-02
2.101969905197620392e-02
2.008144930005073547e-02
1.905447430908679962e-02
1.858494989573955536e-02
1.746020838618278503e-02
1.648104004561901093e-02
1.565879583358764648e-02
1.494643185287714005e-02
1.388182956725358963e-02
1.308930106461048126e-02
1.257919520139694214e-02
1.209929306060075760e-02
1.165918353945016861e-02
1.129337586462497711e-02
1.087524648755788803e-02
1.031455583870410919e-02
9.919664822518825531e-03
9.701106697320938110e-03
9.271734394133090973e-03
8.827899582684040070e-03
8.507804945111274719e-03
8.044077083468437195e-03
7.771885022521018982e-03
7.499353028833866119e-03
7.170228753238916397e-03
6.948041263967752457e-03
6.630428135395050049e-03
6.536688655614852905e-03
6.185282487422227859e-03
6.105902604758739471e-03
5.796131677925586700e-03
5.767818540334701538e-03
5.497995764017105103e-03
5.448848940432071686e-03
5.388863384723663330e-03
5.158289335668087006e-03
5.096823908388614655e-03
4.961540456861257553e-03
4.778004717081785202e-03
4.656633827835321426e-03
4.599535837769508362e-03
4.443916026502847672e-03
4.375745076686143875e-03
4.300941713154315948e-03
4.307580180466175079e-03
4.275185521692037582e-03
4.162421915680170059e-03
4.019342828541994095e-03
4.059802275151014328e-03
4.045023582875728607e-03
3.837532596662640572e-03
3.834713948890566826e-03
3.813405986875295639e-03
3.747554030269384384e-03
3.738488070666790009e-03
3.587261540815234184e-03
3.556153969839215279e-03
3.485593711957335472e-03
3.475376404821872711e-03
3.424635855481028557e-03
3.415035316720604897e-03
3.383616916835308075e-03
3.343761432915925980e-03
3.261401550844311714e-03
3.306273138150572777e-03
3.348972648382186890e-03
3.164057852700352669e-03
3.265029517933726311e-03
7.780494634062051773e-03
7.264103274792432785e-03
6.951431743800640106e-03
6.744338665157556534e-03
6.591394077986478806e-03
6.456005387008190155e-03
6.264082156121730804e-03
6.193207111209630966e-03
6.079448852688074112e-03
5.905332043766975403e-03
5.801635328680276871e-03
5.772312637418508530e-03
5.696194712072610855e-03
5.486625712364912033e-03
5.447507370263338089e-03
5.306466482579708099e-03
5.130670964717864990e-03
5.070892162621021271e-03
4.947089590132236481e-03
4.973164759576320648e-03
4.898880142718553543e-03
4.722807556390762329e-03
4.796110093593597412e-03
4.641216713935136795e-03
4.610527306795120239e-03
4.527411889284849167e-03
4.496559966355562210e-03
4.417245741933584213e-03
4.359157755970954895e-03
4.265399184077978134e-03
4.229788668453693390e-03
4.125907085835933685e-03
4.129407927393913269e-03
4.027306102216243744e-03
3.986134193837642670e-03
3.963100723922252655e-03
3.878687508404254913e-03
3.804303472861647606e-03
3.760799765586853027e-03
3.781690495088696480e-03
3.673756495118141174e-03
3.674290142953395844e-03
3.561448771506547928e-03
3.537285607308149338e-03
3.537406912073493004e-03
3.454100806266069412e-03
3.422219771891832352e-03
3.406929550692439079e-03
3.390139201655983925e-03
3.303321776911616325e-03
3.254352603107690811e-03
3.198948921635746956e-03
3.208056557923555374e-03
3.156188176944851875e-03
3.153904573991894722e-03
3.126881550997495651e-03
3.050019731745123863e-03
3.035736503079533577e-03
3.024323377758264542e-03
2.936291275545954704e-03
2.911849645897746086e-03
2.893795259296894073e-03
2.930070739239454269e-03
2.831124467775225639e-03
2.838972723111510277e-03
2.759761177003383636e-03
2.818046370521187782e-03
2.724090823903679848e-03
2.730219857767224312e-03
2.670074114575982094e-03
2.669150708243250847e-03
2.605077810585498810e-03
2.601916901767253876e-03
2.567546209320425987e-03
2.568331547081470490e-03
2.525306772440671921e-03
2.497381763532757759e-03
2.498437650501728058e-03
2.504495438188314438e-03
2.461537718772888184e-03
2.431300934404134750e-03
2.416254021227359772e-03
2.351465169340372086e-03
2.404644386842846870e-03
2.355267060920596123e-03
2.321472158655524254e-03
2.299234969541430473e-03
2.286185510456562042e-03
2.262782305479049683e-03
2.194252796471118927e-03
2.193822525441646576e-03
2.204805146902799606e-03
2.187661360949277878e-03
2.173193264752626419e-03
2.171676140278577805e-03
