7.438029000000824453e+00
1.231861000000026252e+01
1.740806189999966591e+01
2.238938880000023346e+01
2.733077340000090771e+01
3.244580599999972037e+01
3.738726140000107989e+01
4.242053280000072846e+01
4.744689769999968121e+01
5.242409720000068774e+01
5.743567650000113645e+01
6.242557810000107565e+01
6.740068260000043665e+01
7.239369570000053500e+01
7.747056280000106199e+01
8.244927930000085325e+01
8.744034660000033909e+01
9.240928440000061528e+01
9.738516820000040752e+01
1.024072401000012178e+02
1.074555829000000813e+02
1.124416134000002785e+02
1.175107320000006439e+02
1.225435424999996030e+02
1.275503497999998217e+02
1.325843416999996407e+02
1.376433747999999468e+02
1.425921264000007795e+02
1.476645769999995537e+02
1.526987946999997803e+02
1.576334444000003714e+02
1.627793794999997772e+02
1.676602027000008093e+02
1.726785619000002043e+02
1.776428625000007742e+02
1.825561551000009786e+02
1.874965477000005194e+02
1.924758823000011034e+02
1.973842499000002135e+02
2.022661274000001868e+02
2.072098598000011407e+02
2.121494516000002477e+02
2.170185834000003524e+02
2.220612311000004411e+02
2.270696188000001712e+02
2.318907603000006930e+02
2.485633424000006926e+02
2.653105945999996038e+02
2.821612347999998747e+02
2.991119532000011532e+02
3.159591772000003402e+02
3.327494385000009061e+02
3.494613499000006414e+02
3.662773004999999102e+02
3.831948219000005338e+02
4.001136380999996618e+02
4.169389024000010977e+02
4.339199368000008690e+02
4.507509081000007427e+02
4.676813311000005342e+02
4.845969815000007657e+02
5.013525100999995630e+02
5.182564944000005198e+02
5.350443976000005932e+02
5.519656651000004786e+02
5.689212279000003036e+02
5.857446242999994865e+02
6.025514707000002090e+02
6.194133872000002157e+02
6.361339623000003485e+02
6.530114795000008598e+02
6.699501034000004438e+02
6.867647735999998986e+02
7.036032176999997318e+02
7.204989906000009796e+02
7.372952514000007795e+02
7.542377192000003561e+02
7.713327260999994905e+02
7.884206338000003598e+02
8.051717206000012084e+02
8.222101552000003721e+02
8.390656187000004138e+02
8.559688094000011915e+02
8.728647517999997945e+02
8.897669189999996888e+02
9.065903725999996823e+02
9.234576794000004156e+02
9.403107808000004297e+02
9.573773292999994737e+02
9.743627823999995599e+02
9.912475518999999622e+02
1.008398659899999984e+03
1.025499989800000549e+03
1.042443112099999780e+03
1.059595596099999966e+03
1.076707751100000678e+03
1.093625083299999460e+03
1.110650372500000231e+03
1.127778182199999719e+03
1.144682597700000770e+03
1.161943960900000093e+03
1.178859654600000795e+03
1.195824873700001262e+03
1.213166044100000363e+03
1.230236534400000892e+03
1.247202672800000073e+03
1.264620782100000724e+03
1.281761752399999750e+03
1.298883693199999470e+03
1.316024737600000662e+03
1.333324736700000358e+03
1.350473693199999616e+03
1.367884287200000472e+03
1.384975767500000075e+03
1.402258772000001045e+03
1.419819173600000795e+03
1.437030258599999797e+03
1.454307251700000052e+03
1.471742728200000784e+03
1.488868823900000280e+03
1.506092326300000423e+03
1.523331042699999671e+03
1.541329618900001151e+03
1.558586746099999800e+03
