5.383390784263610840e-01
5.802951455116271973e-01
5.856481194496154785e-01
5.951967835426330566e-01
6.090856194496154785e-01
6.132812500000000000e-01
6.155959963798522949e-01
6.271701455116271973e-01
6.384548544883728027e-01
6.367187500000000000e-01
6.464120745658874512e-01
6.443865299224853516e-01
6.574074029922485352e-01
6.575520634651184082e-01
6.575520634651184082e-01
6.620370745658874512e-01
6.652199029922485352e-01
6.697049140930175781e-01
6.660879850387573242e-01
6.766493320465087891e-01
6.760706305503845215e-01
6.835937500000000000e-01
6.901041865348815918e-01
6.867766380310058594e-01
6.914062500000000000e-01
6.890913844108581543e-01
6.921296119689941406e-01
6.982060074806213379e-01
7.038483619689941406e-01
6.992187500000000000e-01
7.013888955116271973e-01
7.078992724418640137e-01
7.119502425193786621e-01
7.068865895271301270e-01
7.161458134651184082e-01
7.146990299224853516e-01
7.118055224418640137e-01
7.131076455116271973e-01
7.241030335426330566e-01
7.222221493721008301e-01
7.252604365348815918e-01
7.242476940155029297e-01
7.284433245658874512e-01
7.236690521240234375e-01
7.265625000000000000e-01
7.330729365348815918e-01
7.317708134651184082e-01
7.323495745658874512e-01
7.319154739379882812e-01
7.348089814186096191e-01
7.455150485038757324e-01
7.423322200775146484e-01
7.460937500000000000e-01
7.421875000000000000e-01
7.414641380310058594e-01
7.465277314186096191e-01
7.472512125968933105e-01
7.445022463798522949e-01
7.449362874031066895e-01
7.566550374031066895e-01
7.484086155891418457e-01
7.492766380310058594e-01
7.567997574806213379e-01
7.565104365348815918e-01
7.585358619689941406e-01
7.598379254341125488e-01
7.583912014961242676e-01
7.686632275581359863e-01
7.637441754341125488e-01
7.695312500000000000e-01
7.662037014961242676e-01
7.605612874031066895e-01
7.696759700775146484e-01
7.717013955116271973e-01
7.769097685813903809e-01
7.646122574806213379e-01
7.737268805503845215e-01
7.803819179534912109e-01
7.718460559844970703e-01
7.789351940155029297e-01
7.795138359069824219e-01
7.747395634651184082e-01
7.848668098449707031e-01
7.824074625968933105e-01
7.858796715736389160e-01
7.826967239379882812e-01
7.886283993721008301e-01
7.886285185813903809e-01
7.939814925193786621e-01
7.913773059844970703e-01
7.931134104728698730e-01
7.973089814186096191e-01
7.975984215736389160e-01
7.929687500000000000e-01
8.028066754341125488e-01
7.935474514961242676e-01
8.015046119689941406e-01
8.029515147209167480e-01
8.064236640930175781e-01
8.048322200775146484e-01
7.748841643333435059e-01
7.799685597419738770e-01
7.833580970764160156e-01
7.928240895271301270e-01
7.977431416511535645e-01
8.027447462081909180e-01
8.098132014274597168e-01
8.151041865348815918e-01
8.204366564750671387e-01
8.246941566467285156e-01
8.265541791915893555e-01
8.362681269645690918e-01
8.417658805847167969e-01
8.458167314529418945e-01
8.499916791915893555e-01
8.544973731040954590e-01
8.583415746688842773e-01
8.629713654518127441e-01
8.703290820121765137e-01
8.724784851074218750e-01
8.775628209114074707e-01
8.833912611007690430e-01
8.849619030952453613e-01
8.911210894584655762e-01
8.936011791229248047e-01
8.982722163200378418e-01
9.019097089767456055e-01
9.071181416511535645e-01
9.093502759933471680e-01
9.126984477043151855e-01
9.136077165603637695e-01
9.165012836456298828e-01
9.246031641960144043e-01
9.214203953742980957e-01
9.261739850044250488e-01
9.270420074462890625e-01
9.327463507652282715e-01
9.328703284263610840e-01
9.382439851760864258e-01
9.387400746345520020e-01
9.404761791229248047e-01
9.403933286666870117e-01
9.441965222358703613e-01
9.460978507995605469e-01
9.435764551162719727e-01
9.491981267929077148e-01
9.493632316589355469e-01
9.520503282546997070e-01
9.551091194152832031e-01
9.541584849357604980e-01
9.557704925537109375e-01
9.553984403610229492e-01
9.577959775924682617e-01
9.581678509712219238e-01
9.603174328804016113e-01
9.606068730354309082e-01
9.593253135681152344e-01
9.634588956832885742e-01
9.614748358726501465e-01
9.650710821151733398e-01
9.650710821151733398e-01
9.652364850044250488e-01
9.648643732070922852e-01
9.679232835769653320e-01
9.666831493377685547e-01
9.661045074462890625e-01
9.683779478073120117e-01
9.676752686500549316e-01
9.668899774551391602e-01
9.672206044197082520e-01
9.693287611007690430e-01
9.678406715393066406e-01
9.678819775581359863e-01
9.686673283576965332e-01
9.706100225448608398e-01
9.686261415481567383e-01
9.697834253311157227e-01
9.702793955802917480e-01
9.710649847984313965e-01
9.679231047630310059e-01
9.711887836456298828e-01
9.682126641273498535e-01
9.704034924507141113e-01
9.706514477729797363e-01
9.699899554252624512e-01
9.718501567840576172e-01
9.704034924507141113e-01
9.700314402580261230e-01
9.693700671195983887e-01
9.698246717453002930e-01
9.709408879280090332e-01
9.709821343421936035e-01
9.711060523986816406e-01
9.704447388648986816e-01
9.690393805503845215e-01
9.685020446777343750e-01
9.713128209114074707e-01
9.705687165260314941e-01
9.712300896644592285e-01
9.730904102325439453e-01
