4.760728776454925537e-02
4.420965164899826050e-02
4.210521653294563293e-02
4.044014587998390198e-02
3.935325145721435547e-02
3.983495384454727173e-02
3.912509605288505554e-02
3.846637532114982605e-02
3.802755847573280334e-02
3.732345998287200928e-02
3.678903728723526001e-02
3.800000995397567749e-02
3.685611486434936523e-02
3.627853095531463623e-02
3.619689866900444031e-02
3.578322008252143860e-02
3.548563644289970398e-02
3.581757470965385437e-02
3.574671223759651184e-02
3.567660972476005554e-02
3.515832498669624329e-02
3.530116379261016846e-02
3.541269153356552124e-02
3.532136231660842896e-02
3.478994220495223999e-02
3.472888842225074768e-02
3.474910184741020203e-02
3.533649072051048279e-02
3.438916802406311035e-02
3.506620228290557861e-02
3.442322835326194763e-02
3.496025130152702332e-02
3.415660560131072998e-02
3.417348861694335938e-02
3.493284806609153748e-02
3.409203141927719116e-02
3.410906717181205750e-02
3.363506495952606201e-02
3.415678814053535461e-02
3.409862890839576721e-02
3.417034447193145752e-02
4.895845428109169006e-02
4.214752092957496643e-02
3.905900567770004272e-02
3.782011941075325012e-02
3.713579475879669189e-02
3.563072159886360168e-02
3.583707287907600403e-02
3.522653505206108093e-02
3.508684039115905762e-02
3.432582318782806396e-02
3.492322191596031189e-02
3.414931148290634155e-02
3.431592136621475220e-02
3.399261832237243652e-02
3.335047885775566101e-02
3.239209577441215515e-02
3.284913673996925354e-02
3.291492164134979248e-02
3.268255293369293213e-02
3.277284651994705200e-02
3.198830783367156982e-02
3.326150029897689819e-02
4.895173013210296631e-02
4.244193062186241150e-02
3.997264802455902100e-02
3.927366062998771667e-02
3.754258528351783752e-02
3.663311153650283813e-02
3.654988110065460205e-02
3.611587733030319214e-02
3.527392819523811340e-02
3.573068603873252869e-02
3.479950129985809326e-02
3.457764536142349243e-02
3.432401269674301147e-02
3.468687832355499268e-02
3.405212983489036560e-02
3.390000015497207642e-02
3.382525593042373657e-02
3.301686421036720276e-02
3.359060361981391907e-02
3.360058367252349854e-02
3.314185887575149536e-02
3.273168578743934631e-02
3.317014127969741821e-02
3.315364941954612732e-02
3.305581957101821899e-02
3.233788534998893738e-02
3.290660679340362549e-02
3.164909780025482178e-02
3.210003674030303955e-02
3.217492997646331787e-02
3.185548633337020874e-02
3.191348165273666382e-02
3.204407542943954468e-02
3.155115991830825806e-02
3.176042437553405762e-02
3.143869712948799133e-02
3.092824853956699371e-02
3.143046423792839050e-02
3.053957410156726837e-02
3.099304437637329102e-02
3.045062534511089325e-02
3.014417365193367004e-02
3.053022921085357666e-02
3.034987673163414001e-02
3.012625500559806824e-02
3.043935820460319519e-02
3.052173554897308350e-02
4.305871576070785522e-02
3.786390647292137146e-02
3.663791716098785400e-02
3.583888337016105652e-02
3.572758287191390991e-02
3.421900793910026550e-02
3.449730947613716125e-02
3.397978097200393677e-02
3.285915777087211609e-02
3.312897309660911560e-02
3.318281099200248718e-02
3.281239792704582214e-02
3.278031200170516968e-02
3.262943401932716370e-02
3.220760077238082886e-02
3.197888657450675964e-02
3.192364424467086792e-02
3.151023760437965393e-02
3.228548169136047363e-02
3.198967874050140381e-02
3.085260652005672455e-02
3.118863515555858612e-02
3.071650117635726929e-02
3.160957619547843933e-02
3.055266104638576508e-02
3.051183186471462250e-02
3.048258088529109955e-02
3.065609186887741089e-02
3.070277534425258636e-02
3.019471094012260437e-02
3.066870756447315216e-02
3.154202178120613098e-02
3.089145012199878693e-02
3.071783483028411865e-02
3.087975829839706421e-02
3.080880083143711090e-02
3.021142445504665375e-02
3.024877049028873444e-02
3.010603040456771851e-02
2.982207946479320526e-02
2.999792061746120453e-02
3.014999628067016602e-02
2.990848757326602936e-02
2.942263521254062653e-02
2.983185462653636932e-02
3.046059608459472656e-02
