8.924148000000059255e+00
1.593410059999951045e+01
2.291835489999994024e+01
2.972231149999970512e+01
3.666761390000010579e+01
4.361198220000005676e+01
5.050572139999985666e+01
5.734588829999938753e+01
6.438003669999943668e+01
7.119680340000013530e+01
7.814119329999994079e+01
8.505041199999959645e+01
9.224374249999982567e+01
9.931402019999950426e+01
1.063522937999996429e+02
1.133191831999993155e+02
1.201906904999996186e+02
1.272192691000000195e+02
1.340338372999995045e+02
1.410150308000002042e+02
1.480049727999994502e+02
1.549251444999999876e+02
1.616807061999998041e+02
1.687424635999996099e+02
1.752070045999998911e+02
1.825353043999994043e+02
1.896041832999999315e+02
1.965492257999994763e+02
2.035225931999993918e+02
2.106218228999996427e+02
2.172603097999999591e+02
2.248269050999997489e+02
2.319250301000001855e+02
2.389725097000000460e+02
2.459391620999995212e+02
2.530295873999994001e+02
2.598556966999994984e+02
2.667278491999995822e+02
2.738499661999994714e+02
2.805713461999994252e+02
2.877561240999993970e+02
2.944022678000001179e+02
3.015831225000001723e+02
3.085485969999999725e+02
3.155890896999999313e+02
3.225299356999994416e+02
3.294347041999999419e+02
3.364601713000001837e+02
3.434529335999995965e+02
3.504018341000000873e+02
3.573371128999997381e+02
3.642846942999995008e+02
3.712477321999995183e+02
3.778705129999998462e+02
3.848056878999996115e+02
3.921236112999995385e+02
3.992166478999997707e+02
4.058989264000001640e+02
4.131173960999994961e+02
4.202294402999996237e+02
4.271559368999996877e+02
4.341600486999996065e+02
4.411758223999995607e+02
4.480980036999999356e+02
4.557187157999996998e+02
4.626979492999998911e+02
4.699015104000000065e+02
4.769475468999999066e+02
4.838626871999995274e+02
4.911333386999995128e+02
4.981929038999996919e+02
5.053254569000000629e+02
5.122858627999994496e+02
5.194112058999999135e+02
5.266303687999998147e+02
5.333951785999997810e+02
5.406574134000002232e+02
5.477666814999993221e+02
5.548107826999994359e+02
5.618503295000000435e+02
5.690335009000000355e+02
5.760221302999998443e+02
5.830860296000000744e+02
5.902552477999997791e+02
5.973723546999999598e+02
6.047970133999997415e+02
6.121556633999998667e+02
6.192280311999993501e+02
6.261184965000002194e+02
6.333026546000000963e+02
6.406382886000001236e+02
6.476911215000000084e+02
6.549660266999999294e+02
6.619812969999993584e+02
6.690600438999999824e+02
6.763440520999993169e+02
6.835603630999994493e+02
6.909061934999999721e+02
6.982681888999995863e+02
7.056640010999999504e+02
7.281141145999999935e+02
7.500011752000000342e+02
7.726968148999994810e+02
7.943051996999993207e+02
8.162933896999993522e+02
8.384396293999998306e+02
8.602234963999999309e+02
8.821340921000000890e+02
9.043803226999998515e+02
9.259059341000001950e+02
9.477053875999999946e+02
9.699137262999993254e+02
9.917654370000000199e+02
1.013735652999999729e+03
1.036360274099999515e+03
1.058393649999999980e+03
1.080398594799999955e+03
1.102113220799999908e+03
1.124724275300000045e+03
1.146761696499999744e+03
1.169146099799999320e+03
1.191197824099999707e+03
1.213415239699999802e+03
1.235758223400000134e+03
1.258186067999999977e+03
1.280465904699999555e+03
1.302470443700000033e+03
1.324551962099999400e+03
1.347302714299999934e+03
1.369665070000000014e+03
1.392047172999999930e+03
1.414265431599999829e+03
1.436415613999999550e+03
1.458679936399999860e+03
1.481207795100000112e+03
1.503830906499999401e+03
1.525944398300000103e+03
1.548578251999999338e+03
1.571042642499999602e+03
1.593364322699999320e+03
1.615825416099999529e+03
1.638787300399999367e+03
1.661554000499999347e+03
1.685082217899999705e+03
1.707700524299999415e+03
1.730407669100000021e+03
1.752998394399999597e+03
1.775780953699999372e+03
1.798462406900000133e+03
1.821262625599999410e+03
1.844279164499999752e+03
1.866745715199999722e+03
1.890254897099999653e+03
1.912943623699999989e+03
1.936150769400000172e+03
1.959333654000000024e+03
1.982704727199999979e+03
2.005383880299999873e+03
2.029916969799999606e+03
2.052957524699999340e+03
2.076674595599999520e+03
2.099561510900000030e+03
2.123429674299999533e+03
2.146399945399999524e+03
2.169706163199999537e+03
