8.830887675285339355e-01
9.549201726913452148e-01
9.609337449073791504e-01
9.606415033340454102e-01
9.620580673217773438e-01
9.627050161361694336e-01
9.634824991226196289e-01
9.636994004249572754e-01
9.647135734558105469e-01
9.649698138236999512e-01
9.649148583412170410e-01
9.654512405395507812e-01
9.653841853141784668e-01
9.653961658477783203e-01
9.442099332809448242e-01
9.453113675117492676e-01
9.461519718170166016e-01
9.463155865669250488e-01
9.462576508522033691e-01
9.462560415267944336e-01
9.465412497520446777e-01
9.466121792793273926e-01
9.465783834457397461e-01
9.464383125305175781e-01
9.469043612480163574e-01
