4.988888800144195557e-01
5.027778148651123047e-01
5.072222948074340820e-01
5.022222995758056641e-01
4.855556190013885498e-01
5.022222399711608887e-01
5.077778100967407227e-01
5.127778649330139160e-01
5.127778053283691406e-01
4.988888800144195557e-01
5.122222900390625000e-01
5.077778100967407227e-01
5.149999856948852539e-01
5.144445300102233887e-01
5.205555558204650879e-01
5.111110210418701172e-01
4.972222149372100830e-01
5.111110806465148926e-01
5.011110901832580566e-01
4.888888895511627197e-01
5.055555105209350586e-01
5.133333802223205566e-01
5.005555152893066406e-01
5.127778053283691406e-01
4.961110651493072510e-01
5.066667199134826660e-01
5.094444155693054199e-01
4.977778196334838867e-01
4.927777349948883057e-01
5.205555558204650879e-01
5.227777361869812012e-01
5.172222852706909180e-01
5.061110854148864746e-01
5.227777361869812012e-01
5.177778601646423340e-01
5.177778005599975586e-01
5.194444060325622559e-01
5.122222304344177246e-01
5.244445800781250000e-01
5.072222352027893066e-01
5.250000357627868652e-01
5.222222805023193359e-01
5.099999904632568359e-01
5.361111760139465332e-01
5.200000405311584473e-01
5.172222852706909180e-01
5.266665816307067871e-01
5.200001001358032227e-01
5.355554819107055664e-01
5.349999070167541504e-01
5.199999809265136719e-01
5.299999117851257324e-01
5.227777957916259766e-01
5.483333468437194824e-01
5.194444656372070312e-01
