4.990879818797111511e-02
4.620402678847312927e-02
4.625840112566947937e-02
4.620461165904998779e-02
4.626504704356193542e-02
4.612812027335166931e-02
4.614653438329696655e-02
4.623119533061981201e-02
4.617660865187644958e-02
4.607068374752998352e-02
4.604574292898178101e-02
3.767549246549606323e-02
1.812843047082424164e-02
1.493110228329896927e-02
1.376530807465314865e-02
1.314350403845310211e-02
1.235342305153608322e-02
1.116401702165603638e-02
1.073219534009695053e-02
9.947981685400009155e-03
9.095822460949420929e-03
7.891679182648658752e-03
5.822326522320508957e-03
3.822585102170705795e-03
3.451123600825667381e-03
2.413817448541522026e-03
1.723238150589168072e-03
1.518675358965992928e-03
1.396227045916020870e-03
1.247996115125715733e-03
1.308765611611306667e-03
1.209372421726584435e-03
1.540325698442757130e-03
8.713749237358570099e-03
6.323150824755430222e-03
5.033708177506923676e-03
4.396824631839990616e-03
3.892248729243874550e-03
3.554149297997355461e-03
3.345322329550981522e-03
3.047803882509469986e-03
2.792026381939649582e-03
2.697434509173035622e-03
2.476593479514122009e-03
2.352369250729680061e-03
2.318970393389463425e-03
2.230228623375296593e-03
2.091578673571348190e-03
2.001582644879817963e-03
2.014345023781061172e-03
1.935216481797397137e-03
1.902972115203738213e-03
1.835983828641474247e-03
1.723644556477665901e-03
1.693370635621249676e-03
1.672797370702028275e-03
1.732631935738027096e-03
1.624345080927014351e-03
1.618297654204070568e-03
1.656471285969018936e-03
