4.721426218748092651e-02
2.495320141315460205e-02
2.261072956025600433e-02
2.004799991846084595e-02
1.786340773105621338e-02
1.727555692195892334e-02
1.653003320097923279e-02
1.678347028791904449e-02
1.448821648955345154e-02
1.410145033150911331e-02
1.401377283036708832e-02
1.445913780480623245e-02
1.351495459675788879e-02
1.174532901495695114e-02
1.281364727765321732e-02
1.319159846752882004e-02
1.239273231476545334e-02
1.201788708567619324e-02
1.088677253574132919e-02
1.118548959493637085e-02
1.069833897054195404e-02
1.055589225143194199e-02
1.072261016815900803e-02
1.092979591339826584e-02
1.026666909456253052e-02
9.747962467372417450e-03
1.033628731966018677e-02
1.012564916163682938e-02
1.006050873547792435e-02
1.049785036593675613e-02
