5.704860687255859375e-01
5.557638406753540039e-01
5.817361474037170410e-01
5.554861426353454590e-01
5.442360043525695801e-01
5.646181702613830566e-01
5.428471565246582031e-01
5.063541531562805176e-01
5.193750262260437012e-01
5.203819870948791504e-01
5.294097661972045898e-01
5.284028649330139160e-01
5.432291626930236816e-01
5.500694513320922852e-01
5.593403577804565430e-01
5.841666460037231445e-01
5.922221541404724121e-01
6.269444823265075684e-01
6.362151503562927246e-01
6.365624666213989258e-01
6.032639145851135254e-01
5.901387929916381836e-01
5.969096422195434570e-01
5.815277695655822754e-01
6.335068941116333008e-01
6.298611164093017578e-01
6.039583683013916016e-01
6.005207300186157227e-01
6.040278673171997070e-01
6.303819417953491211e-01
6.445834636688232422e-01
6.278820037841796875e-01
6.305902600288391113e-01
6.632985472679138184e-01
6.749305725097656250e-01
6.567707657814025879e-01
6.665276885032653809e-01
6.801735758781433105e-01
6.759374737739562988e-01
6.774652600288391113e-01
6.857289075851440430e-01
6.980555057525634766e-01
7.042708396911621094e-01
7.129861712455749512e-01
7.074999213218688965e-01
6.966320276260375977e-01
6.841319799423217773e-01
6.946527361869812012e-01
6.730554699897766113e-01
6.761804819107055664e-01
6.876735091209411621e-01
6.872917413711547852e-01
7.111806273460388184e-01
7.177429795265197754e-01
7.162153720855712891e-01
7.251041531562805176e-01
7.224306464195251465e-01
7.257292270660400391e-01
7.237499356269836426e-01
7.117362022399902344e-01
7.104514241218566895e-01
7.201737165451049805e-01
7.400694489479064941e-01
7.376042008399963379e-01
7.438888549804687500e-01
7.556945085525512695e-01
7.537847757339477539e-01
7.586112022399902344e-01
7.592708468437194824e-01
7.565971612930297852e-01
7.645485401153564453e-01
7.569097280502319336e-01
7.617361545562744141e-01
7.526389956474304199e-01
7.612846493721008301e-01
7.578125596046447754e-01
7.532292008399963379e-01
7.524304389953613281e-01
7.460069060325622559e-01
7.483332157135009766e-01
7.539235949516296387e-01
7.505555748939514160e-01
7.436458468437194824e-01
7.354166507720947266e-01
7.365972399711608887e-01
7.344443798065185547e-01
7.415971159934997559e-01
7.537500858306884766e-01
7.480556368827819824e-01
7.502082586288452148e-01
7.477432489395141602e-01
7.410763502120971680e-01
7.343403697013854980e-01
7.517015337944030762e-01
7.527776956558227539e-01
7.571526169776916504e-01
7.590971589088439941e-01
7.581943273544311523e-01
7.533333301544189453e-01
7.500000000000000000e-01
7.540277838706970215e-01
7.614582180976867676e-01
7.501040697097778320e-01
7.479514479637145996e-01
7.444444298744201660e-01
7.528820037841796875e-01
7.402777075767517090e-01
7.518054842948913574e-01
7.599653005599975586e-01
7.593402862548828125e-01
7.586805820465087891e-01
7.382639050483703613e-01
7.372568249702453613e-01
7.433679103851318359e-01
7.430903911590576172e-01
7.442011833190917969e-01
7.254862189292907715e-01
7.358682155609130859e-01
7.422916889190673828e-01
7.398958802223205566e-01
7.484375834465026855e-01
7.447567582130432129e-01
7.392360568046569824e-01
