4.009585455060005188e-02
4.068996012210845947e-02
3.994247317314147949e-02
4.072259739041328430e-02
4.169530421495437622e-02
3.988843783736228943e-02
4.025857895612716675e-02
4.094319045543670654e-02
4.008615389466285706e-02
4.051227495074272156e-02
3.921575844287872314e-02
4.055818542838096619e-02
4.030419886112213135e-02
4.046230390667915344e-02
4.201456904411315918e-02
4.675026237964630127e-02
4.478553682565689087e-02
4.513699188828468323e-02
4.466624185442924500e-02
4.454341903328895569e-02
4.374951869249343872e-02
4.351030290126800537e-02
4.501296952366828918e-02
4.585549235343933105e-02
4.736654832959175110e-02
4.473759979009628296e-02
4.345150291919708252e-02
4.167647287249565125e-02
4.001082479953765869e-02
3.775469958782196045e-02
3.715069219470024109e-02
3.562387079000473022e-02
3.448791801929473877e-02
3.162073716521263123e-02
3.238725662231445312e-02
3.259834274649620056e-02
3.137092292308807373e-02
3.032348304986953735e-02
3.001104295253753662e-02
2.910670079290866852e-02
2.761987037956714630e-02
2.715008705854415894e-02
2.777887322008609772e-02
2.665429189801216125e-02
2.683321386575698853e-02
2.689794078469276428e-02
2.609512023627758026e-02
2.582284621894359589e-02
2.569331601262092590e-02
2.603520825505256653e-02
2.580593898892402649e-02
2.625817805528640747e-02
3.332693874835968018e-02
2.963832579553127289e-02
2.935808338224887848e-02
2.701510488986968994e-02
2.717080339789390564e-02
2.521315962076187134e-02
2.517521381378173828e-02
2.631614729762077332e-02
2.567842416465282440e-02
2.635767497122287750e-02
2.531325630843639374e-02
2.532453835010528564e-02
2.542330510914325714e-02
2.421084791421890259e-02
2.471161447465419769e-02
2.395268157124519348e-02
2.351378835737705231e-02
2.332571707665920258e-02
2.311565726995468140e-02
2.328548394143581390e-02
2.297905832529067993e-02
2.325572073459625244e-02
2.277194336056709290e-02
2.296438254415988922e-02
2.312541566789150238e-02
2.271044440567493439e-02
2.249243482947349548e-02
2.277023717761039734e-02
2.237675897777080536e-02
2.154782600700855255e-02
2.245605178177356720e-02
2.246220037341117859e-02
2.118171006441116333e-02
2.165133878588676453e-02
2.187395654618740082e-02
2.170949056744575500e-02
2.144074440002441406e-02
2.116532996296882629e-02
2.176833897829055786e-02
2.174786478281021118e-02
2.161834202706813812e-02
2.163113281130790710e-02
2.154058963060379028e-02
2.094552479684352875e-02
2.077828720211982727e-02
2.114997617900371552e-02
2.153339609503746033e-02
2.062183618545532227e-02
2.068935148417949677e-02
2.041779458522796631e-02
2.076594159007072449e-02
2.085410431027412415e-02
2.056500501930713654e-02
2.074485085904598236e-02
2.054503932595252991e-02
2.012162283062934875e-02
2.010201290249824524e-02
2.034872025251388550e-02
2.066717296838760376e-02
2.380459941923618317e-02
2.264900133013725281e-02
2.243268303573131561e-02
2.157256193459033966e-02
2.185840532183647156e-02
2.186906896531581879e-02
2.143639884889125824e-02
2.147764712572097778e-02
2.149224281311035156e-02
2.085310220718383789e-02
2.069499343633651733e-02
2.152042463421821594e-02
