8.505523800849914551e-01
8.631470203399658203e-01
8.661144375801086426e-01
8.664456009864807129e-01
8.670137524604797363e-01
8.670139908790588379e-01
8.666037321090698242e-01
8.666034936904907227e-01
8.668717145919799805e-01
8.666668534278869629e-01
8.672822713851928711e-01
8.669506311416625977e-01
8.674241900444030762e-01
8.322967290878295898e-01
8.321179151535034180e-01
8.330458402633666992e-01
8.327280282974243164e-01
8.386707305908203125e-01
8.391218185424804688e-01
8.391222357749938965e-01
8.394145965576171875e-01
8.396876454353332520e-01
8.398663401603698730e-01
8.392211794853210449e-01
8.397621512413024902e-01
8.392362594604492188e-01
8.394393324851989746e-01
8.394594788551330566e-01
8.391566872596740723e-01
8.392211794853210449e-01
8.381347060203552246e-01
8.389039635658264160e-01
8.397319912910461426e-01
8.391420245170593262e-01
8.393948078155517578e-01
8.395336270332336426e-01
8.393949866294860840e-01
8.388442397117614746e-01
8.375692963600158691e-01
8.351435065269470215e-01
8.352975249290466309e-01
8.352879285812377930e-01
8.342362046241760254e-01
8.348954319953918457e-01
8.339632749557495117e-01
8.333033919334411621e-01
8.340429067611694336e-01
8.342906832695007324e-01
8.334226012229919434e-01
8.339086771011352539e-01
8.335219025611877441e-01
8.345782756805419922e-01
8.341515064239501953e-01
8.342012166976928711e-01
8.333135843276977539e-01
8.339680433273315430e-01
8.333926200866699219e-01
8.342707753181457520e-01
8.336657881736755371e-01
8.336011767387390137e-01
8.342162966728210449e-01
8.336458802223205566e-01
8.337252140045166016e-01
8.337745070457458496e-01
8.337249159812927246e-01
8.331649303436279297e-01
8.343104720115661621e-01
8.339433073997497559e-01
8.341119289398193359e-01
8.339285850524902344e-01
8.339039087295532227e-01
8.337648510932922363e-01
8.345238566398620605e-01
8.341667056083679199e-01
8.337200880050659180e-01
8.336754441261291504e-01
8.334624171257019043e-01
8.335317373275756836e-01
8.332141041755676270e-01
8.338244557380676270e-01
