1.123982071876525879e-01
1.123121082782745361e-01
1.122659593820571899e-01
1.121595203876495361e-01
1.122140809893608093e-01
1.122747957706451416e-01
1.120317876338958740e-01
1.120884492993354797e-01
1.121893897652626038e-01
1.122310534119606018e-01
1.120819002389907837e-01
1.120109409093856812e-01
1.122247278690338135e-01
1.018684953451156616e-01
1.018886342644691467e-01
1.020170077681541443e-01
1.017779558897018433e-01
1.017198041081428528e-01
1.017153635621070862e-01
1.016895622014999390e-01
1.016218438744544983e-01
1.016467362642288208e-01
1.016346439719200134e-01
1.015233471989631653e-01
1.016134768724441528e-01
1.014416515827178955e-01
1.014221757650375366e-01
1.014728844165802002e-01
1.013192534446716309e-01
1.014524549245834351e-01
1.011975184082984924e-01
1.012727767229080200e-01
1.012110337615013123e-01
1.011617258191108704e-01
1.011138260364532471e-01
1.012448519468307495e-01
1.011489331722259521e-01
1.010253131389617920e-01
1.010774970054626465e-01
1.008173227310180664e-01
1.010328009724617004e-01
1.008899584412574768e-01
1.008725985884666443e-01
1.009962037205696106e-01
1.007886081933975220e-01
1.007210016250610352e-01
1.007888689637184143e-01
1.008430123329162598e-01
1.007520109415054321e-01
1.006841734051704407e-01
1.006268933415412903e-01
1.007046625018119812e-01
1.006271913647651672e-01
1.005421578884124756e-01
1.004666760563850403e-01
1.003821119666099548e-01
1.003962904214859009e-01
1.004047170281410217e-01
1.003222316503524780e-01
1.003227010369300842e-01
1.003324985504150391e-01
1.002622544765472412e-01
1.002742648124694824e-01
1.001815497875213623e-01
1.001375168561935425e-01
1.000583097338676453e-01
1.001479029655456543e-01
1.000906825065612793e-01
1.001292541623115540e-01
9.988269209861755371e-02
9.998206049203872681e-02
9.990529716014862061e-02
9.999628365039825439e-02
9.994003176689147949e-02
9.984970837831497192e-02
9.978515654802322388e-02
9.973745793104171753e-02
9.968253970146179199e-02
9.953242540359497070e-02
9.981511533260345459e-02
