8.435393124818801880e-02
4.678045585751533508e-02
4.384656623005867004e-02
4.336067289113998413e-02
4.176706075668334961e-02
4.112540185451507568e-02
3.938669338822364807e-02
3.900270164012908936e-02
3.819366171956062317e-02
3.897097706794738770e-02
3.765010461211204529e-02
3.713378310203552246e-02
3.722050786018371582e-02
3.703574836254119873e-02
3.657422214746475220e-02
3.671864047646522522e-02
3.568745777010917664e-02
3.609869629144668579e-02
3.640315309166908264e-02
3.586243093013763428e-02
3.549758344888687134e-02
3.537143766880035400e-02
3.477301076054573059e-02
3.464480489492416382e-02
3.473212569952011108e-02
3.484662622213363647e-02
3.510647639632225037e-02
3.384970128536224365e-02
3.412241861224174500e-02
3.400754183530807495e-02
3.406888246536254883e-02
3.508817031979560852e-02
4.980523511767387390e-02
4.920644313097000122e-02
4.858490824699401855e-02
4.985018819570541382e-02
4.914992675185203552e-02
4.876896366477012634e-02
4.771470278501510620e-02
4.734980687499046326e-02
4.802676290273666382e-02
4.821550101041793823e-02
4.731654748320579529e-02
4.666905105113983154e-02
4.698487371206283569e-02
4.646232724189758301e-02
4.675348475575447083e-02
4.681485146284103394e-02
4.644925892353057861e-02
4.606967046856880188e-02
4.702353850007057190e-02
