4.357512840000026699e+01
5.923117339999998876e+01
7.483994510000002265e+01
9.045405400000026930e+01
1.060291617000002589e+02
1.216111245000001873e+02
1.372239911000006032e+02
1.528330090999997992e+02
1.684430800999998610e+02
1.840383669000002556e+02
1.996662061000006361e+02
2.152711512000005314e+02
2.308643587000005937e+02
2.464781962000006388e+02
2.620581993000005241e+02
2.776780015000003914e+02
2.932758278999999675e+02
3.088864720999999918e+02
3.244716748000000734e+02
3.400510031000003437e+02
3.556513150999999198e+02
3.712341322000002037e+02
3.868386148999998113e+02
4.024205664000000979e+02
4.180257386000002953e+02
4.341663944000001720e+02
4.503255004000002373e+02
4.683679394999999204e+02
4.859639957999997932e+02
5.036628883000003043e+02
5.212308787000001757e+02
5.388151180000004388e+02
6.432625355000000127e+02
6.934894873000002917e+02
7.438546608000006017e+02
7.941830922999997711e+02
8.444587725999999748e+02
8.947993493000003582e+02
9.451244597000004433e+02
9.953515327000004618e+02
1.045653268699999899e+03
1.092620103600000220e+03
1.139111013700000512e+03
1.185643872900000133e+03
1.232109934799999792e+03
1.278621349500000179e+03
1.325123532999999952e+03
1.371685109300000477e+03
1.418135661299999811e+03
1.464668805100000100e+03
1.511257546800000455e+03
