2.594900727272033691e-01
2.356512844562530518e-01
2.233517169952392578e-01
2.134036272764205933e-01
2.078222781419754028e-01
2.021965086460113525e-01
1.976635158061981201e-01
1.942763626575469971e-01
1.913265287876129150e-01
1.889508962631225586e-01
1.860322654247283936e-01
1.834492236375808716e-01
1.814725995063781738e-01
1.794795691967010498e-01
1.772038042545318604e-01
1.755096912384033203e-01
1.735277920961380005e-01
1.717033982276916504e-01
1.698559820652008057e-01
1.677988469600677490e-01
1.666207611560821533e-01
1.648689210414886475e-01
1.627737134695053101e-01
1.610579192638397217e-01
1.592236012220382690e-01
1.574834287166595459e-01
1.565725803375244141e-01
1.551885902881622314e-01
1.536047160625457764e-01
1.523891389369964600e-01
1.515769064426422119e-01
1.500813513994216919e-01
1.481339484453201294e-01
1.467682123184204102e-01
1.459803879261016846e-01
1.444437205791473389e-01
1.430208981037139893e-01
1.426099836826324463e-01
1.405272483825683594e-01
1.398715525865554810e-01
1.383608281612396240e-01
1.374691575765609741e-01
1.360322535037994385e-01
1.345581412315368652e-01
1.338090002536773682e-01
1.320638358592987061e-01
1.308970600366592407e-01
1.296832412481307983e-01
1.278299987316131592e-01
1.271689236164093018e-01
1.253774911165237427e-01
1.246984601020812988e-01
1.233730539679527283e-01
1.225843429565429688e-01
1.204567700624465942e-01
1.196771711111068726e-01
1.186050772666931152e-01
1.166802793741226196e-01
1.162327304482460022e-01
1.149077638983726501e-01
1.133926138281822205e-01
1.123915761709213257e-01
1.112187728285789490e-01
1.096040382981300354e-01
1.092129573225975037e-01
1.072757095098495483e-01
1.064243763685226440e-01
1.050800681114196777e-01
1.036019325256347656e-01
1.023322939872741699e-01
1.017671450972557068e-01
1.000517159700393677e-01
9.875200688838958740e-02
9.784527122974395752e-02
9.668242931365966797e-02
9.493516385555267334e-02
9.514385461807250977e-02
9.327346831560134888e-02
9.247501194477081299e-02
9.116731584072113037e-02
9.023250639438629150e-02
8.974130451679229736e-02
8.829122036695480347e-02
8.789412677288055420e-02
8.626529574394226074e-02
8.621145784854888916e-02
8.471660315990447998e-02
8.378909528255462646e-02
8.289821445941925049e-02
8.236852288246154785e-02
8.056305348873138428e-02
8.023343235254287720e-02
7.882799208164215088e-02
7.848643511533737183e-02
7.692589610815048218e-02
7.738859951496124268e-02
7.582957297563552856e-02
7.506359368562698364e-02
7.419343292713165283e-02
7.326368987560272217e-02
8.444286137819290161e-02
7.523216307163238525e-02
6.956949830055236816e-02
6.534799188375473022e-02
6.230089813470840454e-02
5.968400463461875916e-02
5.726696178317070007e-02
5.468196794390678406e-02
5.295702069997787476e-02
5.075442790985107422e-02
4.874297231435775757e-02
4.676663503050804138e-02
4.498677700757980347e-02
4.330918192863464355e-02
4.183269664645195007e-02
4.038903862237930298e-02
3.916841745376586914e-02
3.808521106839179993e-02
3.732310235500335693e-02
3.595260158181190491e-02
3.500477969646453857e-02
3.399540483951568604e-02
3.343205153942108154e-02
3.224829956889152527e-02
3.171157464385032654e-02
3.086563386023044586e-02
3.023964911699295044e-02
2.955996990203857422e-02
2.879041060805320740e-02
2.835791930556297302e-02
2.766275964677333832e-02
2.725345082581043243e-02
2.640029974281787872e-02
2.585715241730213165e-02
2.565498836338520050e-02
2.502779476344585419e-02
2.396403811872005463e-02
2.296571247279644012e-02
2.255268953740596771e-02
2.140845172107219696e-02
2.048695273697376251e-02
2.035095542669296265e-02
1.936223730444908142e-02
1.881848834455013275e-02
1.901406981050968170e-02
1.854556426405906677e-02
1.814016513526439667e-02
1.759057492017745972e-02
1.718535833060741425e-02
1.710718125104904175e-02
1.651620119810104370e-02
1.679386571049690247e-02
1.664970815181732178e-02
1.632195152342319489e-02
1.586438342928886414e-02
1.584456861019134521e-02
1.556749735027551651e-02
1.572691090404987335e-02
1.519954204559326172e-02
1.515257917344570160e-02
1.508153043687343597e-02
1.479132007807493210e-02
1.466626022011041641e-02
1.451328396797180176e-02
1.439256314188241959e-02
1.437011081725358963e-02
1.405272446572780609e-02
1.422243565320968628e-02
1.390720717608928680e-02
1.394704263657331467e-02
1.383555307984352112e-02
1.389067620038986206e-02
1.370931696146726608e-02
1.355404686182737350e-02
1.319697685539722443e-02
1.324178092181682587e-02
1.299548707902431488e-02
1.315851788967847824e-02
1.308100763708353043e-02
1.303564943373203278e-02
1.282398868352174759e-02
1.300625596195459366e-02
1.278814300894737244e-02
1.279568392783403397e-02
1.256497669965028763e-02
1.254873815923929214e-02
1.248211506754159927e-02
1.228014752268791199e-02
1.222669333219528198e-02
1.208722963929176331e-02
1.221218798309564590e-02
1.189081743359565735e-02
1.187289692461490631e-02
1.197571028023958206e-02
1.199627853929996490e-02
1.181405503302812576e-02
1.162615697830915451e-02
1.170667540282011032e-02
1.151673775166273117e-02
1.098804548382759094e-02
