8.774702548980712891e-01
9.466460347175598145e-01
9.537684321403503418e-01
9.558278322219848633e-01
9.561001062393188477e-01
9.571216702461242676e-01
9.579464197158813477e-01
9.585385322570800781e-01
9.593984484672546387e-01
9.595092535018920898e-01
9.599155187606811523e-01
9.604247808456420898e-01
9.605941176414489746e-01
9.607560634613037109e-01
9.608899950981140137e-01
9.608036875724792480e-01
9.610008001327514648e-01
9.610517621040344238e-01
9.382438659667968750e-01
9.403536319732666016e-01
9.402241706848144531e-01
9.403867721557617188e-01
9.405234456062316895e-01
9.407193660736083984e-01
9.408309459686279297e-01
9.405482411384582520e-01
9.407427310943603516e-01
