7.697217166423797607e-02
7.404770702123641968e-02
7.478846609592437744e-02
7.476863265037536621e-02
7.486227154731750488e-02
7.481878250837326050e-02
7.489968836307525635e-02
7.491769641637802124e-02
7.493091374635696411e-02
7.474914938211441040e-02
7.486108690500259399e-02
8.004190027713775635e-02
7.998887449502944946e-02
8.009088039398193359e-02
7.996638119220733643e-02
8.005691319704055786e-02
8.003894984722137451e-02
8.007068932056427002e-02
8.013354241847991943e-02
8.001650124788284302e-02
8.007013797760009766e-02
