5.856172740459442139e-02
4.626131430268287659e-02
4.614473134279251099e-02
4.613165557384490967e-02
4.631177335977554321e-02
4.617656022310256958e-02
4.617767035961151123e-02
4.623826220631599426e-02
4.617903754115104675e-02
4.611613601446151733e-02
4.613231867551803589e-02
4.621307924389839172e-02
4.610803723335266113e-02
4.608812183141708374e-02
4.483264312148094177e-02
2.573371492326259613e-02
1.407450716942548752e-02
1.176792941987514496e-02
1.030198764055967331e-02
9.079409763216972351e-03
8.109857328236103058e-03
7.394175976514816284e-03
6.623537279665470123e-03
5.811016540974378586e-03
5.247412715107202530e-03
4.483685363084077835e-03
3.455241676419973373e-03
2.785284770652651787e-03
2.065341919660568237e-03
1.816465053707361221e-03
1.247601700015366077e-03
1.403674366883933544e-03
8.805774850770831108e-04
1.073808060027658939e-03
8.609642391093075275e-04
9.708258439786732197e-04
9.054226102307438850e-04
9.325146093033254147e-04
8.778428309597074986e-04
7.986845448613166809e-04
1.005118479952216148e-03
8.826801786199212074e-04
6.457749404944479465e-04
6.140611367300152779e-04
6.587077514268457890e-04
7.049127016216516495e-04
6.447942578233778477e-04
5.997229600325226784e-04
6.064310437068343163e-04
6.319407839328050613e-04
6.892778910696506500e-04
6.371535360813140869e-03
4.583454690873622894e-03
3.554446622729301453e-03
3.095780732110142708e-03
2.761082258075475693e-03
2.572928089648485184e-03
2.332441508769989014e-03
2.315557794645428658e-03
2.214941196143627167e-03
2.015458419919013977e-03
2.025319030508399010e-03
2.013741293922066689e-03
1.892739324830472469e-03
1.842097612097859383e-03
1.797306002117693424e-03
1.711042481474578381e-03
1.744116074405610561e-03
1.740319770760834217e-03
1.715895603410899639e-03
1.658833702094852924e-03
1.580712501890957355e-03
1.604368677362799644e-03
1.588599872775375843e-03
1.535954419523477554e-03
1.516107004135847092e-03
1.601535244844853878e-03
1.547336229123175144e-03
1.507603912614285946e-03
1.463492284528911114e-03
1.511829788796603680e-03
1.400215667672455311e-03
1.525248517282307148e-03
1.413372345268726349e-03
1.324500539340078831e-03
1.426594215445220470e-03
1.378298620693385601e-03
1.417999737896025181e-03
1.462566899135708809e-03
