1.010347130000000071e+01
1.659369139999999732e+01
2.310911619999999900e+01
2.971097499999999769e+01
3.623303570000000207e+01
4.276041149999999647e+01
4.921291619999999511e+01
5.567270149999999518e+01
6.234604860000000315e+01
6.926407139999999174e+01
7.599692550000000324e+01
8.252308549999999343e+01
8.905195999999999401e+01
9.590465329999999256e+01
1.026024299999999982e+02
1.093544777999999980e+02
1.162063741000000050e+02
1.225776055999999983e+02
1.292259278000000222e+02
1.358037395000000060e+02
1.423108099000000095e+02
1.488822602000000188e+02
1.552111689000000183e+02
1.617770973000000083e+02
1.685201058000000103e+02
1.750299337000000151e+02
1.817770758999999998e+02
1.883995143000000212e+02
1.950290261000000100e+02
2.016035319000000072e+02
2.083532653000000039e+02
2.149732629000000088e+02
2.215018496000000141e+02
2.281690274000000045e+02
2.346032133000000215e+02
2.410708940000000098e+02
2.476165960000000155e+02
2.542182889999999986e+02
2.606211495000000014e+02
2.671514533999999799e+02
2.737177075999999829e+02
2.802616381999999930e+02
2.868183889000000022e+02
2.934395869999999604e+02
2.997718117000000007e+02
3.062998061999999777e+02
3.129313113999999700e+02
3.194185587000000055e+02
3.257895164999999906e+02
3.325076029999999605e+02
3.390393052000000012e+02
3.563327664999999911e+02
3.742340868000000000e+02
3.919294682999999964e+02
4.093880221999999662e+02
4.269440978999999743e+02
4.446449016999999913e+02
4.620603481999999644e+02
4.795769717999999671e+02
4.968955978999999843e+02
5.140365882000000965e+02
5.311588626999999860e+02
5.483189998999999943e+02
5.654113919000000124e+02
5.826999798000000510e+02
5.998387010000000146e+02
6.169791217000000643e+02
6.344216392000000724e+02
6.514822149999999965e+02
6.688888084000000163e+02
6.860473153000000366e+02
7.031169571000000360e+02
7.205015604000000167e+02
7.376570919000000686e+02
7.548731021000000965e+02
7.719245167000000265e+02
7.890074457000000621e+02
8.059081428000000642e+02
8.226036622000000307e+02
8.397832700000000159e+02
8.567620430000000624e+02
8.733505741000000171e+02
8.905907611000000088e+02
9.073486346000000822e+02
9.246496991999999864e+02
9.413259166999999934e+02
9.583915752000000339e+02
9.750438536000000340e+02
9.920457164000000603e+02
