5.893309116363525391e-01
6.445075273513793945e-01
6.758838891983032227e-01
7.037247419357299805e-01
7.233900427818298340e-01
7.410986423492431641e-01
7.536299824714660645e-01
7.663193941116333008e-01
7.758207321166992188e-01
7.866161465644836426e-01
7.950758337974548340e-01
8.028094172477722168e-01
8.115528225898742676e-01
8.161931633949279785e-01
8.243686556816101074e-01
8.312815427780151367e-01
8.362058997154235840e-01
8.408774733543395996e-01
8.479485511779785156e-01
8.509469628334045410e-01
8.566602468490600586e-01
8.644254803657531738e-01
8.660668134689331055e-01
8.688761591911315918e-01
8.728852272033691406e-01
8.789139986038208008e-01
8.764203786849975586e-01
8.824496865272521973e-01
8.847854733467102051e-01
8.889835476875305176e-01
8.912563920021057129e-01
8.948547244071960449e-01
8.952021598815917969e-01
8.972854614257812500e-01
9.005682468414306641e-01
9.035986065864562988e-01
9.054292440414428711e-01
9.086174964904785156e-01
9.112372398376464844e-01
9.105429649353027344e-01
9.112689495086669922e-01
9.125632047653198242e-01
9.133838415145874023e-01
9.147728085517883301e-01
9.193812012672424316e-01
9.193496108055114746e-01
9.204229712486267090e-01
9.217801690101623535e-01
9.232637286186218262e-01
9.238005876541137695e-01
9.251893758773803711e-01
9.288825988769531250e-01
9.268624186515808105e-01
9.267992973327636719e-01
9.281563758850097656e-01
9.309343099594116211e-01
9.304924011230468750e-01
9.318181872367858887e-01
9.320073127746582031e-01
9.337123632431030273e-01
9.346274733543395996e-01
9.352903962135314941e-01
9.362059235572814941e-01
9.346592426300048828e-01
9.362688660621643066e-01
9.361110329627990723e-01
9.387941360473632812e-01
9.383837580680847168e-01
9.394886493682861328e-01
9.365845322608947754e-01
9.402146339416503906e-01
9.392361044883728027e-01
9.414142370223999023e-01
9.420137405395507812e-01
9.418876767158508301e-01
9.421086311340332031e-01
9.410352706909179688e-01
9.447285532951354980e-01
9.419823884963989258e-01
9.430239796638488770e-01
9.459593892097473145e-01
9.442868232727050781e-01
9.460860490798950195e-01
9.462436437606811523e-01
9.471905827522277832e-01
9.462751150131225586e-01
9.474748373031616211e-01
9.472222328186035156e-01
9.485164284706115723e-01
9.475062489509582520e-01
9.476010203361511230e-01
9.487058520317077637e-01
9.494002461433410645e-01
9.490845203399658203e-01
9.476326107978820801e-01
9.477904438972473145e-01
9.502525329589843750e-01
9.508838057518005371e-01
9.492105245590209961e-01
9.505050182342529297e-01
9.257537126541137695e-01
9.264782667160034180e-01
9.275597333908081055e-01
9.274107217788696289e-01
9.274801015853881836e-01
9.285314083099365234e-01
9.277180433273315430e-01
9.303767681121826172e-01
9.288492202758789062e-01
9.287600517272949219e-01
9.296028614044189453e-01
9.305058717727661133e-01
9.304267168045043945e-01
9.310415983200073242e-01
9.302773475646972656e-01
9.294642806053161621e-01
9.302479624748229980e-01
9.299308657646179199e-01
9.294347167015075684e-01
9.298610091209411621e-01
