1.123310402035713196e-01
1.099250614643096924e-01
5.973498895764350891e-02
4.847390949726104736e-02
4.798539355397224426e-02
4.847666621208190918e-02
4.716379567980766296e-02
4.725805297493934631e-02
4.823170974850654602e-02
4.739097878336906433e-02
4.825444519519805908e-02
4.684843122959136963e-02
4.684044793248176575e-02
4.694542288780212402e-02
4.735882207751274109e-02
4.745090007781982422e-02
4.597146436572074890e-02
4.673868417739868164e-02
4.700088873505592346e-02
4.634672403335571289e-02
4.670112952589988708e-02
4.719139263033866882e-02
4.714255407452583313e-02
4.783537983894348145e-02
4.632931947708129883e-02
4.541432112455368042e-02
4.463897645473480225e-02
4.478572681546211243e-02
4.425015300512313843e-02
4.465757310390472412e-02
4.462889209389686584e-02
4.415469616651535034e-02
4.463614523410797119e-02
4.472654312849044800e-02
4.420831054449081421e-02
4.441132768988609314e-02
4.426843672990798950e-02
4.451490193605422974e-02
4.442725703120231628e-02
4.434822499752044678e-02
4.438336938619613647e-02
4.430530220270156860e-02
4.407144337892532349e-02
4.386598616838455200e-02
4.411334916949272156e-02
4.388523846864700317e-02
4.414851218461990356e-02
4.415976256132125854e-02
4.427651688456535339e-02
4.421441629528999329e-02
4.427811503410339355e-02
