1.986761300000000219e+01
3.715706130000000229e+01
5.398618820000000085e+01
6.999934489999999698e+01
8.698237530000000106e+01
1.034155477000000047e+02
1.192495016000000021e+02
1.364089217000000076e+02
1.529117933999999934e+02
1.690594503000000088e+02
1.861141481999999883e+02
2.025073505999999952e+02
2.187956152000000145e+02
2.358063653000000102e+02
2.523665951000000121e+02
2.684051396999999497e+02
2.854777147999999443e+02
3.023573391999999558e+02
3.186135690999999497e+02
3.357716127999999571e+02
3.524184542999999508e+02
3.683845320999999444e+02
3.854161950999999817e+02
4.020005882999999471e+02
4.178950639999999908e+02
4.350624161999999728e+02
4.513429397999999537e+02
4.678320035999999504e+02
4.850004591000000005e+02
5.014621149999999830e+02
5.173167876999999635e+02
5.344669536000000107e+02
5.511547312999999804e+02
5.673760169999999334e+02
5.846046489999999949e+02
6.014061259000000064e+02
6.176322076999999808e+02
6.348313439999999446e+02
6.514581347999999252e+02
6.679688830000000053e+02
6.853793472999999494e+02
7.020389593999999533e+02
7.186429353999999421e+02
7.357839710999999170e+02
7.522325862999999799e+02
7.685396180000000186e+02
7.857622681000000284e+02
8.022721566000000166e+02
8.183634681999999430e+02
8.354414189999999962e+02
8.522131253999999672e+02
8.682959429000000000e+02
8.852553256999999576e+02
9.018264537999999675e+02
9.179632862999999361e+02
9.348949977999999419e+02
9.515140834999999697e+02
9.676027663999999504e+02
9.846890548000000081e+02
1.001377380199999948e+03
1.017502133200000003e+03
1.034641876200000070e+03
1.051121607199999971e+03
1.067304883000000018e+03
1.084441542399999889e+03
1.101074677000000065e+03
1.117183610499999986e+03
1.134413213399999904e+03
1.151137493199999881e+03
1.167318366100000048e+03
1.184573943999999983e+03
1.201108054799999991e+03
1.217124174699999912e+03
1.234410013100000015e+03
1.250882146499999862e+03
1.266972186299999976e+03
1.284271377699999903e+03
1.301070236699999896e+03
1.317240170099999887e+03
1.334429959000000053e+03
1.350953583999999864e+03
1.366965130199999976e+03
1.384442296499999884e+03
1.401025372199999993e+03
1.417062790499999892e+03
1.434598363399999926e+03
1.451324664199999916e+03
1.467455431699999963e+03
1.484530150199999980e+03
1.501268382599999995e+03
1.517593920999999909e+03
1.534800416199999972e+03
1.551644315600000027e+03
1.567876606699999911e+03
1.585375213799999983e+03
1.602352684199999885e+03
1.618701903800000082e+03
1.636132040799999913e+03
1.652918816899999911e+03
1.669542908899999929e+03
1.687220263599999953e+03
1.704160619499999939e+03
1.720532123899999988e+03
1.738238378300000022e+03
1.755278250399999934e+03
1.771775043699999969e+03
1.789042091600000049e+03
1.805886355200000025e+03
1.822569299999999885e+03
1.839966814299999896e+03
1.856983110699999997e+03
1.873377632799999901e+03
1.890763260100000025e+03
1.907812083499999972e+03
1.924391829700000017e+03
1.942085169299999961e+03
1.958921527499999911e+03
1.975490006100000073e+03
1.993046768299999940e+03
2.010163923300000079e+03
2.026526689099999885e+03
2.043969447199999877e+03
2.060987549000000399e+03
