4.121212065219879150e-01
4.127272665500640869e-01
4.228283166885375977e-01
4.280808269977569580e-01
4.268687069416046143e-01
4.416161775588989258e-01
4.373737573623657227e-01
4.509090781211853027e-01
4.430303275585174561e-01
4.579798281192779541e-01
4.705050885677337646e-01
4.648484885692596436e-01
4.729293584823608398e-01
4.810101389884948730e-01
4.828283190727233887e-01
4.995959401130676270e-01
5.020202398300170898e-01
5.143434405326843262e-01
5.218181610107421875e-01
5.311111211776733398e-01
5.428283214569091797e-01
5.567677617073059082e-01
5.737373232841491699e-01
5.862626433372497559e-01
5.945454835891723633e-01
6.066666841506958008e-01
6.115151047706604004e-01
6.278787255287170410e-01
6.301010251045227051e-01
6.456566452980041504e-01
6.454545259475708008e-01
6.684849262237548828e-01
6.739394068717956543e-01
6.812121272087097168e-01
6.840403676033020020e-01
6.923232674598693848e-01
6.959595084190368652e-01
7.062626481056213379e-01
7.080808281898498535e-01
7.222221493721008301e-01
7.254545688629150391e-01
7.301009893417358398e-01
7.385859489440917969e-01
7.531312704086303711e-01
7.454545497894287109e-01
7.454546093940734863e-01
7.515151500701904297e-01
7.600000500679016113e-01
7.622222304344177246e-01
7.676767706871032715e-01
7.705050110816955566e-01
7.715151906013488770e-01
7.692930102348327637e-01
7.739394307136535645e-01
7.779797911643981934e-01
7.852525115013122559e-01
7.830303311347961426e-01
7.838384509086608887e-01
7.836363911628723145e-01
7.921211719512939453e-01
7.935353517532348633e-01
7.979797720909118652e-01
7.937374114990234375e-01
7.961615920066833496e-01
7.989899516105651855e-01
8.002020120620727539e-01
7.995960116386413574e-01
8.002020120620727539e-01
8.040404319763183594e-01
8.060606718063354492e-01
8.066667318344116211e-01
8.048484921455383301e-01
8.042423725128173828e-01
8.086869120597839355e-01
8.074747323989868164e-01
8.098989725112915039e-01
8.092929720878601074e-01
8.088889122009277344e-01
8.080807924270629883e-01
8.092929124832153320e-01
8.137373924255371094e-01
8.119190931320190430e-01
8.135353326797485352e-01
8.080807924270629883e-01
8.127272725105285645e-01
8.111110925674438477e-01
8.147475123405456543e-01
8.139394521713256836e-01
8.151515722274780273e-01
8.161616325378417969e-01
8.151514530181884766e-01
8.139394521713256836e-01
8.151515126228332520e-01
8.141413927078247070e-01
8.153535723686218262e-01
8.159595727920532227e-01
8.165656924247741699e-01
8.177778720855712891e-01
8.157575726509094238e-01
8.159596323966979980e-01
8.153535723686218262e-01
8.175757527351379395e-01
8.187878727912902832e-01
7.118729352951049805e-01
7.120000123977661133e-01
7.130794525146484375e-01
7.134603261947631836e-01
7.142221927642822266e-01
7.133968472480773926e-01
7.156190276145935059e-01
7.162538766860961914e-01
7.152380943298339844e-01
7.169523835182189941e-01
7.157460451126098633e-01
7.162539958953857422e-01
7.171428799629211426e-01
7.162538766860961914e-01
7.179681658744812012e-01
7.166349291801452637e-01
7.171427607536315918e-01
7.180952429771423340e-01
7.172698378562927246e-01
7.166982889175415039e-01
7.184126377105712891e-01
7.186666727066040039e-01
7.184126377105712891e-01
7.176506519317626953e-01
7.186031937599182129e-01
7.183492779731750488e-01
7.180953025817871094e-01
7.187302112579345703e-01
7.189206480979919434e-01
7.184762358665466309e-01
7.186667323112487793e-01
7.191111445426940918e-01
7.183492183685302734e-01
7.185397744178771973e-01
7.194285988807678223e-01
7.191111445426940918e-01
7.190475463867187500e-01
7.192380428314208984e-01
7.197460532188415527e-01
7.189841866493225098e-01
7.193651199340820312e-01
7.193651199340820312e-01
7.194920182228088379e-01
7.192381620407104492e-01
7.196190953254699707e-01
7.194285988807678223e-01
7.196189761161804199e-01
7.196190953254699707e-01
7.193651199340820312e-01
