2.800487577915191650e-01
2.793291807174682617e-01
2.742921411991119385e-01
2.683765888214111328e-01
2.694169282913208008e-01
2.649452388286590576e-01
2.625132203102111816e-01
2.571811676025390625e-01
2.616709470748901367e-01
2.477987706661224365e-01
2.458483576774597168e-01
2.473039180040359497e-01
2.404943555593490601e-01
2.363385856151580811e-01
2.335450649261474609e-01
2.251689732074737549e-01
2.204509526491165161e-01
2.175616323947906494e-01
2.125755250453948975e-01
2.045876979827880859e-01
1.970476657152175903e-01
1.908492445945739746e-01
1.782660782337188721e-01
1.715543270111083984e-01
1.656496077775955200e-01
1.560507267713546753e-01
1.525277644395828247e-01
1.452031880617141724e-01
1.420343816280364990e-01
1.349086910486221313e-01
1.333854794502258301e-01
1.255655884742736816e-01
1.211836263537406921e-01
1.154396757483482361e-01
1.114568933844566345e-01
1.102394089102745056e-01
1.086885407567024231e-01
1.026812642812728882e-01
9.865488111972808838e-02
9.286172688007354736e-02
9.029196947813034058e-02
8.648397028446197510e-02
8.284360170364379883e-02
7.824142277240753174e-02
7.860790193080902100e-02
7.806595414876937866e-02
7.340296357870101929e-02
7.235150784254074097e-02
7.018620520830154419e-02
6.673636287450790405e-02
6.517921388149261475e-02
6.230561062693595886e-02
6.281404197216033936e-02
6.089368462562561035e-02
5.838065966963768005e-02
5.632324144244194031e-02
5.529437214136123657e-02
5.458462238311767578e-02
5.408534780144691467e-02
5.088082328438758850e-02
5.006603896617889404e-02
4.800040647387504578e-02
4.786840081214904785e-02
4.538817331194877625e-02
4.445346444845199585e-02
4.339432343840599060e-02
4.393399506807327271e-02
4.301033541560173035e-02
4.125567153096199036e-02
4.003901034593582153e-02
3.889608010649681091e-02
3.958661481738090515e-02
3.827826306223869324e-02
3.608904406428337097e-02
3.568310663104057312e-02
3.511613607406616211e-02
3.548984974622726440e-02
3.432379290461540222e-02
3.327289596199989319e-02
3.397333249449729919e-02
3.220579773187637329e-02
3.220767900347709656e-02
3.020421043038368225e-02
3.198552876710891724e-02
3.058621101081371307e-02
3.063079528510570526e-02
2.839065715670585632e-02
2.902258746325969696e-02
2.788745239377021790e-02
2.734167873859405518e-02
2.768826298415660858e-02
2.764247916638851166e-02
2.705490030348300934e-02
2.645344100892543793e-02
2.601799927651882172e-02
2.593255788087844849e-02
2.563097886741161346e-02
2.479306235909461975e-02
2.496384084224700928e-02
2.486723288893699646e-02
2.510130777955055237e-02
2.392461709678173065e-02
2.330956980586051941e-02
3.484991565346717834e-02
3.446118533611297607e-02
3.290958330035209656e-02
3.198463842272758484e-02
3.060457296669483185e-02
3.075186535716056824e-02
2.948929741978645325e-02
2.802103944122791290e-02
2.786042355000972748e-02
2.692248485982418060e-02
2.687084116041660309e-02
2.647995948791503906e-02
2.571668848395347595e-02
2.591433934867382050e-02
2.473830431699752808e-02
2.507405728101730347e-02
2.450652420520782471e-02
2.312878146767616272e-02
2.349912747740745544e-02
2.375390566885471344e-02
2.257370389997959137e-02
2.208965644240379333e-02
2.233194187283515930e-02
2.218898199498653412e-02
2.152544446289539337e-02
2.177699469029903412e-02
2.101128920912742615e-02
2.095817402005195618e-02
2.036167122423648834e-02
2.038757689297199249e-02
2.009316161274909973e-02
2.048672549426555634e-02
1.947467215359210968e-02
1.955697685480117798e-02
1.905722916126251221e-02
1.898545771837234497e-02
1.850557886064052582e-02
1.803226955235004425e-02
1.836078986525535583e-02
1.844570413231849670e-02
1.767630502581596375e-02
1.786432042717933655e-02
1.750418916344642639e-02
1.745201274752616882e-02
1.704153232276439667e-02
1.731031201779842377e-02
1.705873571336269379e-02
1.651146262884140015e-02
1.684810779988765717e-02
