9.849162800000000217e+00
1.607949239999999946e+01
2.222271679999999705e+01
2.867988539999999986e+01
3.500105680000000064e+01
4.137699389999999511e+01
4.768911359999999888e+01
5.402846319999999736e+01
6.040105460000000193e+01
6.659797330000000670e+01
7.286536200000000463e+01
7.930934980000000678e+01
8.558152870000000689e+01
9.187947750000000724e+01
9.817407260000000235e+01
1.044219642999999991e+02
1.107303640000000087e+02
1.171615606000000014e+02
1.234826556000000011e+02
1.298084273999999994e+02
1.363518693999999982e+02
1.425565236000000198e+02
1.489823698000000149e+02
1.552811092999999971e+02
1.615819504000000109e+02
1.681096627999999953e+02
1.744749735000000044e+02
1.806444340000000182e+02
1.867593741999999963e+02
1.934323832000000039e+02
1.997749680999999953e+02
2.062480029000000172e+02
2.126046813000000100e+02
2.190630730999999969e+02
2.253414243999999940e+02
2.315667327000000171e+02
2.380151630999999952e+02
2.442420524999999998e+02
2.506721117000000163e+02
2.565722911000000295e+02
2.629482940999999983e+02
2.690238886000000207e+02
2.752908297999999832e+02
2.815347725000000310e+02
2.878647068000000218e+02
2.941206078000000161e+02
3.002774671999999896e+02
3.065904656999999816e+02
3.127515827999999942e+02
3.188150845999999774e+02
3.251626286000000050e+02
3.311367685000000165e+02
3.375112917000000152e+02
3.439445522999999980e+02
3.501432169999999928e+02
3.563573685000000069e+02
3.626282343000000310e+02
3.688082504999999855e+02
3.750029056000000196e+02
3.811953664999999773e+02
3.873610661000000164e+02
3.934816415000000234e+02
3.997528629000000251e+02
4.055580282999999895e+02
4.119071561000000088e+02
4.181602374999999938e+02
4.242956588999999781e+02
4.303600496999999905e+02
4.365660258000000340e+02
4.426009047000000010e+02
4.488096802000000025e+02
4.546589225999999826e+02
4.608462759999999889e+02
4.669037465000000111e+02
4.727303289999999834e+02
4.790406394999999975e+02
4.851077397999999903e+02
4.912244810000000257e+02
4.972442872999999963e+02
5.035113342000000216e+02
5.097560778000000141e+02
5.156146707999999990e+02
5.217924991999999520e+02
5.279437494000000015e+02
5.339359316000000035e+02
5.397502564999999777e+02
5.459254079999999476e+02
5.520410175999999183e+02
5.582775613000000021e+02
5.642031029999999419e+02
5.704819967999999335e+02
5.763152935999999045e+02
5.827518678999999793e+02
5.887414614999999003e+02
6.064394752999999127e+02
6.250003972999999178e+02
6.433746530999999322e+02
6.614647784000000001e+02
6.794603603999998995e+02
6.979976862999999412e+02
7.159831775999999763e+02
7.342404477000000043e+02
7.520503992999999809e+02
7.703619250999998940e+02
7.881005239999999503e+02
8.066630462999999054e+02
8.247729137999999693e+02
8.430437492999999449e+02
8.608729264999999486e+02
8.790063582999999880e+02
8.971368375999999216e+02
9.151369952999999668e+02
9.334840413999999100e+02
9.515530604999999014e+02
9.695875652999999375e+02
9.879271655000000010e+02
1.006101863299999991e+03
1.024150614499999847e+03
1.042212138800000048e+03
1.060329829999999902e+03
1.078756238700000040e+03
1.097613081299999976e+03
1.115814607099999876e+03
1.133944094299999961e+03
1.152295024499999954e+03
1.170547968599999876e+03
1.188635366699999850e+03
1.206505359499999940e+03
1.224939782400000013e+03
1.243079137499999888e+03
1.261110770099999854e+03
1.279343515499999967e+03
1.297392344999999978e+03
1.315625408500000049e+03
1.333700550199999952e+03
1.351538206400000036e+03
1.370258154999999988e+03
1.388554776499999889e+03
1.406501798000000008e+03
1.424728922600000033e+03
1.442647334300000011e+03
1.461083157000000028e+03
1.479338049199999887e+03
1.497592825299999959e+03
1.515778909999999996e+03
1.534143106299999999e+03
1.552386764399999947e+03
1.570478185199999871e+03
1.588708343799999966e+03
1.606915449299999864e+03
1.625340285600000016e+03
1.643335519100000056e+03
1.661603441199999907e+03
1.679702251100000012e+03
1.697568999099999928e+03
1.716289381899999853e+03
1.734287251199999901e+03
1.752739784500000042e+03
1.771228200000000015e+03
1.789751274299999977e+03
1.807896272999999837e+03
1.826137410300000056e+03
1.844581249500000013e+03
1.862666041599999971e+03
1.881294587299999876e+03
1.899110494300000028e+03
1.917148693899999898e+03
1.935950276999999915e+03
1.953652669099999912e+03
1.972474158099999840e+03
1.990682637999999997e+03
2.009138154600000007e+03
2.027280859100000043e+03
2.045151740900000050e+03
2.063852356200000031e+03
2.081847491500000160e+03
2.100664274899999782e+03
2.118853434900000138e+03
2.137270628499999930e+03
2.155521453599999859e+03
2.173812737400000060e+03
2.192290715000000091e+03
2.210413572599999952e+03
2.228731292099999791e+03
2.247164264600000024e+03
2.265724222199999986e+03
2.283790852199999790e+03
2.302122030399999858e+03
2.320199005099999795e+03
2.338560381299999790e+03
2.357200768799999878e+03
2.375547787699999844e+03
2.393842801700000109e+03
2.411721660499999871e+03
2.430851820699999735e+03
2.449555042599999979e+03
2.467914460200000121e+03
2.486352536500000042e+03
2.504723206499999833e+03
2.523064266200000020e+03
2.541475588299999799e+03
2.559791097199999967e+03
2.578753310199999760e+03
2.597222134699999970e+03
2.615749402899999950e+03
2.634058658899999955e+03
2.652874823300000116e+03
2.670962596599999870e+03
2.689710745800000041e+03
2.708401369300000169e+03
2.726681267699999808e+03
2.745190114900000026e+03
2.763958045999999740e+03
2.782165012399999796e+03
2.800813601100000142e+03
2.819273356899999726e+03
2.837719476499999928e+03
2.856103137000000061e+03
