7.889018654823303223e-01
8.327867984771728516e-01
8.565136194229125977e-01
8.684734702110290527e-01
8.779257535934448242e-01
8.912037611007690430e-01
8.932933807373046875e-01
8.974728584289550781e-01
9.033565521240234375e-01
9.038708806037902832e-01
9.074074029922485352e-01
9.094972014427185059e-01
9.100115895271301270e-01
9.131302237510681152e-01
9.123263955116271973e-01
9.144483208656311035e-01
9.176633358001708984e-01
9.166988134384155273e-01
9.183706641197204590e-01
9.210391044616699219e-01
9.224537014961242676e-01
9.210069179534912109e-01
9.236755371093750000e-01
9.247364401817321777e-01
9.236754775047302246e-01
9.253472089767456055e-01
9.238360524177551270e-01
9.268581867218017578e-01
9.275977611541748047e-01
9.279513955116271973e-01
9.282084703445434570e-01
9.282727837562561035e-01
9.279513359069824219e-01
9.286908507347106934e-01
9.297196269035339355e-01
9.301376342773437500e-01
9.310055971145629883e-01
9.320022463798522949e-01
9.318736195564270020e-01
9.315844178199768066e-01
9.322917461395263672e-01
9.313914179801940918e-01
9.339957237243652344e-01
9.320023059844970703e-01
9.342206120491027832e-01
9.338026642799377441e-01
9.318736791610717773e-01
9.356674551963806152e-01
9.344135522842407227e-01
9.333847761154174805e-01
9.348636865615844727e-01
9.337704777717590332e-01
9.372749924659729004e-01
9.364711642265319824e-01
9.377571940422058105e-01
9.355067610740661621e-01
9.362139701843261719e-01
9.383358359336853027e-01
9.383680820465087891e-01
9.378215074539184570e-01
9.374036192893981934e-01
9.360210895538330078e-01
9.368891716003417969e-01
9.362461566925048828e-01
9.382715821266174316e-01
9.356673955917358398e-01
9.383357763290405273e-01
9.383357167243957520e-01
9.373392462730407715e-01
9.385931491851806641e-01
9.381107687950134277e-01
9.389466643333435059e-01
9.390432834625244141e-01
9.382393956184387207e-01
9.396216869354248047e-01
9.396541714668273926e-01
9.396862387657165527e-01
9.404900074005126953e-01
9.409079551696777344e-01
9.391718506813049316e-01
9.391718506813049316e-01
9.408757090568542480e-01
9.407472014427185059e-01
9.399434328079223633e-01
9.414223432540893555e-01
9.414865970611572266e-01
9.385609626770019531e-01
9.389789700508117676e-01
9.381108880043029785e-01
9.410687685012817383e-01
9.409077763557434082e-01
9.392683506011962891e-01
9.412614107131958008e-01
9.415188431739807129e-01
9.413579106330871582e-01
9.401684999465942383e-01
9.393324851989746094e-01
9.410685896873474121e-01
9.421296715736389160e-01
9.400078058242797852e-01
9.076569676399230957e-01
9.079861640930175781e-01
9.058308005332946777e-01
9.077965617179870605e-01
9.064693450927734375e-01
9.084950685501098633e-01
9.078864455223083496e-01
9.075470566749572754e-01
9.074870944023132324e-01
9.071180820465087891e-01
9.060404896736145020e-01
9.075270295143127441e-01
9.070879817008972168e-01
9.069684147834777832e-01
9.066891670227050781e-01
9.075270891189575195e-01
9.065992832183837891e-01
9.054617285728454590e-01
9.066589474678039551e-01
9.065192341804504395e-01
9.070581793785095215e-01
9.067088961601257324e-01
9.057613611221313477e-01
9.067090153694152832e-01
9.069485068321228027e-01
9.065992236137390137e-01
9.062399864196777344e-01
9.060304760932922363e-01
9.080559611320495605e-01
9.051225781440734863e-01
9.053121805191040039e-01
9.076867699623107910e-01
9.066292643547058105e-01
9.050627350807189941e-01
9.048830270767211914e-01
9.076569676399230957e-01
9.056115746498107910e-01
9.066791534423828125e-01
9.065992236137390137e-01
9.051925539970397949e-01
9.069883227348327637e-01
9.072278738021850586e-01
9.066889286041259766e-01
9.061104655265808105e-01
9.067589044570922852e-01
9.061601758003234863e-01
9.074372649192810059e-01
9.058508872985839844e-01
9.069983959197998047e-01
9.065394997596740723e-01
9.061102271080017090e-01
9.065495729446411133e-01
9.065594077110290527e-01
9.072976112365722656e-01
9.056714773178100586e-01
9.054118394851684570e-01
9.055714011192321777e-01
9.059005975723266602e-01
9.058110117912292480e-01
9.057909846305847168e-01
9.067888855934143066e-01
9.061402082443237305e-01
9.056712985038757324e-01
9.061504006385803223e-01
9.063000679016113281e-01
9.045039415359497070e-01
9.064096212387084961e-01
9.064993262290954590e-01
9.062401056289672852e-01
9.056314826011657715e-01
9.069980978965759277e-01
9.062401056289672852e-01
9.062598943710327148e-01
9.073975682258605957e-01
9.059803485870361328e-01
9.066891074180603027e-01
