1.124003730000000090e+01
1.861107130000000254e+01
2.610375769999999918e+01
3.348408549999999906e+01
4.103464359999999544e+01
4.854201839999999635e+01
5.585662849999999935e+01
6.336236980000000329e+01
7.107388240000000224e+01
7.827571710000000849e+01
8.606506470000000775e+01
9.346164720000000159e+01
1.007775176000000101e+02
1.083698732000000007e+02
1.157273923999999994e+02
1.232788216000000006e+02
1.310085309000000109e+02
1.386186051999999904e+02
1.457643715000000100e+02
1.533621284000000173e+02
1.607930948999999998e+02
1.679709052999999983e+02
1.756712606000000108e+02
1.831834517000000062e+02
1.908132428000000118e+02
1.983741832000000045e+02
2.057780886000000180e+02
2.131283296000000007e+02
2.206562765000000184e+02
2.281597117000000026e+02
2.355084756999999911e+02
2.430028437999999937e+02
2.505533795999999995e+02
2.581267874999999776e+02
2.658402107000000001e+02
2.733332930999999917e+02
2.804584019999999782e+02
2.879311445999999819e+02
2.953810890999999970e+02
3.026581648999999743e+02
3.101803257999999914e+02
3.176802971999999841e+02
3.251573992999999518e+02
3.326438588999999979e+02
3.400327948999999990e+02
3.473229308999999603e+02
3.547725112999999624e+02
3.620363077999999746e+02
3.693960500000000025e+02
3.770594104999999558e+02
3.844340401000000043e+02
3.916319948999999951e+02
3.994651523999999654e+02
4.067522293999999761e+02
4.139873212999999623e+02
4.214451499999999555e+02
4.289413174000000026e+02
4.363602573000000007e+02
4.439630528999999797e+02
4.514224601999999891e+02
4.588673511999999732e+02
4.666022018999999545e+02
4.740539452999999526e+02
4.814786677999999824e+02
4.890584065999999552e+02
4.964586777999999754e+02
5.038286152000000016e+02
5.114089384000000109e+02
5.188275899999999865e+02
5.262967972000000145e+02
5.338777509999999893e+02
5.412647677999999587e+02
5.485626161000000138e+02
5.562531298999999763e+02
5.638352188999999726e+02
5.711977995999999393e+02
5.787412494000000152e+02
5.862699274999999943e+02
5.936174561000000267e+02
6.011841105999999400e+02
6.086402879999999413e+02
6.159319580000000087e+02
6.235580254999999852e+02
6.309713917999999921e+02
6.383988534000000072e+02
6.459965318999999226e+02
6.534388678000000255e+02
6.609638760999999931e+02
6.684330877999999529e+02
6.759713002999999389e+02
6.832883617999999615e+02
6.909682004999999663e+02
6.984404246000000285e+02
7.058241051999999627e+02
7.134128618999999389e+02
7.209187045999999555e+02
7.282986290000000054e+02
7.358128831999999875e+02
7.436840903999999455e+02
7.510295773999999938e+02
7.694933103999999275e+02
7.878678370000000086e+02
8.057122452999999496e+02
8.239053334999999834e+02
8.422528293999999960e+02
8.604228206999999884e+02
8.785021179999999958e+02
8.967661624999999503e+02
9.150548774999999750e+02
9.337075943999999481e+02
9.526588670999999522e+02
9.711612921999999344e+02
9.899417339000000311e+02
1.008208913100000018e+03
1.026378079400000161e+03
1.044935586300000068e+03
1.063378416800000196e+03
1.081353500900000199e+03
1.100069459000000052e+03
1.118256213900000148e+03
1.136395442200000161e+03
1.154710629300000164e+03
1.172967663800000082e+03
1.191069604200000185e+03
1.209939196400000128e+03
1.228688562900000079e+03
1.246782223700000031e+03
1.266089181600000074e+03
1.284796408000000156e+03
1.303219864000000143e+03
1.321798565000000053e+03
1.340754504400000087e+03
1.358972632400000066e+03
1.377587234500000022e+03
1.396348582300000089e+03
1.414682589200000166e+03
