1.159823229999999938e+01
1.932451039999999765e+01
2.768933339999999887e+01
3.558996400000000193e+01
4.677086800000000011e+01
8.545501919999999529e+01
1.218875045000000057e+02
1.583772430000000213e+02
1.948800240000000201e+02
2.312698317000000259e+02
2.678164790000000153e+02
2.934407727999999906e+02
3.151432490000000257e+02
3.363225874999999974e+02
3.575475233000000230e+02
3.789006918000000042e+02
4.002179887000000349e+02
4.214394325000000094e+02
4.427001912000000061e+02
4.651647393000000079e+02
4.880712838000000033e+02
5.097328018999999699e+02
5.327272825999999668e+02
5.540876632999999174e+02
5.753055990999999949e+02
5.964987127999999075e+02
6.177303101999999626e+02
6.389727381999999807e+02
6.601635622000000012e+02
6.813639024999999947e+02
7.026079503999999361e+02
7.238188850999999886e+02
7.451235709999999699e+02
7.662818515999999818e+02
7.875631329999999934e+02
8.087147298999999521e+02
8.299609711999999035e+02
8.512379002999999784e+02
8.724755783999999039e+02
8.936886580999999978e+02
9.149349999999999454e+02
9.360982496999999967e+02
9.572787673999999924e+02
9.785490178999999671e+02
9.997816935999999259e+02
1.020997453799999903e+03
1.042163657400000147e+03
1.063324461800000108e+03
1.084602397800000062e+03
1.150767117200000030e+03
1.216686930900000107e+03
1.282681412900000169e+03
1.348620165900000075e+03
1.414598543300000074e+03
1.480681155100000069e+03
1.546604054600000154e+03
1.612600988500000085e+03
1.678906186100000014e+03
1.744811822399999983e+03
1.810815734700000121e+03
1.876753398500000003e+03
1.942656585500000119e+03
2.008540278100000023e+03
2.074536391799999819e+03
2.140378601699999763e+03
2.206242863799999668e+03
2.272080199699999866e+03
2.337962840599999709e+03
2.403796800499999790e+03
2.469636743399999887e+03
2.535516204699999889e+03
2.601484334399999625e+03
2.667309036399999968e+03
2.733204003699999703e+03
2.799144353599999704e+03
2.864976188399999955e+03
