1.374323000000003958e+00
1.753825300000002585e+00
2.138223800000005781e+00
2.531777500000004011e+00
2.912034800000000700e+00
3.309210400000004881e+00
3.688778500000005067e+00
4.083936900000004755e+00
4.465540800000006527e+00
4.844796200000004660e+00
5.227845200000004411e+00
5.624362300000001369e+00
6.008700700000005668e+00
6.530328000000004351e+00
6.925622300000000564e+00
7.322899400000004277e+00
8.631246400000001984e+00
9.826387100000005148e+00
1.102481260000000418e+01
1.233157510000000201e+01
1.363774480000000011e+01
1.493144470000000013e+01
1.622326780000000213e+01
1.741924610000000229e+01
1.873001000000000005e+01
1.991007320000000647e+01
2.122144810000000348e+01
2.252815990000000568e+01
2.381799990000000378e+01
