1.403098404407501221e-01
1.335897892713546753e-01
1.295700669288635254e-01
1.236402690410614014e-01
1.203694567084312439e-01
1.189736425876617432e-01
1.143301352858543396e-01
1.142016872763633728e-01
1.088150367140769958e-01
1.093745827674865723e-01
1.069911420345306396e-01
1.079825460910797119e-01
1.033937707543373108e-01
1.024739742279052734e-01
1.023313701152801514e-01
1.004396751523017883e-01
9.695997089147567749e-02
9.568691998720169067e-02
9.763425588607788086e-02
9.560620784759521484e-02
9.450646489858627319e-02
9.410925954580307007e-02
9.144470095634460449e-02
8.899632841348648071e-02
8.984091877937316895e-02
8.891148120164871216e-02
8.861408382654190063e-02
8.699167519807815552e-02
8.421341329813003540e-02
8.501347154378890991e-02
8.467119187116622925e-02
8.223762363195419312e-02
8.083339780569076538e-02
7.959999889135360718e-02
8.093564957380294800e-02
7.894875854253768921e-02
7.692340016365051270e-02
7.752504199743270874e-02
7.630372047424316406e-02
7.734373211860656738e-02
7.634525746107101440e-02
7.398331910371780396e-02
7.478336244821548462e-02
7.349309325218200684e-02
7.230425626039505005e-02
7.220528274774551392e-02
7.161074131727218628e-02
7.087995111942291260e-02
7.002644240856170654e-02
6.930980831384658813e-02
6.995921581983566284e-02
6.776431947946548462e-02
6.687289476394653320e-02
6.698336452245712280e-02
6.760277599096298218e-02
6.801528483629226685e-02
6.503789871931076050e-02
6.443085521459579468e-02
6.502968817949295044e-02
6.233995780348777771e-02
6.328769773244857788e-02
6.338509172201156616e-02
6.294325739145278931e-02
6.084314361214637756e-02
6.206120178103446960e-02
6.247662380337715149e-02
6.008663773536682129e-02
5.908446386456489563e-02
5.957895517349243164e-02
5.973021313548088074e-02
5.845612287521362305e-02
5.773461982607841492e-02
5.933851003646850586e-02
5.647431686520576477e-02
5.644315108656883240e-02
5.656741932034492493e-02
5.680570006370544434e-02
5.740945413708686829e-02
5.672016739845275879e-02
5.448181554675102234e-02
5.648470297455787659e-02
5.524687469005584717e-02
5.446768179535865784e-02
5.367622151970863342e-02
5.310729146003723145e-02
5.353030562400817871e-02
5.348254367709159851e-02
5.278877541422843933e-02
5.127207562327384949e-02
5.093592032790184021e-02
5.117905512452125549e-02
5.056581273674964905e-02
5.148402974009513855e-02
5.143631994724273682e-02
5.135998129844665527e-02
5.018104240298271179e-02
4.879546165466308594e-02
4.844110086560249329e-02
4.969273880124092102e-02
5.036398768424987793e-02
5.442106723785400391e-02
5.442835763096809387e-02
5.258489772677421570e-02
5.089416354894638062e-02
5.075541511178016663e-02
5.004764348268508911e-02
4.872860386967658997e-02
4.716459661722183228e-02
4.687760397791862488e-02
4.651971161365509033e-02
4.578873515129089355e-02
4.593253135681152344e-02
4.544184729456901550e-02
4.435968026518821716e-02
4.438873007893562317e-02
4.314704239368438721e-02
4.258707165718078613e-02
4.153555259108543396e-02
4.133106023073196411e-02
4.173746705055236816e-02
4.086257889866828918e-02
4.030308499932289124e-02
4.035495966672897339e-02
3.951041400432586670e-02
3.838182240724563599e-02
3.768942132592201233e-02
3.751898556947708130e-02
3.749793767929077148e-02
3.621032834053039551e-02
3.641336783766746521e-02
3.517911955714225769e-02
3.558024764060974121e-02
3.568278625607490540e-02
3.470124676823616028e-02
3.452825173735618591e-02
3.387859836220741272e-02
3.364964202046394348e-02
3.323183581233024597e-02
3.304832428693771362e-02
3.275432065129280090e-02
3.207172453403472900e-02
3.250814229249954224e-02
3.149803355336189270e-02
3.108115494251251221e-02
3.078119270503520966e-02
3.053374588489532471e-02
3.003581613302230835e-02
3.005331382155418396e-02
2.910976484417915344e-02
2.918384782969951630e-02
2.874829433858394623e-02
2.877142094075679779e-02
2.768347598612308502e-02
2.867619693279266357e-02
2.731742523610591888e-02
2.709576301276683807e-02
2.740642614662647247e-02
2.589058876037597656e-02
2.624696493148803711e-02
2.647465094923973083e-02
2.672098018229007721e-02
2.522731386125087738e-02
2.532492019236087799e-02
2.566137537360191345e-02
2.526218630373477936e-02
2.475939132273197174e-02
2.453118935227394104e-02
2.442679181694984436e-02
2.361029386520385742e-02
2.357694879174232483e-02
2.361747808754444122e-02
2.334889024496078491e-02
2.309510484337806702e-02
2.288047410547733307e-02
2.286904118955135345e-02
2.200683765113353729e-02
2.260288409888744354e-02
2.225752174854278564e-02
2.126892283558845520e-02
2.178211323916912079e-02
2.164779603481292725e-02
2.115621045231819153e-02
2.139974012970924377e-02
2.081587910652160645e-02
2.146575599908828735e-02
2.093173749744892120e-02
2.018812298774719238e-02
2.048102766275405884e-02
2.031438425183296204e-02
1.971687935292720795e-02
1.948509179055690765e-02
1.988354697823524475e-02
1.959278061985969543e-02
1.872266642749309540e-02
1.949016749858856201e-02
1.906982250511646271e-02
1.905593648552894592e-02
1.866224594414234161e-02
1.824799925088882446e-02
1.797408610582351685e-02
