7.576704621315002441e-01
7.967330217361450195e-01
8.177241086959838867e-01
8.330650925636291504e-01
8.506626486778259277e-01
8.636677861213684082e-01
8.763098716735839844e-01
8.843278288841247559e-01
8.927081823348999023e-01
8.991478085517883301e-01
9.039615392684936523e-01
9.086490869522094727e-01
9.129104018211364746e-01
9.166824221611022949e-01
9.185764193534851074e-01
9.227115511894226074e-01
9.260259866714477539e-01
9.253946542739868164e-01
9.297820329666137695e-01
9.308553934097290039e-01
9.333807229995727539e-01
9.347695708274841309e-01
9.343435764312744141e-01
9.372631907463073730e-01
9.393940567970275879e-01
9.384785890579223633e-01
9.397253990173339844e-01
9.411931633949279785e-01
9.418244957923889160e-01
9.422820806503295898e-01
9.444603919982910156e-01
9.448233246803283691e-01
9.441287517547607422e-01
9.455965757369995117e-01
9.450758099555969238e-01
9.470486640930175781e-01
9.473800659179687500e-01
9.471909403800964355e-01
9.487532377243041992e-01
9.483428001403808594e-01
9.469380378723144531e-01
9.498105049133300781e-01
9.484847784042358398e-01
9.484059214591979980e-01
9.496369957923889160e-01
9.496528506278991699e-01
9.515310525894165039e-01
9.489267468452453613e-01
9.495740532875061035e-01
9.502840638160705566e-01
9.491005539894104004e-01
9.500631690025329590e-01
9.504259824752807617e-01
9.498894214630126953e-01
9.508840441703796387e-01
9.503631591796875000e-01
9.509310126304626465e-01
9.500946998596191406e-01
9.503787755966186523e-01
9.509312510490417480e-01
9.506313800811767578e-01
9.506312012672424316e-01
9.508363604545593262e-01
9.506629109382629395e-01
9.506627917289733887e-01
9.507102966308593750e-01
9.507576823234558105e-01
9.506629705429077148e-01
9.513731002807617188e-01
9.515466094017028809e-01
9.508365392684936523e-01
9.502683877944946289e-01
9.513890147209167480e-01
9.509152770042419434e-01
9.522095322608947754e-01
9.515625834465026855e-01
9.517836570739746094e-01
9.510416388511657715e-01
9.518308043479919434e-01
9.502683877944946289e-01
9.498579502105712891e-01
9.517203569412231445e-01
9.505680203437805176e-01
9.517678022384643555e-01
9.519413113594055176e-01
9.510259628295898438e-01
9.512941241264343262e-01
9.526042342185974121e-01
9.509786963462829590e-01
9.510889649391174316e-01
9.515625238418579102e-01
9.527934789657592773e-01
9.511206150054931641e-01
9.515784978866577148e-01
9.521780610084533691e-01
9.514517784118652344e-01
9.509626626968383789e-01
9.523989558219909668e-01
9.521149396896362305e-01
9.514994025230407715e-01
9.150050282478332520e-01
9.182835221290588379e-01
9.178373217582702637e-01
9.190577864646911621e-01
9.197570085525512695e-01
9.201339483261108398e-01
9.199801087379455566e-01
9.192510843276977539e-01
9.193450212478637695e-01
9.204214811325073242e-01
9.205405712127685547e-01
9.205904006958007812e-01
9.213045835494995117e-01
9.215030074119567871e-01
9.214929342269897461e-01
9.216417670249938965e-01
9.214236140251159668e-01
9.225597381591796875e-01
9.227085709571838379e-01
9.219691753387451172e-01
9.228125214576721191e-01
9.226633906364440918e-01
9.227928519248962402e-01
9.228323698043823242e-01
9.221775531768798828e-01
9.232094287872314453e-01
9.232934713363647461e-01
9.236655235290527344e-01
9.237747788429260254e-01
9.235765933990478516e-01
9.236510396003723145e-01
9.247620701789855957e-01
9.246233105659484863e-01
9.246678948402404785e-01
9.252284169197082520e-01
9.243452548980712891e-01
9.247768521308898926e-01
9.245533943176269531e-01
9.248014688491821289e-01
9.251636862754821777e-01
9.255458116531372070e-01
9.252133369445800781e-01
9.248018860816955566e-01
9.253276586532592773e-01
9.258531928062438965e-01
9.261062145233154297e-01
9.258430600166320801e-01
9.256545305252075195e-01
9.257491827011108398e-01
9.266421198844909668e-01
9.264234304428100586e-01
9.263443350791931152e-01
9.264535307884216309e-01
9.261212944984436035e-01
9.268697500228881836e-01
9.275000691413879395e-01
9.272667765617370605e-01
9.264486432075500488e-01
9.272863864898681641e-01
9.272719621658325195e-01
9.272865653038024902e-01
9.281746149063110352e-01
9.273067712783813477e-01
9.275891184806823730e-01
9.280061721801757812e-01
9.277185201644897461e-01
9.286214709281921387e-01
9.284325242042541504e-01
9.278075098991394043e-01
9.275446534156799316e-01
9.282590150833129883e-01
9.288541674613952637e-01
9.297122359275817871e-01
9.279067516326904297e-01
9.285018444061279297e-01
9.283332824707031250e-01
9.282389879226684570e-01
9.294297695159912109e-01
9.289188981056213379e-01
9.299805760383605957e-01
9.292512536048889160e-01
9.291517138481140137e-01
9.291467070579528809e-01
9.305704832077026367e-01
9.294744729995727539e-01
9.293103814125061035e-01
9.298264980316162109e-01
