1.200355514883995056e-01
1.015786379575729370e-01
9.031191468238830566e-02
8.191356807947158813e-02
7.352448999881744385e-02
6.707976013422012329e-02
6.175432354211807251e-02
5.693310126662254333e-02
5.357652530074119568e-02
5.007258430123329163e-02
4.735264927148818970e-02
4.482805356383323669e-02
4.234252497553825378e-02
4.005700722336769104e-02
3.796825930476188660e-02
3.631686046719551086e-02
3.479330241680145264e-02
3.378489613533020020e-02
3.176741674542427063e-02
3.016949258744716644e-02
2.907668426632881165e-02
2.772772870957851410e-02
2.671784348785877228e-02
2.551848255097866058e-02
2.446295507252216339e-02
2.349011227488517761e-02
2.200538292527198792e-02
2.142624184489250183e-02
2.047066017985343933e-02
1.957538537681102753e-02
1.841878704726696014e-02
1.753507554531097412e-02
1.702965982258319855e-02
1.607769913971424103e-02
1.548047829419374466e-02
1.475016493350267410e-02
1.388701889663934708e-02
1.354135572910308838e-02
1.298285461962223053e-02
1.245932839810848236e-02
1.220785919576883316e-02
1.149316411465406418e-02
1.128296554088592529e-02
1.082871202379465103e-02
1.071259286254644394e-02
1.020961720496416092e-02
9.552525356411933899e-03
9.596990421414375305e-03
9.455986320972442627e-03
9.036201983690261841e-03
8.652023039758205414e-03
8.684789761900901794e-03
8.259734138846397400e-03
8.376507088541984558e-03
7.933068089187145233e-03
7.950257509946823120e-03
7.397563196718692780e-03
7.205253932625055313e-03
7.285908330231904984e-03
6.994510069489479065e-03
7.045367732644081116e-03
6.856962572783231735e-03
6.699314340949058533e-03
6.571216508746147156e-03
6.461567711085081100e-03
6.338755600154399872e-03
6.215469911694526672e-03
6.081426516175270081e-03
6.050672382116317749e-03
5.974795203655958176e-03
5.834010429680347443e-03
5.764554254710674286e-03
5.772839765995740891e-03
5.775224417448043823e-03
5.519099999219179153e-03
5.543892271816730499e-03
5.439479835331439972e-03
5.350294522941112518e-03
5.241543520241975784e-03
5.348850507289171219e-03
5.190304014831781387e-03
5.051214713603258133e-03
5.088474135845899582e-03
5.073206033557653427e-03
4.937166348099708557e-03
4.865610972046852112e-03
4.955857526510953903e-03
4.809743724763393402e-03
4.782872740179300308e-03
4.821843001991510391e-03
4.767271224409341812e-03
4.694269504398107529e-03
4.619575105607509613e-03
4.678646102547645569e-03
4.568190313875675201e-03
4.430894274264574051e-03
4.334836732596158981e-03
4.344101995229721069e-03
4.398981109261512756e-03
4.379081074148416519e-03
1.120372209697961807e-02
1.058436464518308640e-02
1.014985144138336182e-02
9.908228181302547455e-03
9.703308343887329102e-03
9.510903619229793549e-03
9.417126886546611786e-03
9.255481883883476257e-03
9.001425467431545258e-03
8.984521031379699707e-03
8.812947198748588562e-03
8.612777106463909149e-03
8.502094075083732605e-03
8.388350717723369598e-03
8.248150348663330078e-03
8.161472156643867493e-03
8.109805174171924591e-03
7.905617356300354004e-03
7.834617979824542999e-03
7.750000339001417160e-03
7.660091854631900787e-03
7.518406026065349579e-03
7.444989867508411407e-03
7.452480960637331009e-03
7.328069768846035004e-03
7.283637765794992447e-03
7.113445084542036057e-03
7.090455386787652969e-03
7.007732987403869629e-03
7.042942102998495102e-03
6.934417877346277237e-03
6.719300989061594009e-03
6.666873581707477570e-03
6.640225183218717575e-03
6.622279062867164612e-03
6.422288715839385986e-03
6.500590126961469650e-03
6.404888350516557693e-03
6.312879733741283417e-03
6.276284810155630112e-03
6.228941027075052261e-03
6.179362535476684570e-03
6.087076850235462189e-03
6.138664670288562775e-03
6.022373680025339127e-03
5.982424132525920868e-03
5.921394564211368561e-03
5.824974738061428070e-03
5.883728619664907455e-03
5.778982769697904587e-03
5.722318310290575027e-03
5.809710361063480377e-03
5.583366379141807556e-03
5.591358523815870285e-03
5.468983668833971024e-03
5.468293093144893646e-03
5.399642046540975571e-03
5.377531051635742188e-03
5.353205837309360504e-03
5.329891573637723923e-03
5.247863475233316422e-03
5.275649484246969223e-03
5.235282238572835922e-03
5.159790161997079849e-03
5.122163798660039902e-03
5.033188499510288239e-03
5.116498563438653946e-03
5.033474881201982498e-03
5.046715028584003448e-03
5.013358313590288162e-03
4.859604407101869583e-03
4.867231938987970352e-03
4.803007468581199646e-03
4.851734731346368790e-03
4.791145212948322296e-03
4.771693609654903412e-03
4.770319443196058273e-03
4.663960542529821396e-03
4.704259335994720459e-03
4.704033024609088898e-03
4.698630888015031815e-03
4.612174350768327713e-03
4.523674957454204559e-03
4.584490787237882614e-03
4.575706087052822113e-03
4.520512185990810394e-03
4.566557239741086960e-03
