8.822127580642700195e-01
8.817156553268432617e-01
8.850377798080444336e-01
8.839093446731567383e-01
8.785511255264282227e-01
8.833571076393127441e-01
8.827492594718933105e-01
8.829702734947204590e-01
8.623138666152954102e-01
8.612028956413269043e-01
8.746381402015686035e-01
9.169520735740661621e-01
9.335939288139343262e-01
9.383977651596069336e-01
9.401363730430603027e-01
9.419225454330444336e-01
9.429093599319458008e-01
9.436080455780029297e-01
9.443947672843933105e-01
9.454017877578735352e-01
9.460390806198120117e-01
9.468176960945129395e-01
9.470783472061157227e-01
9.471874833106994629e-01
9.484422802925109863e-01
9.485987424850463867e-01
9.490053653717041016e-01
9.493949413299560547e-01
9.494741559028625488e-01
9.499057531356811523e-01
9.502825140953063965e-01
9.503471255302429199e-01
9.506943225860595703e-01
9.508658051490783691e-01
9.508581757545471191e-01
9.510861039161682129e-01
9.516516327857971191e-01
9.511336088180541992e-01
9.520608782768249512e-01
9.516592621803283691e-01
9.522074460983276367e-01
9.525175094604492188e-01
9.521011114120483398e-01
9.535883665084838867e-01
9.520561099052429199e-01
9.535041451454162598e-01
9.525099992752075195e-01
9.532090425491333008e-01
9.524132609367370605e-01
9.309523701667785645e-01
9.334032535552978516e-01
9.344218969345092773e-01
9.352623820304870605e-01
9.354594349861145020e-01
9.358765482902526855e-01
9.371243715286254883e-01
9.374021887779235840e-01
9.377415180206298828e-01
9.379541277885437012e-01
9.380017518997192383e-01
9.391143321990966797e-01
9.385038018226623535e-01
9.393368363380432129e-01
9.398053884506225586e-01
9.397816061973571777e-01
9.398677945137023926e-01
9.398806691169738770e-01
9.405732154846191406e-01
9.404267668724060059e-01
9.405864477157592773e-01
9.409903287887573242e-01
9.405977129936218262e-01
9.266229271888732910e-01
9.273623228073120117e-01
9.282318353652954102e-01
9.281428456306457520e-01
9.292820096015930176e-01
9.293741583824157715e-01
9.294273853302001953e-01
9.298173189163208008e-01
9.299939274787902832e-01
9.301537275314331055e-01
9.308124780654907227e-01
9.306495189666748047e-01
9.308224320411682129e-01
9.316927194595336914e-01
9.313120841979980469e-01
9.314445853233337402e-01
9.318456649780273438e-01
9.323569536209106445e-01
9.326254129409790039e-01
9.325662255287170410e-01
9.328537583351135254e-01
9.329204559326171875e-01
9.331923723220825195e-01
9.329532384872436523e-01
9.328283667564392090e-01
9.330040216445922852e-01
9.332191944122314453e-01
9.239221811294555664e-01
9.242798686027526855e-01
9.250566363334655762e-01
9.248521327972412109e-01
9.249029159545898438e-01
9.255867004394531250e-01
9.261702895164489746e-01
9.256966710090637207e-01
9.261133670806884766e-01
9.262412786483764648e-01
9.264600872993469238e-01
9.267288446426391602e-01
9.267463088035583496e-01
9.268217086791992188e-01
9.215648770332336426e-01
9.215128421783447266e-01
9.218029379844665527e-01
9.220834970474243164e-01
9.220392107963562012e-01
9.227884411811828613e-01
9.231270551681518555e-01
9.228803515434265137e-01
9.235553741455078125e-01
9.235028028488159180e-01
9.230176210403442383e-01
9.237968325614929199e-01
9.237623810768127441e-01
9.238001704216003418e-01
9.215089082717895508e-01
9.221136569976806641e-01
9.218179583549499512e-01
9.221593737602233887e-01
9.220321178436279297e-01
9.224513173103332520e-01
9.226329326629638672e-01
9.215599894523620605e-01
9.213334918022155762e-01
9.220845699310302734e-01
9.222761392593383789e-01
9.220248460769653320e-01
9.222789406776428223e-01
