7.407494700000000876e+00
1.120694199999999974e+01
1.552189339999999973e+01
1.946057590000000204e+01
2.326397860000000151e+01
2.712770710000000207e+01
3.102742260000000130e+01
3.488256770000000273e+01
3.849811379999999872e+01
4.207846680000000106e+01
4.572722410000000082e+01
4.912293280000000095e+01
5.246983500000000333e+01
5.578165010000000024e+01
5.904819919999999911e+01
6.241302899999999454e+01
6.575438180000000443e+01
6.896952790000000277e+01
7.234293700000000626e+01
7.567169219999999541e+01
7.898286090000000570e+01
8.219240250000000003e+01
8.578542020000000434e+01
8.907872810000000641e+01
9.241686520000000371e+01
9.572526399999999569e+01
9.896445319999999413e+01
1.023651107999999965e+02
1.056397677000000073e+02
1.089646886000000023e+02
1.122727667999999994e+02
1.155594374000000073e+02
1.240102272999999968e+02
1.329890512999999999e+02
1.419505190000000141e+02
1.510164294999999868e+02
1.598778695999999968e+02
1.691626526999999953e+02
1.785360063999999909e+02
1.875680509000000029e+02
1.965536840000000041e+02
2.058603579999999909e+02
2.149174843000000124e+02
2.246502748999999994e+02
2.338473665999999866e+02
2.431218119000000115e+02
2.518444081000000097e+02
2.606715363000000139e+02
2.697723267000000078e+02
2.800807639999999878e+02
2.891677141000000120e+02
2.980481631000000107e+02
3.069700548999999796e+02
3.160949241000000143e+02
3.248982404000000201e+02
3.335357149000000163e+02
3.422155938000000219e+02
3.509221117000000163e+02
3.595607072000000244e+02
3.682038888000000156e+02
3.768767285999999785e+02
3.857733218000000193e+02
