1.086104160000002139e+01
1.929978070000004209e+01
2.782253040000000510e+01
3.627216210000005958e+01
4.500430870000002415e+01
5.357227720000003046e+01
6.233038539999995464e+01
7.101936460000001716e+01
7.990336060000004181e+01
8.831154879999996865e+01
1.096851014000000077e+02
1.302565326999999797e+02
1.510947298999999475e+02
1.715901553000001059e+02
1.928265226999999413e+02
2.133557471999999962e+02
2.344324979000000440e+02
2.554954617000000781e+02
2.759932142000000113e+02
2.969710744999999861e+02
3.178906635999999253e+02
3.389474987000000965e+02
