4.829007014632225037e-02
4.714911058545112610e-02
4.618502035737037659e-02
4.761817306280136108e-02
4.840901494026184082e-02
4.760918766260147095e-02
4.755653068423271179e-02
4.898031800985336304e-02
4.710656031966209412e-02
4.657999053597450256e-02
4.639931023120880127e-02
4.815682023763656616e-02
4.769391939043998718e-02
4.742371663451194763e-02
4.810110107064247131e-02
4.814466834068298340e-02
4.841839149594306946e-02
4.871247336268424988e-02
4.976511001586914062e-02
4.995875805616378784e-02
4.937469586730003357e-02
4.883274063467979431e-02
5.102988332509994507e-02
5.098625645041465759e-02
4.955158755183219910e-02
4.942294210195541382e-02
4.992441087961196899e-02
5.183059722185134888e-02
5.709302797913551331e-02
5.779311060905456543e-02
5.735706910490989685e-02
5.636390671133995056e-02
5.497002974152565002e-02
5.667358264327049255e-02
5.661489814519882202e-02
5.624588578939437866e-02
5.704219266772270203e-02
5.677078664302825928e-02
5.785622075200080872e-02
6.649525463581085205e-02
6.649720668792724609e-02
6.714038550853729248e-02
6.661682575941085815e-02
6.640019267797470093e-02
6.653197854757308960e-02
6.552932411432266235e-02
6.589323282241821289e-02
6.680291146039962769e-02
6.663155555725097656e-02
6.535495817661285400e-02
6.678982079029083252e-02
6.612624973058700562e-02
6.726399064064025879e-02
6.700750440359115601e-02
6.721206009387969971e-02
6.668419390916824341e-02
6.639256328344345093e-02
6.620673835277557373e-02
6.632022559642791748e-02
6.651892513036727905e-02
6.727996468544006348e-02
