1.647175401449203491e-01
3.655871748924255371e-02
1.144178863614797592e-02
8.409306406974792480e-03
7.099190726876258850e-03
6.288753822445869446e-03
5.990282632410526276e-03
5.487857386469841003e-03
5.071952007710933685e-03
4.904260858893394470e-03
4.836658481508493423e-03
4.665969870984554291e-03
4.776495043188333511e-03
4.384151659905910492e-03
4.291989840567111969e-03
3.865924896672368050e-03
3.943430259823799133e-03
3.905044635757803917e-03
3.771027550101280212e-03
3.540197620168328285e-03
3.588944207876920700e-03
3.528023837134242058e-03
3.499761456623673439e-03
3.525587497279047966e-03
3.215464064851403236e-03
3.252684138715267181e-03
3.387385979294776917e-03
3.143859095871448517e-03
3.007495077326893806e-03
2.886370057240128517e-03
2.851003548130393028e-03
2.945712069049477577e-03
2.846163930371403694e-03
2.891635522246360779e-03
2.849957440048456192e-03
2.808755962178111076e-03
2.625483786687254906e-03
2.660285914316773415e-03
2.571345306932926178e-03
2.578917192295193672e-03
2.289222553372383118e-03
2.514524618163704872e-03
2.498760819435119629e-03
2.667959313839673996e-03
6.704724859446287155e-03
4.698141478002071381e-03
4.196169786155223846e-03
3.757202997803688049e-03
3.532884176820516586e-03
3.466208465397357941e-03
3.321176394820213318e-03
3.270033514127135277e-03
3.183580702170729637e-03
3.000036347657442093e-03
2.866449765861034393e-03
2.878173952922224998e-03
2.974638715386390686e-03
2.859078813344240189e-03
2.785256830975413322e-03
2.762936288490891457e-03
2.735051559284329414e-03
2.719102427363395691e-03
2.638221485540270805e-03
2.712801331654191017e-03
2.627694979310035706e-03
2.571228193119168282e-03
2.771728672087192535e-03
