1.203166810000038822e+01
2.322102260000019669e+01
3.385413680000010572e+01
4.484507830000029571e+01
5.584016229999997449e+01
6.675178800000003321e+01
7.775669110000035289e+01
8.858683199999995850e+01
9.940720610000016677e+01
1.106972345000003770e+02
1.216809871000000385e+02
1.325383346000003257e+02
1.608125187000000551e+02
1.887126200000002427e+02
2.171525480000000243e+02
2.457728661000001011e+02
2.746339579000000413e+02
3.030340682000000925e+02
3.331552948000003198e+02
3.611396503000000848e+02
3.904196409000001040e+02
4.188094164000003730e+02
