7.721354365348815918e-01
7.330729365348815918e-01
7.484375238418579102e-01
7.515624761581420898e-01
7.549479007720947266e-01
7.513020634651184082e-01
7.476562261581420898e-01
7.468749880790710449e-01
7.989583611488342285e-01
8.059895634651184082e-01
8.148437738418579102e-01
8.236979246139526367e-01
8.549479246139526367e-01
8.736979365348815918e-01
8.783854246139526367e-01
9.007812738418579102e-01
8.963541388511657715e-01
8.947916626930236816e-01
9.023437500000000000e-01
8.950520753860473633e-01
8.932291865348815918e-01
9.114583134651184082e-01
9.044271111488342285e-01
8.953124880790710449e-01
8.585937619209289551e-01
8.582812547683715820e-01
8.606250286102294922e-01
8.817187547683715820e-01
8.696874976158142090e-01
8.735937476158142090e-01
8.743749856948852539e-01
8.878124952316284180e-01
8.739062547683715820e-01
8.698437213897705078e-01
8.878124952316284180e-01
8.776562213897705078e-01
8.835937380790710449e-01
8.820312619209289551e-01
8.868749737739562988e-01
8.815624713897705078e-01
8.862500190734863281e-01
8.968750238418579102e-01
8.951562643051147461e-01
9.012500047683715820e-01
9.040625095367431641e-01
9.084374904632568359e-01
8.949999809265136719e-01
9.024999737739562988e-01
9.024999737739562988e-01
8.970312476158142090e-01
9.014062285423278809e-01
9.096875190734863281e-01
9.070312380790710449e-01
9.090625047683715820e-01
9.034374952316284180e-01
9.078124761581420898e-01
9.131249785423278809e-01
9.121875166893005371e-01
9.073437452316284180e-01
9.062500000000000000e-01
9.117187261581420898e-01
9.112499952316284180e-01
9.125000238418579102e-01
