9.848301857709884644e-02
7.999397814273834229e-02
7.696127146482467651e-02
7.735972106456756592e-02
7.801809161901473999e-02
7.770831137895584106e-02
7.597140967845916748e-02
7.036973536014556885e-02
6.269757449626922607e-02
5.048591271042823792e-02
4.930246993899345398e-02
3.856412693858146667e-02
3.081317618489265442e-02
1.837629452347755432e-02
1.407159492373466492e-02
1.288220286369323730e-02
1.090353820472955704e-02
9.415658190846443176e-03
8.000609464943408966e-03
7.898261770606040955e-03
7.715700194239616394e-03
6.818686146289110184e-03
7.993140257894992828e-03
9.728571400046348572e-03
1.369171496480703354e-02
1.278615090996026993e-02
1.170185301452875137e-02
1.066683884710073471e-02
1.158212032169103622e-02
1.042942050844430923e-02
1.044840086251497269e-02
8.365947753190994263e-03
1.040113903582096100e-02
9.011299349367618561e-03
8.372937329113483429e-03
9.032928384840488434e-03
7.718026638031005859e-03
7.123401854187250137e-03
7.867843843996524811e-03
7.095620036125183105e-03
5.876124370843172073e-03
5.678663961589336395e-03
4.165000747889280319e-03
3.911659587174654007e-03
3.720825305208563805e-03
3.938662819564342499e-03
3.264283761382102966e-03
3.674060339108109474e-03
3.199815517291426659e-03
3.283921396359801292e-03
3.150932723656296730e-03
2.789726946502923965e-03
2.775140339508652687e-03
2.514319028705358505e-03
2.379284240305423737e-03
2.111510373651981354e-03
2.379722660407423973e-03
2.226920332759618759e-03
2.081719459965825081e-03
2.185389166697859764e-03
1.863822806626558304e-03
2.064319327473640442e-03
2.245456678792834282e-03
