8.574694991111755371e-01
9.049874544143676758e-01
9.176686406135559082e-01
9.243721961975097656e-01
9.294310212135314941e-01
9.325205683708190918e-01
9.353255629539489746e-01
9.370187520980834961e-01
9.382457137107849121e-01
9.396502971649169922e-01
9.402223229408264160e-01
9.402816295623779297e-01
9.411694407463073730e-01
9.411139488220214844e-01
9.408615827560424805e-01
9.415445923805236816e-01
9.407118558883666992e-01
9.407317638397216797e-01
9.403764009475708008e-01
9.401118159294128418e-01
9.394451379776000977e-01
9.405578374862670898e-01
9.396151304244995117e-01
9.397846460342407227e-01
9.394413232803344727e-01
9.392320513725280762e-01
9.396111369132995605e-01
9.396266341209411621e-01
9.395318031311035156e-01
9.404117465019226074e-01
9.392200708389282227e-01
9.394178390502929688e-01
9.389919042587280273e-01
9.395045042037963867e-01
9.394336342811584473e-01
9.402500987052917480e-01
9.404039382934570312e-01
9.399064779281616211e-01
9.402068257331848145e-01
9.392875432968139648e-01
9.396343827247619629e-01
9.399936199188232422e-01
9.404513239860534668e-01
9.396466612815856934e-01
9.398277997970581055e-01
9.395756721496582031e-01
9.407985806465148926e-01
9.401910901069641113e-01
9.404321312904357910e-01
9.403173327445983887e-01
9.406484961509704590e-01
9.396069645881652832e-01
9.401046037673950195e-01
9.405896067619323730e-01
9.399855136871337891e-01
9.402105212211608887e-01
9.402659535408020020e-01
9.399464726448059082e-01
9.410711526870727539e-01
9.407671093940734863e-01
9.402897953987121582e-01
9.406883120536804199e-01
9.407275319099426270e-01
9.401081204414367676e-01
9.398084282875061035e-01
9.400643706321716309e-01
9.402070045471191406e-01
9.407120943069458008e-01
9.400684833526611328e-01
9.411419034004211426e-01
9.404631257057189941e-01
9.405621886253356934e-01
9.412329196929931641e-01
9.404037594795227051e-01
9.414889812469482422e-01
9.407785534858703613e-01
9.401279091835021973e-01
9.407237768173217773e-01
9.412642717361450195e-01
9.407430887222290039e-01
9.059770703315734863e-01
9.064459204673767090e-01
9.065814018249511719e-01
9.069532752037048340e-01
9.065561294555664062e-01
9.067184925079345703e-01
9.070568680763244629e-01
9.066197276115417480e-01
9.076837301254272461e-01
9.071660637855529785e-01
9.072523117065429688e-01
9.081744551658630371e-01
9.076411724090576172e-01
9.078499078750610352e-01
9.078862667083740234e-01
9.079423546791076660e-01
9.086422324180603027e-01
9.087030291557312012e-01
9.080863595008850098e-01
9.085806012153625488e-01
9.084638953208923340e-01
9.089549779891967773e-01
9.081677198410034180e-01
9.084115028381347656e-01
9.137637019157409668e-01
9.115989208221435547e-01
9.095487594604492188e-01
9.095102548599243164e-01
9.100839495658874512e-01
9.098101854324340820e-01
9.096100926399230957e-01
9.095492362976074219e-01
9.096227884292602539e-01
9.100424051284790039e-01
9.097284078598022461e-01
9.105751514434814453e-01
9.096418023109436035e-01
9.110352396965026855e-01
9.103817939758300781e-01
9.104354381561279297e-01
9.113089442253112793e-01
9.107405543327331543e-01
9.101796150207519531e-01
9.114023447036743164e-01
9.115934371948242188e-01
9.113700389862060547e-01
9.109668731689453125e-01
9.111603498458862305e-01
9.112124443054199219e-01
9.114874005317687988e-01
9.105411171913146973e-01
9.113216996192932129e-01
9.119545221328735352e-01
9.116945862770080566e-01
9.118217229843139648e-01
9.130977988243103027e-01
9.116327762603759766e-01
9.121148586273193359e-01
9.119191169738769531e-01
9.123710989952087402e-01
9.121567010879516602e-01
9.123675823211669922e-01
9.133512377738952637e-01
9.121103286743164062e-01
9.125335812568664551e-01
