7.644888162612915039e-01
7.967172861099243164e-01
8.167931437492370605e-01
8.357324600219726562e-01
8.450444340705871582e-01
8.587436079978942871e-01
8.690657019615173340e-01
8.737058639526367188e-01
8.845644593238830566e-01
8.894255161285400391e-01
8.964326381683349609e-01
9.010418057441711426e-01
9.057767987251281738e-01
9.110476970672607422e-01
9.123422503471374512e-01
9.152777194976806641e-01
9.203282594680786133e-01
9.177083969116210938e-01
9.197602868080139160e-01
9.215278029441833496e-01
9.229170083999633789e-01
9.229170083999633789e-01
9.255366921424865723e-01
9.268628358840942383e-01
9.259474873542785645e-01
9.272731542587280273e-01
9.275887012481689453e-01
9.278412461280822754e-01
9.265470504760742188e-01
9.267051815986633301e-01
9.279993772506713867e-01
9.295459985733032227e-01
9.298300743103027344e-01
9.290089607238769531e-01
9.279991388320922852e-01
9.305247664451599121e-01
9.293247461318969727e-01
9.294509291648864746e-01
9.298298954963684082e-01
9.315024614334106445e-01
9.317237734794616699e-01
9.301141500473022461e-01
9.321343898773193359e-01
9.313133955001831055e-01
9.298930168151855469e-01
9.316923022270202637e-01
9.304928779602050781e-01
9.310926198959350586e-01
9.333333373069763184e-01
9.321342706680297852e-01
9.334598779678344727e-01
9.315032958984375000e-01
9.322923421859741211e-01
9.324182271957397461e-01
9.347856640815734863e-01
9.331440925598144531e-01
9.330180287361145020e-01
9.330492615699768066e-01
9.345960617065429688e-01
9.342807531356811523e-01
9.342173933982849121e-01
9.327023029327392578e-01
9.320390820503234863e-01
9.337127208709716797e-01
9.340599179267883301e-01
9.344069957733154297e-01
9.341226816177368164e-01
9.343122839927673340e-01
9.355116486549377441e-01
9.347541928291320801e-01
9.347537755966186523e-01
9.338070154190063477e-01
8.861505389213562012e-01
8.875294923782348633e-01
8.878663778305053711e-01
8.873814344406127930e-01
8.884023427963256836e-01
8.899010419845581055e-01
8.899204134941101074e-01
8.891077637672424316e-01
8.903270363807678223e-01
8.894742131233215332e-01
8.895035982131958008e-01
8.892260789871215820e-01
8.899304270744323730e-01
8.904763460159301758e-01
8.916271328926086426e-01
8.915576934814453125e-01
8.926383852958679199e-01
8.918349146842956543e-01
8.925697803497314453e-01
8.922717571258544922e-01
8.925001025199890137e-01
8.920839428901672363e-01
8.935315012931823730e-01
8.938492536544799805e-01
8.930850028991699219e-01
8.927681446075439453e-01
8.948709368705749512e-01
8.935716748237609863e-01
8.939485549926757812e-01
8.921123147010803223e-01
8.935614228248596191e-01
8.939284086227416992e-01
8.945531249046325684e-01
8.938088417053222656e-01
8.943154215812683105e-01
8.947618603706359863e-01
8.952777981758117676e-01
8.943845033645629883e-01
8.958829045295715332e-01
8.968847393989562988e-01
8.965574502944946289e-01
8.969339132308959961e-01
8.973017930984497070e-01
8.969937562942504883e-01
8.977674245834350586e-01
8.963787555694580078e-01
8.967959284782409668e-01
8.963986039161682129e-01
8.951790332794189453e-01
8.962498307228088379e-01
8.970431685447692871e-01
8.971725106239318848e-01
8.986899256706237793e-01
8.971333503723144531e-01
8.977674245834350586e-01
8.984919190406799316e-01
8.982239365577697754e-01
8.981158733367919922e-01
8.987300992012023926e-01
8.983634114265441895e-01
8.994939327239990234e-01
8.981244564056396484e-01
8.973810672760009766e-01
9.001387953758239746e-01
8.990774750709533691e-01
8.975684642791748047e-01
8.993055224418640137e-01
8.990682363510131836e-01
8.980957865715026855e-01
8.982739448547363281e-01
8.991663455963134766e-01
8.993846178054809570e-01
9.006748795509338379e-01
8.991068601608276367e-01
8.991671204566955566e-01
8.988888859748840332e-01
8.989185690879821777e-01
8.996329307556152344e-01
9.009228348731994629e-01
8.996723294258117676e-01
8.990472555160522461e-01
9.001089334487915039e-01
9.009321928024291992e-01
9.016668796539306641e-01
9.004367589950561523e-01
9.013202190399169922e-01
9.016966223716735840e-01
9.007440209388732910e-01
9.009625911712646484e-01
9.006142616271972656e-01
9.005458354949951172e-01
9.011703729629516602e-01
9.013584852218627930e-01
9.009321928024291992e-01
9.014287590980529785e-01
9.003368020057678223e-01
