1.739554499999997006e+00
2.458956199999988712e+00
3.178840999999991368e+00
3.893730800000000158e+00
4.611681599999997161e+00
5.331334499999996979e+00
6.044958199999996395e+00
6.762547200000000203e+00
7.480353399999998487e+00
8.199929499999996096e+00
9.076678399999991598e+00
9.796339799999998377e+00
1.051597449999999867e+01
1.123565469999999777e+01
1.195123999999999853e+01
1.266955120000000079e+01
1.338918549999999641e+01
1.410481659999999238e+01
1.482237320000000125e+01
1.554115050000000053e+01
1.625878229999999292e+01
1.697533509999999524e+01
1.769513479999999106e+01
1.841167809999998894e+01
1.912731149999999047e+01
1.984606799999998827e+01
2.056369249999998772e+01
2.128337080000000014e+01
2.297877239999999688e+01
2.470352819999999383e+01
2.642708389999999952e+01
2.816302579999999978e+01
2.986340729999999155e+01
3.155230069999998932e+01
3.327773990000000026e+01
3.499780699999999456e+01
3.671165080000000103e+01
3.842359659999999622e+01
4.014234529999998813e+01
4.184852559999998789e+01
4.356908569999998804e+01
4.527262509999999907e+01
4.701265479999999286e+01
4.873513469999998904e+01
5.046885609999999645e+01
5.217280369999998868e+01
5.390232999999999208e+01
5.560278419999998789e+01
5.732183149999998761e+01
5.907181959999998355e+01
6.080122500000000230e+01
6.252708009999999206e+01
6.427170789999998135e+01
6.599110969999999554e+01
6.769907129999999995e+01
6.945094149999998479e+01
7.115841099999998676e+01
7.309380919999999549e+01
7.479819099999998855e+01
7.651031410000000221e+01
7.824460620000000688e+01
7.996147519999998110e+01
8.164987920000000088e+01
8.338732319999998310e+01
8.508357789999998033e+01
8.681265689999999324e+01
8.853403999999999030e+01
9.029125019999999324e+01
9.200952189999999575e+01
9.374552629999998032e+01
9.547142390000000489e+01
9.719501759999998569e+01
9.893745839999998282e+01
1.006602903999999938e+02
1.023947820000000064e+02
1.040857094999999930e+02
1.058246338999999949e+02
1.075568537999999847e+02
1.092915179999999822e+02
1.109940626999999864e+02
1.127160367999999977e+02
1.144621443999999855e+02
1.162381598999999852e+02
1.179685403999999807e+02
1.197211808999999931e+02
1.214589200999999861e+02
1.231983397999999994e+02
1.249771499999999804e+02
1.267089342000000016e+02
1.284666295000000105e+02
1.301917197999999871e+02
1.319114179999999692e+02
1.336234084000000166e+02
1.353663349999999923e+02
1.370765443999999889e+02
1.388140758000000119e+02
1.405373718000000167e+02
1.422534205000000043e+02
1.440067733999999859e+02
1.457295684999999708e+02
1.474866157999999814e+02
1.492044103999999720e+02
1.509337479999999800e+02
1.526631312999999750e+02
1.543870577999999796e+02
1.561217518999999925e+02
