8.565589900004852097e+00
1.672501840000040829e+01
2.478304130000469740e+01
3.291511040000477806e+01
4.102220490000036079e+01
4.908043870000255993e+01
5.724443470000551315e+01
6.543181330000516027e+01
7.350643490000220481e+01
8.163987579999957234e+01
8.980099560000235215e+01
9.783757280000281753e+01
1.060072470000013709e+02
1.140929467000023578e+02
1.220555755000023055e+02
1.308699051000003237e+02
1.389712007000052836e+02
1.469185980000038398e+02
1.551352104000034160e+02
1.633221790000025067e+02
1.713810994000014034e+02
1.796035820000033709e+02
1.877788695999988704e+02
1.957797104000055697e+02
2.040103212000030908e+02
2.119847386000037659e+02
2.199069224000049871e+02
2.280803323000000091e+02
2.362246404000034090e+02
2.441764675000013085e+02
2.523525074999997742e+02
2.603878298000054201e+02
2.683528684000048088e+02
2.764942474999988917e+02
2.846368876999986242e+02
2.926118677999984357e+02
3.007334985999987111e+02
3.092926301000043168e+02
3.172709634999991977e+02
3.260161828000054811e+02
3.341087159000016982e+02
3.420394387999986066e+02
3.501579485000038403e+02
3.582560039000018151e+02
3.661822534000020823e+02
3.742387973000004422e+02
3.823312647999991896e+02
3.902666231000039261e+02
3.983981636000025901e+02
4.064606854000012390e+02
4.259291916000001947e+02
4.460174303000021609e+02
4.659896481000032509e+02
4.859962702000048012e+02
5.062510385999994469e+02
5.267479062999991584e+02
5.465953121999991708e+02
5.668312255000055302e+02
5.869248081000041566e+02
6.067732130000003963e+02
6.268799437000052421e+02
6.466949805000040215e+02
6.665081276000055368e+02
6.867254767999984324e+02
7.068216425999999046e+02
7.268323248000015155e+02
7.468899689000027138e+02
7.677347680000020773e+02
7.876468533000006573e+02
8.077061152000023867e+02
8.275089910000024247e+02
8.473870644999988144e+02
8.673299362000034307e+02
8.873518603000047733e+02
9.071004590000011376e+02
9.270620637000029092e+02
9.468753555000002962e+02
9.667364483000055770e+02
9.872611762000015005e+02
1.006963258800002222e+03
1.026688200700002199e+03
1.046458800500004145e+03
1.066168138799999724e+03
1.085951680400001351e+03
1.105806437999999616e+03
1.125429931300001044e+03
1.145172271499999624e+03
1.165045645700003661e+03
1.184843252300001041e+03
1.204536809800003539e+03
1.225311611800003448e+03
1.245023947200003022e+03
1.264734899399998540e+03
1.284639804500002356e+03
1.304434937300000456e+03
1.324073849600004905e+03
1.343904865800002881e+03
1.363618920400003844e+03
1.383430723000004946e+03
1.403147224899999856e+03
1.422954922199998691e+03
