8.731691241264343262e-01
8.849433064460754395e-01
8.808398842811584473e-01
8.812342286109924316e-01
8.823075294494628906e-01
8.825284838676452637e-01
8.818182349205017090e-01
8.812973499298095703e-01
8.637895584106445312e-01
8.632738590240478516e-01
8.628867268562316895e-01
8.630207777023315430e-01
8.637944459915161133e-01
8.622273206710815430e-01
8.643950819969177246e-01
8.644940257072448730e-01
8.633334040641784668e-01
8.631201982498168945e-01
8.637055158615112305e-01
8.630359172821044922e-01
8.629766106605529785e-01
8.483632802963256836e-01
8.477295041084289551e-01
8.477090597152709961e-01
8.480111956596374512e-01
8.476983308792114258e-01
8.485658168792724609e-01
8.371446132659912109e-01
8.370007872581481934e-01
8.370593190193176270e-01
8.364993929862976074e-01
8.368613719940185547e-01
8.360277414321899414e-01
8.291014432907104492e-01
8.290886878967285156e-01
8.292859196662902832e-01
8.285048007965087891e-01
8.287599682807922363e-01
8.284907937049865723e-01
8.286694288253784180e-01
8.241162896156311035e-01
8.249076008796691895e-01
8.236235380172729492e-01
8.242462873458862305e-01
8.248530030250549316e-01
8.244810700416564941e-01
8.223642706871032715e-01
8.222008943557739258e-01
8.222672939300537109e-01
8.226252794265747070e-01
8.224986195564270020e-01
8.220860958099365234e-01
8.220766782760620117e-01
8.219606876373291016e-01
8.217595219612121582e-01
8.215503096580505371e-01
8.221422433853149414e-01
8.218244910240173340e-01
8.218445181846618652e-01
