6.900341063737869263e-02
4.686702415347099304e-02
4.679243266582489014e-02
4.676893353462219238e-02
4.675033316016197205e-02
4.677531123161315918e-02
4.680439084768295288e-02
4.676276072859764099e-02
4.537967219948768616e-02
4.534192010760307312e-02
4.536858946084976196e-02
4.536692425608634949e-02
4.531726613640785217e-02
4.530000314116477966e-02
4.529273882508277893e-02
4.527435451745986938e-02
4.532067850232124329e-02
4.522569850087165833e-02
4.521328955888748169e-02
4.524521157145500183e-02
4.528826475143432617e-02
4.384948313236236572e-02
4.388214275240898132e-02
4.385589435696601868e-02
4.380812868475914001e-02
4.383600875735282898e-02
4.385422170162200928e-02
4.269218444824218750e-02
4.262289032340049744e-02
4.266527667641639709e-02
4.263489693403244019e-02
4.265604540705680847e-02
4.265563562512397766e-02
4.178962856531143188e-02
4.171795397996902466e-02
4.179107770323753357e-02
4.172603413462638855e-02
4.172457382082939148e-02
4.172364994883537292e-02
4.180020466446876526e-02
4.122018441557884216e-02
4.120252653956413269e-02
4.124335944652557373e-02
4.123346135020256042e-02
4.112405702471733093e-02
4.122866690158843994e-02
4.102633148431777954e-02
4.091994464397430420e-02
4.102343693375587463e-02
4.100397601723670959e-02
4.098952934145927429e-02
4.101058468222618103e-02
4.088724404573440552e-02
4.092754051089286804e-02
4.096780344843864441e-02
4.094636812806129456e-02
4.086355492472648621e-02
4.093975201249122620e-02
4.096991196274757385e-02
