2.837119400501251221e-01
2.660824954509735107e-01
2.519597113132476807e-01
2.431405335664749146e-01
2.434722185134887695e-01
2.381799221038818359e-01
2.380088716745376587e-01
2.301766425371170044e-01
2.272731661796569824e-01
2.280503511428833008e-01
2.229214906692504883e-01
2.173557281494140625e-01
2.192215770483016968e-01
2.165750116109848022e-01
2.151095271110534668e-01
2.142107039690017700e-01
2.086152434349060059e-01
2.035589665174484253e-01
2.052026391029357910e-01
2.063196152448654175e-01
2.057292312383651733e-01
2.030585408210754395e-01
1.980870515108108521e-01
1.996474713087081909e-01
1.996582001447677612e-01
1.980233341455459595e-01
1.979006081819534302e-01
1.958053261041641235e-01
1.947054266929626465e-01
1.929312944412231445e-01
1.945225745439529419e-01
1.904492527246475220e-01
1.921717077493667603e-01
1.891251355409622192e-01
1.862281560897827148e-01
1.910882443189620972e-01
1.840590238571166992e-01
1.853628903627395630e-01
1.829595118761062622e-01
1.853136271238327026e-01
1.851851493120193481e-01
1.819408684968948364e-01
1.813910454511642456e-01
1.813660413026809692e-01
1.780138015747070312e-01
1.796243637800216675e-01
1.801743954420089722e-01
1.779737323522567749e-01
1.774492412805557251e-01
1.784860640764236450e-01
1.803048253059387207e-01
1.760698109865188599e-01
1.773868948221206665e-01
1.741237640380859375e-01
1.723446100950241089e-01
1.713702976703643799e-01
1.704313009977340698e-01
1.676350831985473633e-01
1.675242930650711060e-01
1.647195518016815186e-01
1.641877591609954834e-01
1.630996614694595337e-01
1.614486873149871826e-01
1.623394638299942017e-01
1.601009368896484375e-01
1.580200940370559692e-01
1.571587622165679932e-01
1.569913625717163086e-01
1.588920205831527710e-01
1.549116820096969604e-01
1.532835066318511963e-01
1.574662476778030396e-01
1.548676490783691406e-01
1.505809724330902100e-01
1.514763087034225464e-01
1.491111367940902710e-01
1.514193564653396606e-01
1.488614082336425781e-01
1.494168937206268311e-01
1.477413475513458252e-01
1.467286050319671631e-01
1.473377496004104614e-01
1.451766341924667358e-01
1.447138488292694092e-01
1.446834653615951538e-01
1.455641090869903564e-01
1.431372910737991333e-01
1.404798179864883423e-01
1.409388780593872070e-01
1.397329419851303101e-01
1.409185528755187988e-01
1.404175162315368652e-01
1.402556002140045166e-01
1.367234736680984497e-01
1.390299350023269653e-01
1.365806758403778076e-01
1.369136720895767212e-01
1.335404664278030396e-01
1.347685754299163818e-01
1.361090242862701416e-01
1.295905858278274536e-01
1.352707594633102417e-01
1.342364251613616943e-01
1.311332285404205322e-01
1.319364607334136963e-01
1.334797888994216919e-01
1.293238252401351929e-01
1.301580369472503662e-01
1.291692256927490234e-01
1.287871301174163818e-01
1.294986456632614136e-01
1.269918382167816162e-01
1.282123774290084839e-01
1.265416890382766724e-01
1.238040924072265625e-01
1.273677647113800049e-01
1.250823587179183960e-01
1.234712153673171997e-01
1.238307803869247437e-01
1.210079938173294067e-01
1.207531914114952087e-01
1.190882325172424316e-01
1.204919070005416870e-01
1.193884164094924927e-01
1.209505349397659302e-01
