5.145833492279052734e-01
5.130555629730224609e-01
5.191667675971984863e-01
5.250000953674316406e-01
5.344445705413818359e-01
5.223610997200012207e-01
5.223610997200012207e-01
5.300000309944152832e-01
5.402777791023254395e-01
5.290277600288391113e-01
5.319444537162780762e-01
5.325000286102294922e-01
5.312500000000000000e-01
5.283334255218505859e-01
5.287500619888305664e-01
5.280554890632629395e-01
5.350000262260437012e-01
5.354167222976684570e-01
5.330555438995361328e-01
5.343055725097656250e-01
5.244445204734802246e-01
5.338889360427856445e-01
5.283333063125610352e-01
5.319443345069885254e-01
5.238887667655944824e-01
5.398610830307006836e-01
5.390278100967407227e-01
5.372222661972045898e-01
5.394445657730102539e-01
5.445832610130310059e-01
5.470833182334899902e-01
5.573610067367553711e-01
5.581943988800048828e-01
5.466666221618652344e-01
5.648610591888427734e-01
5.498610734939575195e-01
5.515277385711669922e-01
5.540277361869812012e-01
5.593054890632629395e-01
5.547223091125488281e-01
5.522223114967346191e-01
5.573611259460449219e-01
5.543055534362792969e-01
5.519443750381469727e-01
5.543055534362792969e-01
5.619443655014038086e-01
5.577776432037353516e-01
5.638889074325561523e-01
5.615278482437133789e-01
5.624999403953552246e-01
5.624999403953552246e-01
5.638887882232666016e-01
5.605555176734924316e-01
5.768055915832519531e-01
5.747222304344177246e-01
5.676388740539550781e-01
5.647222399711608887e-01
5.570833086967468262e-01
5.695832967758178711e-01
5.576388835906982422e-01
5.709722042083740234e-01
5.669443607330322266e-01
5.481943488121032715e-01
5.587499737739562988e-01
5.716667175292968750e-01
5.750000476837158203e-01
5.605556368827819824e-01
5.565277934074401855e-01
5.672222375869750977e-01
5.690277218818664551e-01
5.624999403953552246e-01
5.758332610130310059e-01
5.665277242660522461e-01
5.681945681571960449e-01
5.730555057525634766e-01
5.665277838706970215e-01
5.818054676055908203e-01
5.752777457237243652e-01
5.881944298744201660e-01
5.681943893432617188e-01
5.711111426353454590e-01
5.750000476837158203e-01
5.961111187934875488e-01
5.849999785423278809e-01
5.755555629730224609e-01
5.861111283302307129e-01
5.843055248260498047e-01
5.893056392669677734e-01
5.784721970558166504e-01
5.718055367469787598e-01
5.727778077125549316e-01
5.855555534362792969e-01
5.801389217376708984e-01
5.759721994400024414e-01
5.847222208976745605e-01
5.897222161293029785e-01
5.883333683013916016e-01
5.723611712455749512e-01
5.933333039283752441e-01
5.834721922874450684e-01
5.972222089767456055e-01
5.822222232818603516e-01
5.948612093925476074e-01
6.012499928474426270e-01
5.991666316986083984e-01
6.034722328186035156e-01
5.944444537162780762e-01
6.025000214576721191e-01
5.969444513320922852e-01
6.052777171134948730e-01
6.129166483879089355e-01
6.069443821907043457e-01
6.087499856948852539e-01
6.155555248260498047e-01
6.166666746139526367e-01
6.131944060325622559e-01
6.197222471237182617e-01
6.159722805023193359e-01
6.256945133209228516e-01
6.270833611488342285e-01
6.145832538604736328e-01
6.315277218818664551e-01
6.302778720855712891e-01
6.222222447395324707e-01
6.238889694213867188e-01
6.255555152893066406e-01
6.319444179534912109e-01
6.268056035041809082e-01
6.368055939674377441e-01
6.319444179534912109e-01
6.370833516120910645e-01
6.309721469879150391e-01
6.449999809265136719e-01
6.365279555320739746e-01
6.418054699897766113e-01
6.438889503479003906e-01
6.461110711097717285e-01
6.337500214576721191e-01
6.431944966316223145e-01
6.337499618530273438e-01
6.333332657814025879e-01
6.549999117851257324e-01
6.380555033683776855e-01
6.498610973358154297e-01
6.451388001441955566e-01
6.470833420753479004e-01
6.434723138809204102e-01
