6.994807799999989584e+00
1.172779669999999896e+01
1.642681500000003325e+01
2.122434830000003103e+01
2.588364540000003444e+01
3.050024619999999231e+01
3.526689240000001746e+01
3.998560500000002094e+01
4.463227699999998777e+01
4.949318310000001020e+01
5.424967070000002423e+01
5.892549380000002657e+01
6.376484570000002350e+01
6.853372500000000400e+01
7.318285910000003014e+01
7.805237379999999803e+01
8.269093060000000150e+01
8.730023790000001327e+01
9.222377829999999221e+01
9.693395550000002459e+01
1.015625208999999813e+02
1.063136898000000201e+02
1.110836256000000049e+02
1.157243437999999855e+02
1.205973099000000275e+02
1.253968806000000313e+02
1.300586084000000255e+02
1.349522658000000206e+02
1.396580554000000234e+02
1.443154174000000012e+02
1.491080939999999941e+02
1.538179913999999826e+02
1.584689160000000356e+02
1.632931789000000435e+02
1.680408519999999726e+02
1.726536683000000494e+02
1.775560232000000269e+02
1.823324737000000368e+02
1.871008861999999908e+02
1.920160210000000234e+02
1.967322097999999642e+02
2.014383808999999701e+02
2.063242143999999598e+02
2.110692278000000215e+02
2.156699644000000262e+02
2.205009188000000222e+02
2.253736519000000271e+02
2.301410726000000295e+02
2.350510984999999664e+02
2.398366719000000558e+02
2.445802423000000090e+02
2.494943374000000631e+02
2.542052630000000590e+02
2.589347930000000133e+02
2.638466799999999921e+02
2.686322261999999910e+02
2.732804564000000482e+02
2.781070978000000196e+02
2.828792594000000236e+02
2.875096396000000141e+02
2.924350051000000121e+02
2.971600889000000052e+02
3.020651974999999538e+02
3.067757070000000112e+02
3.114166586000000052e+02
3.163086428000000296e+02
3.209739710999999716e+02
3.256030216000000337e+02
3.304903474999999844e+02
3.352049455999999736e+02
3.398894109999999955e+02
3.447441936000000169e+02
3.494955511000000570e+02
3.540803382000000283e+02
3.588682645000000093e+02
3.635687765000000127e+02
3.682710376999999653e+02
3.730872976000000563e+02
3.778849609000000100e+02
3.825496417000000520e+02
3.874496851000000106e+02
3.922499546000000237e+02
3.969855419000000438e+02
4.019251451000000088e+02
4.067756950000000415e+02
4.114527799999999615e+02
4.164228296999999657e+02
4.211927988999999570e+02
4.263271163000000570e+02
4.312394087999999783e+02
4.359816222000000607e+02
4.406412837000000309e+02
4.455200572999999622e+02
4.503102053000000069e+02
4.549794897000000446e+02
4.598242216999999528e+02
4.646428818000000547e+02
4.694218783999999687e+02
4.743833714999999529e+02
4.791396631999999727e+02
4.838382979000000432e+02
4.887492528000000220e+02
4.936046092000000272e+02
4.983996603000000505e+02
5.034207473999999820e+02
5.082321008999999776e+02
5.129480558999999857e+02
5.179575534000000516e+02
5.227921569999999747e+02
5.274682684000000563e+02
5.324401661000000558e+02
5.373443324999999504e+02
5.422105103000000099e+02
5.471868342999999868e+02
5.520357965000000604e+02
5.567823637999999846e+02
5.617979980000000069e+02
5.666189849999999524e+02
5.714325700000000552e+02
5.763481599000000415e+02
5.812480612000000519e+02
5.860139636000000110e+02
5.910256590000000188e+02
5.959384923999999728e+02
6.006901474999999664e+02
6.056137575000000197e+02
6.105592152000000397e+02
6.153409768999999869e+02
6.203327944999999772e+02
6.251773348000000396e+02
6.300093911000000162e+02
6.350515235000000303e+02
6.399604971999999634e+02
6.448586805999999569e+02
6.499001402999999755e+02
6.548624396999999817e+02
6.597607779999999593e+02
6.648076855000000478e+02
6.698584405000000288e+02
6.749035657999999103e+02
6.800756454000000986e+02
6.852239247000001114e+02
6.901460763999999699e+02
6.952329118999999764e+02
7.002397165000000996e+02
7.051848003999999719e+02
7.103323609000000260e+02
