7.444447278976440430e-01
7.266668677330017090e-01
8.255556225776672363e-01
8.077781200408935547e-01
7.866670489311218262e-01
4.433335363864898682e-01
8.133333325386047363e-01
8.566667437553405762e-01
7.199997901916503906e-01
7.988889813423156738e-01
8.044444322586059570e-01
7.099996209144592285e-01
8.033333420753479004e-01
8.488891124725341797e-01
8.333331942558288574e-01
9.322218298912048340e-01
7.788888812065124512e-01
8.155558109283447266e-01
6.355553269386291504e-01
7.277780771255493164e-01
8.355557918548583984e-01
6.744441986083984375e-01
7.088887095451354980e-01
6.466664075851440430e-01
6.499996781349182129e-01
7.166668176651000977e-01
7.844445109367370605e-01
7.422221302986145020e-01
7.977778911590576172e-01
5.844444632530212402e-01
6.566663384437561035e-01
4.033334851264953613e-01
3.988890945911407471e-01
4.455556869506835938e-01
7.211111187934875488e-01
4.700001180171966553e-01
6.644445657730102539e-01
7.722222805023193359e-01
4.122222959995269775e-01
7.455556988716125488e-01
6.688888072967529297e-01
7.122219204902648926e-01
7.555558085441589355e-01
7.100001573562622070e-01
7.422224283218383789e-01
7.655557394027709961e-01
7.677780985832214355e-01
5.766664743423461914e-01
6.077775359153747559e-01
7.866666316986083984e-01
6.511108279228210449e-01
7.477781772613525391e-01
6.777774691581726074e-01
6.199996471405029297e-01
6.799997091293334961e-01
7.266668677330017090e-01
6.966664791107177734e-01
8.100002408027648926e-01
7.666664719581604004e-01
8.733329772949218750e-01
8.022223711013793945e-01
6.588886380195617676e-01
7.211107611656188965e-01
6.322218179702758789e-01
7.511115074157714844e-01
8.288887143135070801e-01
8.488891124725341797e-01
8.733332753181457520e-01
8.633330464363098145e-01
7.622223496437072754e-01
5.533331036567687988e-01
8.277776837348937988e-01
8.888884782791137695e-01
8.999996185302734375e-01
7.533335685729980469e-01
7.700001597404479980e-01
7.466667890548706055e-01
7.066662311553955078e-01
8.077779412269592285e-01
6.544442772865295410e-01
7.199997901916503906e-01
6.677774786949157715e-01
8.133335709571838379e-01
8.822222352027893066e-01
8.333336114883422852e-01
7.433332800865173340e-01
7.577781081199645996e-01
7.466669678688049316e-01
7.611113786697387695e-01
7.655556201934814453e-01
7.822225689888000488e-01
8.855553269386291504e-01
8.699997067451477051e-01
9.099999070167541504e-01
8.333334326744079590e-01
7.999999523162841797e-01
8.222221136093139648e-01
7.433335781097412109e-01
7.033331394195556641e-01
