8.473878400000000255e+00
1.161359839999999899e+01
1.478574569999999966e+01
1.792464700000000022e+01
2.103609669999999809e+01
2.423612220000000050e+01
2.733829309999999779e+01
3.050543910000000025e+01
3.368891330000000295e+01
3.683539690000000633e+01
3.997839670000000467e+01
4.316239500000000362e+01
4.629329330000000198e+01
4.943266000000000560e+01
5.261524530000000510e+01
5.576420920000000336e+01
5.890736370000000477e+01
6.207409320000000008e+01
6.520412979999998981e+01
6.834161749999999813e+01
7.239784889999999962e+01
8.002689999999999770e+01
8.867326140000000123e+01
9.680975209999999720e+01
1.043834612999999933e+02
1.117046392999999966e+02
1.183935374999999937e+02
1.254659800999999959e+02
1.315398174000000040e+02
1.391881281000000001e+02
1.470408979999999985e+02
1.542392978000000028e+02
1.614870152999999959e+02
1.688566893999999934e+02
1.757395909999999901e+02
1.827324620999999922e+02
1.905989212000000066e+02
1.976184930000000008e+02
2.030406590000000051e+02
2.100024266000000068e+02
2.167117704000000060e+02
2.271034400000000062e+02
2.350681308999999999e+02
2.438616642000000070e+02
2.544905272000000025e+02
2.612884084000000371e+02
2.698064765999999963e+02
2.779381294000000366e+02
2.884369075000000180e+02
2.987753398000000402e+02
3.084404638000000318e+02
3.188622281000000385e+02
3.255883713000000057e+02
3.328911540000000286e+02
3.442889949999999999e+02
3.573753625000000511e+02
3.708272399000000519e+02
3.836702393000000484e+02
3.958376476000000252e+02
4.077005042000000117e+02
4.206750842000000148e+02
4.336919017000000167e+02
4.436840815000000475e+02
4.493753470999999990e+02
4.601938165000000254e+02
4.680224170000000186e+02
4.780391881000000467e+02
4.885533101000000329e+02
4.960095587000000137e+02
5.041426491000000283e+02
5.142432145000000219e+02
5.240399594000000434e+02
5.315982920999999806e+02
5.385409315000000561e+02
5.473729097000000365e+02
5.545900453000000425e+02
5.640103755999999748e+02
5.732808617000000595e+02
5.798798242999999957e+02
5.882074589999999716e+02
5.979694835999999896e+02
6.056370199000000412e+02
6.167710983000000624e+02
6.292357547999999952e+02
6.412657255999999961e+02
6.541225172000000612e+02
6.646677402000000257e+02
6.758291244000000688e+02
6.875418561000000182e+02
7.003013558999999759e+02
7.122175280000000157e+02
7.254954106999999794e+02
7.381206088999999793e+02
7.497322179000000233e+02
7.588855975000000171e+02
7.685675142999999707e+02
7.790500938000000133e+02
7.907477449000000433e+02
8.023491433000000370e+02
