4.335967451333999634e-02
4.066389426589012146e-02
3.950595483183860779e-02
4.084163531661033630e-02
4.126793891191482544e-02
4.046892747282981873e-02
4.124845936894416809e-02
4.035757854580879211e-02
4.076515510678291321e-02
4.129067435860633850e-02
4.314754903316497803e-02
4.195845499634742737e-02
4.397288709878921509e-02
4.327748715877532959e-02
4.129939526319503784e-02
4.199878126382827759e-02
4.300805926322937012e-02
4.354306682944297791e-02
4.288908839225769043e-02
4.374073073267936707e-02
4.410001263022422791e-02
4.495109990239143372e-02
4.369451850652694702e-02
4.397640377283096313e-02
4.560288041830062866e-02
4.382844269275665283e-02
4.326258227229118347e-02
4.385039210319519043e-02
4.517856240272521973e-02
4.406128823757171631e-02
4.547008499503135681e-02
4.174740239977836609e-02
3.745080903172492981e-02
3.445685654878616333e-02
3.237487375736236572e-02
3.158849105238914490e-02
3.001166135072708130e-02
2.981058880686759949e-02
2.893917076289653778e-02
2.832443080842494965e-02
2.771374396979808807e-02
2.821367792785167694e-02
2.994937822222709656e-02
2.810084633529186249e-02
2.856785058975219727e-02
2.861128561198711395e-02
2.765376307070255280e-02
2.734491415321826935e-02
2.858241088688373566e-02
2.793864533305168152e-02
2.737141586840152740e-02
2.674627490341663361e-02
2.721429988741874695e-02
2.788810245692729950e-02
2.726527862250804901e-02
2.738915942609310150e-02
2.784979157149791718e-02
2.738425880670547485e-02
2.698772028088569641e-02
2.788581140339374542e-02
3.288690745830535889e-02
3.055732510983943939e-02
2.959639392793178558e-02
2.879158034920692444e-02
2.809775434434413910e-02
2.775992639362812042e-02
2.683998271822929382e-02
2.640545368194580078e-02
2.492305822670459747e-02
2.541624940931797028e-02
2.604857645928859711e-02
2.589932270348072052e-02
2.585230767726898193e-02
2.600327506661415100e-02
2.586654014885425568e-02
2.557218261063098907e-02
2.502786181867122650e-02
2.526926249265670776e-02
2.475300617516040802e-02
2.506121248006820679e-02
2.546748891472816467e-02
2.508855983614921570e-02
2.498021535575389862e-02
2.554950676858425140e-02
2.557865902781486511e-02
3.172449767589569092e-02
2.994003519415855408e-02
2.955893427133560181e-02
2.737618237733840942e-02
2.770373411476612091e-02
2.623109519481658936e-02
2.555064670741558075e-02
2.481235004961490631e-02
2.505626529455184937e-02
2.447195537388324738e-02
2.456314861774444580e-02
2.492242120206356049e-02
2.485685423016548157e-02
2.419554255902767181e-02
2.411971800029277802e-02
2.356174960732460022e-02
2.451237849891185760e-02
2.341925911605358124e-02
2.387132495641708374e-02
2.366608940064907074e-02
2.451595477759838104e-02
2.298825047910213470e-02
2.354892529547214508e-02
2.402208559215068817e-02
2.380762808024883270e-02
2.395342290401458740e-02
2.374866977334022522e-02
2.390360273420810699e-02
2.326505258679389954e-02
2.424478344619274139e-02
2.818973362445831299e-02
2.778109349310398102e-02
2.602742984890937805e-02
2.568605355918407440e-02
2.571269124746322632e-02
2.460045553743839264e-02
2.390450239181518555e-02
2.448972500860691071e-02
2.431590482592582703e-02
2.408139407634735107e-02
2.420868165791034698e-02
2.339493483304977417e-02
2.362330444157123566e-02
2.294505387544631958e-02
2.269487828016281128e-02
2.231853641569614410e-02
2.213531546294689178e-02
2.240103296935558319e-02
2.160533703863620758e-02
2.205342054367065430e-02
2.216428704559803009e-02
2.269426546990871429e-02
2.169996686279773712e-02
2.192714437842369080e-02
2.267988026142120361e-02
2.810220047831535339e-02
2.599496580660343170e-02
2.493273466825485229e-02
2.476163208484649658e-02
2.351507730782032013e-02
2.399351447820663452e-02
2.317484095692634583e-02
2.297804132103919983e-02
2.327411435544490814e-02
2.229947969317436218e-02
2.176641486585140228e-02
2.160327695310115814e-02
2.165298908948898315e-02
2.159112878143787384e-02
2.085623890161514282e-02
2.061349712312221527e-02
2.088222652673721313e-02
2.117278799414634705e-02
2.030140347778797150e-02
2.101112902164459229e-02
2.106354013085365295e-02
2.043772675096988678e-02
2.052588760852813721e-02
2.060255035758018494e-02
2.012834139168262482e-02
2.075771801173686981e-02
2.056734077632427216e-02
1.980027183890342712e-02
2.048366703093051910e-02
1.998733729124069214e-02
2.027619630098342896e-02
2.036135643720626831e-02
1.991321519017219543e-02
1.904965564608573914e-02
2.036783285439014435e-02
2.021988667547702789e-02
1.956911385059356689e-02
1.983979530632495880e-02
1.965872384607791901e-02
1.990225911140441895e-02
1.935910992324352264e-02
1.978656277060508728e-02
1.956304721534252167e-02
1.965975761413574219e-02
1.876268535852432251e-02
1.941344887018203735e-02
1.915482245385646820e-02
1.855809800326824188e-02
1.960996352136135101e-02
1.916046813130378723e-02
1.914514042437076569e-02
1.932164281606674194e-02
1.888872683048248291e-02
1.854912005364894867e-02
1.888554170727729797e-02
1.876914687454700470e-02
1.858636923134326935e-02
1.921390555799007416e-02
1.936492510139942169e-02
2.523267269134521484e-02
2.329837344586849213e-02
2.401498705148696899e-02
2.317789755761623383e-02
2.210742421448230743e-02
2.201623655855655670e-02
2.196170017123222351e-02
2.173488400876522064e-02
2.089825645089149475e-02
2.029459178447723389e-02
2.104524895548820496e-02
2.029464207589626312e-02
2.024741657078266144e-02
2.043944783508777618e-02
2.040201425552368164e-02
2.061301469802856445e-02
2.035140804946422577e-02
1.976468972861766815e-02
2.026677876710891724e-02
1.983712241053581238e-02
1.932792924344539642e-02
1.996254175901412964e-02
1.993064768612384796e-02
1.921578310430049896e-02
1.923605799674987793e-02
2.005643211305141449e-02
1.990278623998165131e-02
1.945389062166213989e-02
1.956946402788162231e-02
1.849464513361454010e-02
1.868934184312820435e-02
1.908069290220737457e-02
1.901215873658657074e-02
1.908857375383377075e-02
1.839470304548740387e-02
1.832764595746994019e-02
1.816697418689727783e-02
1.855875551700592041e-02
1.856266520917415619e-02
1.878499798476696014e-02
1.827031187713146210e-02
1.799623481929302216e-02
1.860713213682174683e-02
1.798632182180881500e-02
1.872413232922554016e-02
1.803473010659217834e-02
1.826960965991020203e-02
1.864345371723175049e-02
1.807714253664016724e-02
1.762195862829685211e-02
1.768507435917854309e-02
1.798902824521064758e-02
1.792188920080661774e-02
1.766576059162616730e-02
1.798214949667453766e-02
1.781360059976577759e-02
1.695628091692924500e-02
1.822673901915550232e-02
