2.321736980000000017e+01
4.277924769999999910e+01
6.172475649999999803e+01
8.030995599999999968e+01
9.991305529999999635e+01
1.189923311000000012e+02
1.380012053000000094e+02
1.584350235999999938e+02
1.780333860000000072e+02
1.968714075000000037e+02
2.166133413999999959e+02
2.359596570999999869e+02
2.548228914999999972e+02
2.745262205999999878e+02
2.939378952999999797e+02
3.148195754999999849e+02
3.374720778999999879e+02
3.596018002999999794e+02
3.789716152999999963e+02
3.990630257999999912e+02
4.180920431999999778e+02
4.363129345999999487e+02
4.545616847000000007e+02
4.734557806999999912e+02
4.936018459000000007e+02
5.133795119000000113e+02
5.319506299000000809e+02
5.500726346000000149e+02
5.686093004000000519e+02
5.867927159000000756e+02
6.045053752000000031e+02
6.246903616000000738e+02
6.434583167000000685e+02
6.620853058999999803e+02
6.814746108000000504e+02
7.003097344999999905e+02
7.187588572000000795e+02
7.378820004000000381e+02
7.571399587000000793e+02
7.752645147000000634e+02
7.952924780000000737e+02
8.149492827999999918e+02
8.337615358000000469e+02
8.529184943999999859e+02
8.721143832999999859e+02
8.905902369000000363e+02
9.095904797000000599e+02
9.284424532000000454e+02
9.474646324999999933e+02
9.682199064000000135e+02
9.877902270000000726e+02
1.007570495100000016e+03
1.027219457400000010e+03
1.046804956899999979e+03
1.065929277899999988e+03
1.086290909999999940e+03
1.106552123400000028e+03
1.126504679599999918e+03
1.146493607299999894e+03
1.166576288099999829e+03
1.186466146699999854e+03
1.206915927599999804e+03
1.227076435199999878e+03
1.247194454699999824e+03
1.268177753199999870e+03
1.288679407500000025e+03
1.308747788099999980e+03
1.329503174199999876e+03
1.349664029399999890e+03
1.369388341899999887e+03
1.390301060799999959e+03
1.410580721299999823e+03
1.430565512299999909e+03
1.451245825499999910e+03
1.471370930799999996e+03
1.491344310799999903e+03
1.512097757499999943e+03
1.532410427699999900e+03
1.552486605599999848e+03
1.573265315899999905e+03
1.592792259299999841e+03
1.611330281899999818e+03
1.630918098299999883e+03
1.650129449299999806e+03
1.668805640199999971e+03
1.688288733699999966e+03
1.707248878599999898e+03
1.725786333799999966e+03
1.745435420999999906e+03
1.764443284399999811e+03
1.783088196799999878e+03
1.802505574000000024e+03
1.821841089000000011e+03
1.840414935699999887e+03
1.859853625399999828e+03
1.878892169599999988e+03
1.897516053199999988e+03
1.917162165999999843e+03
1.936077978399999893e+03
1.954655011199999990e+03
1.974171991499999876e+03
1.993366738599999962e+03
2.011914445499999829e+03
2.031625626599999805e+03
2.050584920100000090e+03
2.069107912500000111e+03
2.088815109200000279e+03
2.107831386500000008e+03
2.126661409900000308e+03
2.146148927700000058e+03
2.165325638400000116e+03
2.184250901300000351e+03
2.203869790000000194e+03
2.223017039900000327e+03
2.241855966500000250e+03
2.261512150800000200e+03
2.280936459700000341e+03
2.299674623700000211e+03
2.319359808000000157e+03
2.338368541600000299e+03
2.357268987200000083e+03
2.377024215200000071e+03
2.396240760600000158e+03
2.415446523300000081e+03
2.435188071900000068e+03
2.454570549600000049e+03
2.473474808700000267e+03
2.493106978300000264e+03
2.512242477700000109e+03
2.530797424100000171e+03
2.550703427400000237e+03
2.569846261300000151e+03
2.588643870400000196e+03
2.608181724900000063e+03
2.627402593199999956e+03
2.646452168000000256e+03
2.666117925100000321e+03
2.685444548299999951e+03
2.704344061600000259e+03
2.724168564200000219e+03
2.743642858700000033e+03
2.762482260000000224e+03
2.782201178000000255e+03
2.801469236700000238e+03
2.820437313300000369e+03
2.840413691300000210e+03
2.859772059300000365e+03
2.879054382799999985e+03
2.899284736999999950e+03
2.918658617699999922e+03
2.937935942000000068e+03
2.957717264500000056e+03
2.977483539500000006e+03
2.996517125900000337e+03
3.016439027500000066e+03
3.035647740200000044e+03
3.054960390100000041e+03
3.074704302699999971e+03
3.094282501300000149e+03
3.113510642700000062e+03
3.133596304200000304e+03
3.152998891100000037e+03
3.172198549500000354e+03
3.192242223200000353e+03
3.211958355499999925e+03
3.231372832600000038e+03
3.251349767100000008e+03
3.271255023200000323e+03
3.290785799100000077e+03
3.310946783900000355e+03
3.330632192400000349e+03
3.349988247499999943e+03
3.370565466600000036e+03
3.390435562900000150e+03
3.409938341100000343e+03
3.430041630000000168e+03
3.449822523100000126e+03
3.469177219600000171e+03
3.489283810599999924e+03
3.508936102099999971e+03
3.528263835200000358e+03
3.548373359200000323e+03
3.568016014400000131e+03
3.587141232400000263e+03
3.607061795300000085e+03
3.626638897199999974e+03
3.645570282399999996e+03
3.665461886100000356e+03
3.685006576400000085e+03
3.704325398200000109e+03
3.724653635900000154e+03
3.744319961000000148e+03
3.763269426300000305e+03
3.783230743000000075e+03
3.802932262499999979e+03
3.822051130700000158e+03
3.841985028100000363e+03
3.861567454100000305e+03
3.880691251799999918e+03
3.900925434799999948e+03
3.920816195300000345e+03
3.940065096400000130e+03
3.960104225000000042e+03
3.979700568900000235e+03
3.999167814500000077e+03
4.019209593999999925e+03
4.038853551300000163e+03
4.058244869099999960e+03
4.078606317499999932e+03
4.098277679300000273e+03
4.117631123899999693e+03
4.138053459100000509e+03
4.157714727200000198e+03
4.177318075700000009e+03
4.197662301700000171e+03
4.217566662899999756e+03
4.237444863599999735e+03
4.258149724300000344e+03
4.278299227700000301e+03
4.298489033300000301e+03
4.319067997400000422e+03
4.339397509299999911e+03
4.359375952999999754e+03
4.379842842400000336e+03
4.400215495000000374e+03
4.420331596600000012e+03
4.440967711799999961e+03
4.461331630399999995e+03
4.481096472700000049e+03
4.501539426199999980e+03
4.521575885500000368e+03
4.541277289999999994e+03
4.561821099200000390e+03
4.581922538700000587e+03
4.601665762300000097e+03
4.622054932500000177e+03
4.642317302600000403e+03
4.662074969899999815e+03
4.682610342400000263e+03
4.702766195600000174e+03
4.722609015099999851e+03
4.742960979500000576e+03
4.762926103800000419e+03
4.782704810500000349e+03
4.803177282200000263e+03
4.823241240700000162e+03
4.842971719799999846e+03
4.863270077099999980e+03
4.883348567699999876e+03
4.903228461700000480e+03
4.923893131800000447e+03
4.944170613000000230e+03
4.963827639000000090e+03
4.984476687299999867e+03
5.004590110500000264e+03
5.024580306800000471e+03
5.045335723700000017e+03
