8.315162360668182373e-02
3.005760349333286285e-02
2.506845816969871521e-02
2.417924627661705017e-02
2.330429479479789734e-02
2.512480877339839935e-02
2.493624202907085419e-02
2.689249254763126373e-02
2.406178787350654602e-02
2.396404556930065155e-02
2.235355041921138763e-02
2.500874921679496765e-02
2.476032078266143799e-02
2.242368087172508240e-02
2.382029034197330475e-02
2.464914694428443909e-02
2.528833411633968353e-02
3.076617047190666199e-02
3.056631982326507568e-02
2.934861741960048676e-02
2.622520737349987030e-02
2.536480873823165894e-02
2.466683462262153625e-02
2.107256278395652771e-02
1.677572727203369141e-02
1.429140008985996246e-02
1.156839635223150253e-02
1.049862336367368698e-02
9.729579091072082520e-03
9.380551986396312714e-03
8.409373462200164795e-03
7.996656000614166260e-03
7.907175458967685699e-03
7.250360213220119476e-03
6.866589654237031937e-03
6.176898721605539322e-03
6.106374785304069519e-03
5.682596005499362946e-03
5.710217636078596115e-03
5.390434060245752335e-03
4.781339317560195923e-03
4.706947132945060730e-03
4.505310207605361938e-03
4.401887767016887665e-03
4.278424195945262909e-03
4.203777294605970383e-03
4.232151899486780167e-03
3.455835860222578049e-03
3.746230388060212135e-03
3.300637006759643555e-03
3.663390874862670898e-03
3.305363003164529800e-03
3.246509237214922905e-03
3.496008692309260368e-03
3.319681389257311821e-03
2.853747922927141190e-03
2.793894615024328232e-03
2.853547455742955208e-03
3.116203006356954575e-03
2.922129118815064430e-03
2.605057554319500923e-03
2.874994650483131409e-03
2.751712920144200325e-03
2.535905223339796066e-03
2.862960333004593849e-03
2.777363872155547142e-03
2.514075255021452904e-03
2.456729998812079430e-03
2.591060707345604897e-03
2.485249424353241920e-03
2.078095218166708946e-03
2.122883917763829231e-03
2.400038763880729675e-03
2.477310597896575928e-03
2.431378932669758797e-03
2.181206829845905304e-03
2.221719361841678619e-03
2.091164933517575264e-03
2.166368532925844193e-03
2.451374195516109467e-03
