2.232404900000005910e+00
3.201950400000015406e+00
4.157505000000014661e+00
5.098208900000003041e+00
6.052073100000001205e+00
6.998021700000009560e+00
7.945579900000012685e+00
8.887721099999993157e+00
9.843382300000001806e+00
1.078729799999999273e+01
1.174128659999999513e+01
1.270367250000001036e+01
1.365505899999999428e+01
1.461241849999998976e+01
1.557945019999999658e+01
1.653157540000000836e+01
1.749530580000001123e+01
2.063807429999999954e+01
2.354424009999999612e+01
2.676185739999999669e+01
2.976096400000000131e+01
3.298196649999999863e+01
3.605275660000000926e+01
3.905431409999999914e+01
4.200647759999998243e+01
4.496539799999999332e+01
4.794902209999997922e+01
5.085596670000001041e+01
5.377854159999998274e+01
5.672938770000001796e+01
5.966922269999997752e+01
6.264317240000002585e+01
6.559541100000001279e+01
6.855770319999999174e+01
7.152194259999998849e+01
7.448881970000002184e+01
7.743617799999998397e+01
8.040777530000002571e+01
8.336436400000002322e+01
8.632296700000000556e+01
8.923801109999999426e+01
9.220604190000000244e+01
9.516894880000000967e+01
9.810869700000000648e+01
1.010840178000000265e+02
1.040265550000000303e+02
1.069882855999999833e+02
1.099338237000000049e+02
1.128975227999999902e+02
1.158516172000000211e+02
1.191253699000000097e+02
1.220914652999999817e+02
1.250617541999999958e+02
1.280126367000000300e+02
1.309756489999999758e+02
1.339410212999999885e+02
1.368848242000000255e+02
1.398366186000000084e+02
1.427873688000000243e+02
1.457196524999999951e+02
1.486726580000000126e+02
1.516368380999999772e+02
1.545972497000000203e+02
1.575488439000000085e+02
1.605469840000000090e+02
1.634824141999999938e+02
1.664562779999999975e+02
1.694363731000000257e+02
1.723922330999999986e+02
1.753639921999999842e+02
1.783476354000000015e+02
1.812802758999999924e+02
1.842212271999999871e+02
1.872110958000000096e+02
1.901241201999999930e+02
1.930785566000000131e+02
1.960693219999999997e+02
1.990220803000000274e+02
2.020131069999999909e+02
2.049901280999999926e+02
