7.709335088729858398e-01
8.156049251556396484e-01
8.406115770339965820e-01
8.562366962432861328e-01
8.679553270339965820e-01
8.763354420661926270e-01
8.825455307960510254e-01
8.883880972862243652e-01
8.910924196243286133e-01
8.952324390411376953e-01
8.981369733810424805e-01
9.023438096046447754e-01
9.026442766189575195e-01
9.059495329856872559e-01
9.084869027137756348e-01
9.088207483291625977e-01
9.081197977066040039e-01
9.097556471824645996e-01
9.128939509391784668e-01
9.102563858032226562e-01
9.140959382057189941e-01
9.153312444686889648e-01
9.174345731735229492e-01
9.164663553237915039e-01
9.176683425903320312e-01
9.184027314186096191e-01
9.205728769302368164e-01
9.208399057388305664e-01
9.202057123184204102e-01
9.201055765151977539e-01
9.217081069946289062e-01
9.224760532379150391e-01
9.235109090805053711e-01
9.235443472862243652e-01
9.246127009391784668e-01
9.232771992683410645e-01
9.240451455116271973e-01
9.248797893524169922e-01
9.275173544883728027e-01
9.268831014633178711e-01
9.268830418586730957e-01
9.273838400840759277e-01
9.263823032379150391e-01
9.293870329856872559e-01
9.278846979141235352e-01
9.264489412307739258e-01
9.306557178497314453e-01
9.306557774543762207e-01
9.309227466583251953e-01
9.308893680572509766e-01
9.295205473899841309e-01
9.305888414382934570e-01
9.309227466583251953e-01
9.314569830894470215e-01
9.322249293327331543e-01
9.319576621055603027e-01
9.350960850715637207e-01
9.345953464508056641e-01
9.342948198318481445e-01
9.341614246368408203e-01
9.346287846565246582e-01
9.324919581413269043e-01
9.351629614830017090e-01
9.362980723381042480e-01
9.333266019821166992e-01
9.343615770339965820e-01
9.344952106475830078e-01
9.360977411270141602e-01
9.357305169105529785e-01
9.358974695205688477e-01
9.353966116905212402e-01
9.356970191001892090e-01
9.357972741127014160e-01
9.379006028175354004e-01
9.350962042808532715e-01
9.352296590805053711e-01
9.357640147209167480e-01
9.356971383094787598e-01
9.390690922737121582e-01
9.385684132575988770e-01
9.380674958229064941e-01
9.354967474937438965e-01
9.379674196243286133e-01
9.375667572021484375e-01
9.377336502075195312e-01
9.380675554275512695e-01
9.394364953041076660e-01
9.384682774543762207e-01
9.376002550125122070e-01
9.394696950912475586e-01
9.395366311073303223e-01
9.382346272468566895e-01
9.384682774543762207e-01
9.400373697280883789e-01
9.396033883094787598e-01
9.388688206672668457e-01
9.394364953041076660e-01
9.389021992683410645e-01
9.390023946762084961e-01
9.396702051162719727e-01
9.021822214126586914e-01
9.042816758155822754e-01
9.048270583152770996e-01
9.059270620346069336e-01
9.062399864196777344e-01
9.065933227539062500e-01
9.071987867355346680e-01
9.079862236976623535e-01
9.090056419372558594e-01
9.091568589210510254e-01
9.102168679237365723e-01
9.098737835884094238e-01
9.114887118339538574e-01
9.127098917961120605e-01
9.105700850486755371e-01
9.108223915100097656e-01
9.113371372222900391e-01
9.126796126365661621e-01
9.109334945678710938e-01
9.118016362190246582e-01
9.123567342758178711e-01
9.136185646057128906e-01
9.110847115516662598e-01
9.118216037750244141e-01
9.131944179534912109e-01
9.124272465705871582e-01
9.125587344169616699e-01
9.118519425392150879e-01
9.133660793304443359e-01
9.119831323623657227e-01
9.128612875938415527e-01
9.133053421974182129e-01
9.141633510589599609e-01
9.121950864791870117e-01
9.135475754737854004e-01
9.128009080886840820e-01
9.138505458831787109e-01
9.140120148658752441e-01
9.140321612358093262e-01
9.142443537712097168e-01
9.131641983985900879e-01
9.140018224716186523e-01
9.137598872184753418e-01
9.135880470275878906e-01
9.134770035743713379e-01
9.124272465705871582e-01
9.158288836479187012e-01
9.136788845062255859e-01
9.144761562347412109e-01
9.132448434829711914e-01
9.153041243553161621e-01
9.148092865943908691e-01
9.163940548896789551e-01
9.131943583488464355e-01
9.156370759010314941e-01
9.152535796165466309e-01
9.154453873634338379e-01
9.159702658653259277e-01
9.154756069183349609e-01
9.153040647506713867e-01
9.151022434234619141e-01
9.159803390502929688e-01
9.164043664932250977e-01
9.177668094635009766e-01
9.165354967117309570e-01
9.158692359924316406e-01
9.180192351341247559e-01
9.166162014007568359e-01
9.169088602066040039e-01
9.168282151222229004e-01
9.181805849075317383e-01
9.166159629821777344e-01
9.176355600357055664e-01
9.171915054321289062e-01
9.160206913948059082e-01
9.179787039756774902e-01
9.172925949096679688e-01
9.176760911941528320e-01
9.173933267593383789e-01
9.178577065467834473e-01
9.185543656349182129e-01
9.177467226982116699e-01
9.196341633796691895e-01
9.193111062049865723e-01
9.183927774429321289e-01
9.199975728988647461e-01
9.177262783050537109e-01
9.195834994316101074e-01
9.201287627220153809e-01
9.199268221855163574e-01
9.207242131233215332e-01
9.204112887382507324e-01
9.195535182952880859e-01
9.207646846771240234e-01
9.222686290740966797e-01
9.203609228134155273e-01
9.206739068031311035e-01
9.213198423385620117e-01
9.200984835624694824e-01
9.214005470275878906e-01
