1.139339357614517212e-01
8.342769742012023926e-02
6.718989461660385132e-02
5.878621339797973633e-02
5.252902209758758545e-02
4.825514927506446838e-02
4.499430209398269653e-02
4.139244928956031799e-02
3.830942139029502869e-02
3.569598495960235596e-02
3.402762487530708313e-02
3.180696815252304077e-02
2.992484718561172485e-02
2.765875123441219330e-02
2.630673348903656006e-02
2.517974935472011566e-02
2.317509427666664124e-02
2.207362093031406403e-02
2.112695947289466858e-02
2.031564712524414062e-02
1.899339072406291962e-02
1.845298707485198975e-02
1.752460934221744537e-02
1.665763929486274719e-02
1.607089489698410034e-02
1.498801168054342270e-02
1.433002855628728867e-02
1.368155889213085175e-02
1.304885279387235641e-02
1.270623505115509033e-02
1.212439965456724167e-02
1.169142685830593109e-02
1.104926317930221558e-02
1.062792632728815079e-02
1.043695770204067230e-02
1.014747936278581619e-02
9.828428737819194794e-03
9.641278535127639771e-03
9.026329964399337769e-03
8.876897394657135010e-03
8.709144778549671173e-03
8.520404808223247528e-03
8.256330154836177826e-03
8.047599345445632935e-03
7.831485010683536530e-03
7.779612205922603607e-03
7.418545428663492203e-03
7.207881659269332886e-03
7.144508417695760727e-03
6.896114442497491837e-03
6.687343120574951172e-03
6.623872090131044388e-03
6.577202584594488144e-03
6.418789736926555634e-03
6.169058382511138916e-03
6.053404416888952255e-03
5.922162439674139023e-03
6.030661053955554962e-03
5.828284658491611481e-03
5.665900651365518570e-03
5.591316614300012589e-03
5.444060545414686203e-03
5.514852236956357956e-03
5.341572687029838562e-03
5.228559020906686783e-03
5.345168057829141617e-03
5.217906087636947632e-03
5.050709471106529236e-03
4.988320171833038330e-03
4.914783872663974762e-03
4.845245275646448135e-03
4.812531173229217529e-03
4.752237349748611450e-03
4.720238503068685532e-03
4.761577583849430084e-03
4.515854176133871078e-03
4.528215620666742325e-03
4.490874242037534714e-03
4.506886471062898636e-03
4.369928967207670212e-03
4.334575962275266647e-03
4.516797605901956558e-03
1.202757563441991806e-02
1.136692706495523453e-02
1.088422164320945740e-02
1.053854450583457947e-02
1.019403804093599319e-02
9.855611249804496765e-03
9.720521979033946991e-03
9.355417452752590179e-03
9.076039306819438934e-03
8.898956701159477234e-03
8.820868097245693207e-03
8.522340096533298492e-03
8.488747291266918182e-03
8.246866054832935333e-03
8.151331916451454163e-03
7.985705509781837463e-03
7.902277633547782898e-03
7.751010358333587646e-03
7.485320791602134705e-03
7.438387721776962280e-03
7.308976259082555771e-03
7.283905521035194397e-03
7.184368092566728592e-03
7.064330857247114182e-03
6.963797379285097122e-03
6.798922084271907806e-03
6.736785173416137695e-03
6.691348273307085037e-03
6.596836261451244354e-03
6.444804370403289795e-03
6.530016660690307617e-03
6.329235155135393143e-03
6.218810565769672394e-03
6.118862424045801163e-03
6.088036578148603439e-03
6.029842887073755264e-03
5.994339473545551300e-03
5.958617199212312698e-03
5.852559115737676620e-03
5.784409586340188980e-03
5.632138345390558243e-03
5.610610358417034149e-03
5.594554357230663300e-03
5.492494907230138779e-03
5.488482303917407990e-03
5.312043707817792892e-03
5.296467337757349014e-03
5.287867505103349686e-03
5.337709560990333557e-03
5.244093481451272964e-03
5.105248652398586273e-03
5.090986378490924835e-03
4.994948394596576691e-03
5.023607984185218811e-03
4.977304954081773758e-03
4.930656403303146362e-03
4.804247990250587463e-03
4.781810101121664047e-03
4.758142866194248199e-03
4.661330953240394592e-03
4.757547751069068909e-03
4.665159154683351517e-03
4.586810246109962463e-03
4.586976021528244019e-03
4.526531323790550232e-03
4.605770576745271683e-03
4.463755525648593903e-03
4.499088507145643234e-03
4.403717815876007080e-03
4.372870083898305893e-03
4.320858046412467957e-03
4.290056414902210236e-03
4.383156076073646545e-03
4.243700765073299408e-03
4.207800142467021942e-03
4.152064211666584015e-03
4.146682098507881165e-03
4.071640782058238983e-03
4.128002095967531204e-03
4.056285601109266281e-03
4.017808008939027786e-03
3.972548060119152069e-03
3.925429191440343857e-03
3.944047261029481888e-03
3.905462799593806267e-03
3.910067025572061539e-03
3.890371415764093399e-03
3.839090932160615921e-03
3.804886946454644203e-03
3.812393872067332268e-03
3.754439996555447578e-03
3.688715165480971336e-03
3.685497213155031204e-03
3.729825373739004135e-03
3.665096126496791840e-03
3.625490004196763039e-03
3.618436632677912712e-03
3.675272455438971519e-03
