8.870039999999999480e+00
1.289163519999999963e+01
1.695819579999999860e+01
2.109953420000000079e+01
2.527634779999999637e+01
2.927629699999999957e+01
3.327232440000000224e+01
3.743750119999999981e+01
4.149934550000000399e+01
4.548560580000000186e+01
4.949846550000000178e+01
5.352875000000000227e+01
5.765035100000000057e+01
6.171577589999999702e+01
6.580939170000000615e+01
7.794245560000000239e+01
9.045221730000000093e+01
1.024940944000000087e+02
1.145058675000000079e+02
1.265231384000000077e+02
1.386279806999999948e+02
1.504537981000000002e+02
1.622783325999999988e+02
1.743625635999999872e+02
1.864663256999999987e+02
1.989231889999999794e+02
2.110908006999999884e+02
2.231612753999999939e+02
2.353254173999999921e+02
2.485501948999999797e+02
