4.204628989100456238e-02
3.961655497550964355e-02
4.004614800214767456e-02
4.099033400416374207e-02
4.305311664938926697e-02
4.057858139276504517e-02
4.121115058660507202e-02
4.064884781837463379e-02
3.932161629199981689e-02
4.007637500762939453e-02
3.920239955186843872e-02
4.177447780966758728e-02
3.973035514354705811e-02
4.074409604072570801e-02
3.918927535414695740e-02
4.105208441615104675e-02
4.231759160757064819e-02
4.302413389086723328e-02
4.555419087409973145e-02
4.609754681587219238e-02
4.473846033215522766e-02
4.407349973917007446e-02
4.460993409156799316e-02
4.600749537348747253e-02
4.443411901593208313e-02
4.338190704584121704e-02
4.414357617497444153e-02
4.439714550971984863e-02
4.366110637784004211e-02
4.485140740871429443e-02
4.544977098703384399e-02
4.416872188448905945e-02
4.388424009084701538e-02
4.330397769808769226e-02
4.207823798060417175e-02
4.481061920523643494e-02
4.586157947778701782e-02
4.540142416954040527e-02
4.533136263489723206e-02
4.592536389827728271e-02
4.599313810467720032e-02
4.587101936340332031e-02
4.575858265161514282e-02
4.534335434436798096e-02
4.611572623252868652e-02
4.626427590847015381e-02
4.701418802142143250e-02
4.622127488255500793e-02
4.668584838509559631e-02
4.556130990386009216e-02
4.529200494289398193e-02
4.664861038327217102e-02
4.562518000602722168e-02
4.552255198359489441e-02
4.573314264416694641e-02
4.598694294691085815e-02
4.529011249542236328e-02
4.602133855223655701e-02
4.595518112182617188e-02
4.682276770472526550e-02
4.674696922302246094e-02
4.567643254995346069e-02
4.579788073897361755e-02
4.588680341839790344e-02
4.724008589982986450e-02
4.619867727160453796e-02
4.640713706612586975e-02
4.569827020168304443e-02
4.579384252429008484e-02
4.619654640555381775e-02
4.637663066387176514e-02
4.625337198376655579e-02
4.638628661632537842e-02
4.659635946154594421e-02
