8.653093576431274414e-01
8.743056654930114746e-01
8.678032159805297852e-01
8.642361164093017578e-01
8.685132861137390137e-01
8.748738169670104980e-01
8.658142685890197754e-01
8.834278583526611328e-01
8.380109667778015137e-01
8.369046449661254883e-01
8.706742525100708008e-01
8.804462552070617676e-01
8.956797719001770020e-01
9.087448716163635254e-01
9.135069847106933594e-01
9.146826863288879395e-01
9.163494110107421875e-01
9.175445437431335449e-01
9.172024726867675781e-01
9.182142615318298340e-01
8.891437649726867676e-01
8.934999108314514160e-01
8.944492340087890625e-01
8.963926434516906738e-01
8.762019276618957520e-01
8.789100646972656250e-01
8.658195734024047852e-01
8.598922491073608398e-01
8.580371141433715820e-01
