3.631135076284408569e-02
1.101466547697782516e-02
8.940275758504867554e-03
7.727010175585746765e-03
6.543607916682958603e-03
5.994034465402364731e-03
5.403973627835512161e-03
4.957838449627161026e-03
4.681693390011787415e-03
4.375273361802101135e-03
4.224651958793401718e-03
4.120833706110715866e-03
3.958637360483407974e-03
3.590045031160116196e-03
3.329616738483309746e-03
3.345042467117309570e-03
3.188865492120385170e-03
3.115286119282245636e-03
3.101776354014873505e-03
2.884955611079931259e-03
2.605666872113943100e-03
2.689494518563151360e-03
2.572571393102407455e-03
2.530895872041583061e-03
2.385765779763460159e-03
2.229046309366822243e-03
2.456425921991467476e-03
2.261658897623419762e-03
2.251427620649337769e-03
2.200923161581158638e-03
2.093063434585928917e-03
2.125421771779656410e-03
1.976178260520100594e-03
1.904192729853093624e-03
1.984148519113659859e-03
1.867420272901654243e-03
1.961936475709080696e-03
2.010079566389322281e-03
7.869352586567401886e-03
6.808100268244743347e-03
6.413228344172239304e-03
6.063498556613922119e-03
5.963840521872043610e-03
5.901303142309188843e-03
5.455479491502046585e-03
5.464877001941204071e-03
5.294451490044593811e-03
5.198377650231122971e-03
5.295928101986646652e-03
5.059592891484498978e-03
4.916313569992780685e-03
4.968262277543544769e-03
4.795507993549108505e-03
4.689441528171300888e-03
4.639778751879930496e-03
4.468482453376054764e-03
4.534057341516017914e-03
4.387276712805032730e-03
4.232098348438739777e-03
4.136489238590002060e-03
4.189498256891965866e-03
4.125581122934818268e-03
4.175061360001564026e-03
4.153560381382703781e-03
