5.187153220176696777e-01
5.029166936874389648e-01
5.147569775581359863e-01
5.300000309944152832e-01
5.311805009841918945e-01
5.221874117851257324e-01
5.280901789665222168e-01
5.167361497879028320e-01
5.112500190734863281e-01
5.242013931274414062e-01
4.951041042804718018e-01
5.284721255302429199e-01
5.280902981758117676e-01
5.733679533004760742e-01
5.618055462837219238e-01
5.389236211776733398e-01
5.556250214576721191e-01
5.564931631088256836e-01
5.317708253860473633e-01
5.754166245460510254e-01
6.584722995758056641e-01
6.514931321144104004e-01
5.710415840148925781e-01
6.036110520362854004e-01
6.410764455795288086e-01
6.432638764381408691e-01
6.176388263702392578e-01
6.572917103767395020e-01
6.472222208976745605e-01
6.306598186492919922e-01
6.295486688613891602e-01
6.897221207618713379e-01
6.541666388511657715e-01
6.378471851348876953e-01
6.222569346427917480e-01
6.619098186492919922e-01
6.396528482437133789e-01
6.255208253860473633e-01
5.832639932632446289e-01
5.813194513320922852e-01
7.095139026641845703e-01
7.185763716697692871e-01
7.091665863990783691e-01
7.150347232818603516e-01
7.124653458595275879e-01
7.171528339385986328e-01
7.109028697013854980e-01
7.091666460037231445e-01
7.119789719581604004e-01
7.193053960800170898e-01
7.115277647972106934e-01
7.197917103767395020e-01
7.099999785423278809e-01
7.104165554046630859e-01
7.148611545562744141e-01
7.241668105125427246e-01
7.138195037841796875e-01
7.167013287544250488e-01
7.160763740539550781e-01
7.223263382911682129e-01
7.134026288986206055e-01
7.082986235618591309e-01
7.101388573646545410e-01
7.148957848548889160e-01
7.134376764297485352e-01
