1.119150519371032715e-01
1.092057228088378906e-01
7.074259966611862183e-02
3.875813633203506470e-02
5.106889083981513977e-02
4.408602789044380188e-02
4.537000134587287903e-02
2.771286666393280029e-02
2.431652508676052094e-02
2.662738040089607239e-02
3.114492818713188171e-02
2.625174820423126221e-02
2.639121375977993011e-02
2.858064137399196625e-02
2.883254364132881165e-02
2.342837303876876831e-02
2.385313436388969421e-02
2.320609614253044128e-02
2.142489701509475708e-02
2.469274029135704041e-02
2.333396114408969879e-02
2.256083674728870392e-02
2.680138871073722839e-02
2.772076800465583801e-02
3.190696239471435547e-02
3.196034580469131470e-02
3.288713097572326660e-02
3.133656457066535950e-02
3.125249966979026794e-02
3.223283216357231140e-02
3.151613846421241760e-02
3.023577295243740082e-02
3.067153878509998322e-02
3.262569010257720947e-02
3.008958883583545685e-02
3.118291683495044708e-02
3.274625912308692932e-02
