1.598578599999996186e+00
1.983047399999996685e+00
2.367390999999997803e+00
2.751725000000000421e+00
3.134607499999994218e+00
3.519034699999998850e+00
3.903257499999995161e+00
4.284647899999995957e+00
4.669097099999994782e+00
5.052295399999998438e+00
5.435689299999999946e+00
5.817736999999993941e+00
6.202445999999994797e+00
6.585745699999996816e+00
6.968153099999994993e+00
7.352379700000000184e+00
7.736763699999997357e+00
8.121169099999995922e+00
8.503481899999997040e+00
8.886812999999996521e+00
9.271195299999995143e+00
9.653523099999993917e+00
1.003452459999999746e+01
1.041928989999999544e+01
1.148318199999999933e+01
1.256149159999999654e+01
1.368204409999999882e+01
1.479114139999999367e+01
1.605993119999999408e+01
1.714996719999999186e+01
1.822187350000000094e+01
1.920562970000000291e+01
2.044450050000000374e+01
2.156763870000000338e+01
2.262130849999999782e+01
2.368108039999999903e+01
2.480596640000000264e+01
