2.819291949272155762e-01
2.714588642120361328e-01
2.636787593364715576e-01
2.589230239391326904e-01
2.550522387027740479e-01
2.538876235485076904e-01
2.489529252052307129e-01
2.478634715080261230e-01
2.443394362926483154e-01
2.415096163749694824e-01
2.416039556264877319e-01
2.378078550100326538e-01
2.368680834770202637e-01
2.349434047937393188e-01
2.329772561788558960e-01
2.310978025197982788e-01
2.294353693723678589e-01
2.282918691635131836e-01
2.259054929018020630e-01
2.249868959188461304e-01
2.232920080423355103e-01
2.204960137605667114e-01
2.198568433523178101e-01
2.180890887975692749e-01
2.175529301166534424e-01
2.151825726032257080e-01
2.138289213180541992e-01
2.125114500522613525e-01
2.122376412153244019e-01
2.101013362407684326e-01
2.090688347816467285e-01
2.085620313882827759e-01
2.078408002853393555e-01
2.072495371103286743e-01
2.057549208402633667e-01
2.043253332376480103e-01
2.034545838832855225e-01
2.026128470897674561e-01
2.003273665904998779e-01
2.008700519800186157e-01
1.983619332313537598e-01
1.977266073226928711e-01
1.974952071905136108e-01
1.961706429719924927e-01
1.960962265729904175e-01
1.953072845935821533e-01
1.937691569328308105e-01
1.926102936267852783e-01
1.930694282054901123e-01
1.921264380216598511e-01
1.913288682699203491e-01
1.906469315290451050e-01
1.892172098159790039e-01
1.890335083007812500e-01
1.880023032426834106e-01
1.868093311786651611e-01
1.873490512371063232e-01
1.857062429189682007e-01
1.858325153589248657e-01
1.847785711288452148e-01
1.843353956937789917e-01
1.848989129066467285e-01
1.836090832948684692e-01
1.828746497631072998e-01
1.821808516979217529e-01
1.817724555730819702e-01
1.816854178905487061e-01
1.805952787399291992e-01
1.801243573427200317e-01
1.798655241727828979e-01
1.793105900287628174e-01
1.791720986366271973e-01
1.787305474281311035e-01
1.775224357843399048e-01
1.775811314582824707e-01
1.774450540542602539e-01
1.761994510889053345e-01
1.758216172456741333e-01
1.754247546195983887e-01
1.756642311811447144e-01
1.746299713850021362e-01
1.741872876882553101e-01
1.733114272356033325e-01
1.736933439970016479e-01
1.729467064142227173e-01
1.736419349908828735e-01
1.728000342845916748e-01
1.724572479724884033e-01
1.718592941761016846e-01
1.720484644174575806e-01
1.710831820964813232e-01
1.709891259670257568e-01
1.704609096050262451e-01
1.707403063774108887e-01
1.703336834907531738e-01
1.690603941679000854e-01
1.689956784248352051e-01
1.693549752235412598e-01
1.686193346977233887e-01
1.679802536964416504e-01
1.706479340791702271e-01
1.678949296474456787e-01
1.669324189424514771e-01
1.655127257108688354e-01
1.638799458742141724e-01
1.631549894809722900e-01
1.620355695486068726e-01
1.603259444236755371e-01
1.595186889171600342e-01
1.584549248218536377e-01
1.577497422695159912e-01
1.566431671380996704e-01
1.551918834447860718e-01
1.543957889080047607e-01
1.532172113656997681e-01
1.528388559818267822e-01
1.514821946620941162e-01
1.506913751363754272e-01
1.500383764505386353e-01
1.492060869932174683e-01
1.476815193891525269e-01
1.468192487955093384e-01
1.462188363075256348e-01
1.453206390142440796e-01
1.440870314836502075e-01
1.437030285596847534e-01
1.429508626461029053e-01
1.417983323335647583e-01
1.411364376544952393e-01
1.400566548109054565e-01
1.395754367113113403e-01
1.385610997676849365e-01
1.376993060111999512e-01
1.369920223951339722e-01
1.359310299158096313e-01
1.353288292884826660e-01
1.344647705554962158e-01
1.335652619600296021e-01
1.331207752227783203e-01
1.324432045221328735e-01
1.314525008201599121e-01
1.309584081172943115e-01
1.300654709339141846e-01
1.294005215167999268e-01
1.282288134098052979e-01
1.275226771831512451e-01
1.267884522676467896e-01
1.267212480306625366e-01
1.258202195167541504e-01
1.247661113739013672e-01
1.239031851291656494e-01
1.238303706049919128e-01
1.228706985712051392e-01
1.219883859157562256e-01
1.211361736059188843e-01
1.203252971172332764e-01
1.200144439935684204e-01
1.192385777831077576e-01
1.184417605400085449e-01
1.177748292684555054e-01
1.170373037457466125e-01
1.161232963204383850e-01
1.152823641896247864e-01
1.148807927966117859e-01
1.137337759137153625e-01
1.132061183452606201e-01
1.124195232987403870e-01
1.118519082665443420e-01
1.109766885638237000e-01
1.099850907921791077e-01
1.093265190720558167e-01
1.087821424007415771e-01
1.081230863928794861e-01
1.075137034058570862e-01
1.067282110452651978e-01
1.058395728468894958e-01
1.054810732603073120e-01
1.046429201960563660e-01
1.038145869970321655e-01
1.033502891659736633e-01
1.026358529925346375e-01
1.017665937542915344e-01
1.012100055813789368e-01
1.005331575870513916e-01
9.949995577335357666e-02
9.891816973686218262e-02
9.805488586425781250e-02
9.747730940580368042e-02
9.670757502317428589e-02
9.630177170038223267e-02
9.557078033685684204e-02
9.495993703603744507e-02
9.401642531156539917e-02
9.305856376886367798e-02
9.263419359922409058e-02
9.195294976234436035e-02
9.142885357141494751e-02
9.065812081098556519e-02
8.985108137130737305e-02
8.865409344434738159e-02
