7.009153962135314941e-01
7.035985589027404785e-01
7.047664523124694824e-01
7.055080533027648926e-01
7.093908786773681641e-01
7.123265266418457031e-01
7.119475603103637695e-01
7.142676711082458496e-01
7.142992019653320312e-01
7.174084782600402832e-01
7.178031802177429199e-01
7.188605070114135742e-01
7.195233702659606934e-01
7.227903008460998535e-01
7.195705771446228027e-01
7.247158288955688477e-01
7.241635322570800781e-01
7.276200056076049805e-01
7.255207300186157227e-01
7.283142805099487305e-01
7.271465063095092773e-01
7.296401262283325195e-01
7.327178120613098145e-01
7.315813899040222168e-01
7.355430126190185547e-01
7.370583415031433105e-01
7.368529438972473145e-01
7.374527454376220703e-01
7.360637784004211426e-01
7.376103401184082031e-01
7.393780350685119629e-01
7.403726577758789062e-01
7.438129186630249023e-01
7.409880757331848145e-01
7.430555820465087891e-01
7.425819635391235352e-01
7.407670617103576660e-01
7.447916269302368164e-01
7.466383576393127441e-01
7.466380596160888672e-01
7.466224431991577148e-01
7.466224431991577148e-01
7.473641037940979004e-01
7.510890364646911621e-01
7.492265701293945312e-01
7.503788471221923828e-01
7.514992952346801758e-01
7.535353899002075195e-01
7.501419782638549805e-01
7.509312033653259277e-01
7.560133337974548340e-01
7.525568604469299316e-01
7.535038590431213379e-01
7.536616325378417969e-01
7.555082440376281738e-01
7.558398246765136719e-01
7.560448646545410156e-01
7.560132145881652832e-01
7.562973499298095703e-01
7.597064375877380371e-01
7.582070231437683105e-01
7.595486640930175781e-01
7.624841928482055664e-01
7.638100981712341309e-01
7.593433856964111328e-01
7.636994123458862305e-01
7.628945708274841309e-01
7.637312412261962891e-01
7.650095224380493164e-01
7.643624544143676758e-01
7.651672959327697754e-01
7.658616304397583008e-01
7.683869004249572754e-01
7.655145525932312012e-01
7.640939950942993164e-01
7.681977152824401855e-01
7.653723955154418945e-01
7.685606479644775391e-01
7.678819894790649414e-01
7.706912755966186523e-01
7.709596157073974609e-01
7.712909579277038574e-01
7.702808976173400879e-01
7.712594270706176758e-01
7.702967524528503418e-01
7.705807685852050781e-01
7.722538113594055176e-01
7.723326683044433594e-01
7.751576304435729980e-01
7.744002342224121094e-01
7.755523920059204102e-01
7.743843793869018555e-01
7.733112573623657227e-01
7.780145406723022461e-01
7.752999067306518555e-01
7.759469747543334961e-01
7.771621942520141602e-01
7.750630378723144531e-01
7.795927524566650391e-01
7.792928814888000488e-01
7.496279478073120117e-01
7.505208253860473633e-01
7.504664063453674316e-01
7.512003779411315918e-01
7.527381181716918945e-01
7.541767954826354980e-01
7.546874284744262695e-01
7.552081346511840820e-01
7.572818398475646973e-01
7.577731013298034668e-01
7.578173875808715820e-01
7.599106431007385254e-01
7.590277791023254395e-01
7.604963779449462891e-01
7.622418403625488281e-01
7.632442116737365723e-01
7.636355757713317871e-01
7.639386057853698730e-01
7.660565972328186035e-01
7.656745314598083496e-01
7.679462432861328125e-01
7.669642567634582520e-01
7.674157619476318359e-01
7.692808508872985840e-01
7.688542604446411133e-01
7.695535421371459961e-01
7.707588672637939453e-01
7.715527415275573730e-01
7.733529210090637207e-01
7.724503874778747559e-01
7.736160755157470703e-01
7.741914391517639160e-01
7.756993174552917480e-01
7.778075933456420898e-01
7.750992178916931152e-01
7.775546908378601074e-01
7.786357998847961426e-01
7.784721851348876953e-01
7.795636057853698730e-01
7.791766524314880371e-01
7.803919315338134766e-01
7.820140123367309570e-01
7.819495797157287598e-01
7.842758893966674805e-01
7.822074890136718750e-01
7.836456894874572754e-01
7.864038348197937012e-01
7.846131324768066406e-01
7.849058508872985840e-01
7.863737940788269043e-01
7.887548208236694336e-01
7.879267334938049316e-01
7.889636158943176270e-01
7.898759245872497559e-01
7.892907857894897461e-01
7.897766828536987305e-01
7.913447022438049316e-01
7.913889884948730469e-01
7.920734286308288574e-01
7.924555540084838867e-01
7.943750023841857910e-01
7.923860549926757812e-01
7.960419654846191406e-01
7.946575880050659180e-01
7.949751615524291992e-01
7.962002754211425781e-01
7.961753606796264648e-01
7.974255084991455078e-01
7.979711890220642090e-01
7.982885837554931641e-01
7.988642454147338867e-01
7.992210388183593750e-01
7.994789481163024902e-01
7.999802827835083008e-01
8.014534115791320801e-01
8.011705875396728516e-01
8.023511767387390137e-01
8.021528720855712891e-01
8.018601536750793457e-01
8.041864633560180664e-01
8.045933246612548828e-01
8.047170639038085938e-01
8.044195771217346191e-01
8.062303066253662109e-01
8.055900931358337402e-01
8.065475821495056152e-01
8.069346547126770020e-01
8.072322010993957520e-01
8.081499338150024414e-01
8.088840246200561523e-01
8.090775012969970703e-01
8.100790977478027344e-01
8.099406361579895020e-01
8.113448023796081543e-01
8.103820681571960449e-01
8.129764199256896973e-01
8.118996024131774902e-01
8.120041489601135254e-01
8.129165172576904297e-01
8.134126663208007812e-01
