6.657985448837280273e-01
8.050410747528076172e-01
8.782953619956970215e-01
9.149947762489318848e-01
9.345261454582214355e-01
9.439299702644348145e-01
9.473059177398681641e-01
9.513567686080932617e-01
9.562596082687377930e-01
9.563721418380737305e-01
9.581885933876037598e-01
9.589282274246215820e-01
9.602139592170715332e-01
9.603266119956970215e-01
9.599730968475341797e-01
9.583012461662292480e-01
9.585905075073242188e-01
9.593621492385864258e-01
9.349046945571899414e-01
9.371569752693176270e-01
9.364711642265319824e-01
9.368399381637573242e-01
9.383119940757751465e-01
9.386736750602722168e-01
9.383536577224731445e-01
9.397082328796386719e-01
9.406034350395202637e-01
9.394341707229614258e-01
9.406909346580505371e-01
9.421687126159667969e-01
9.429363608360290527e-01
9.424429535865783691e-01
9.430830478668212891e-01
9.439465403556823730e-01
9.429351091384887695e-01
9.430223703384399414e-01
9.425575733184814453e-01
