2.053981572389602661e-01
1.420378237962722778e-01
1.018018275499343872e-01
7.003988325595855713e-02
4.975550249218940735e-02
3.730722889304161072e-02
2.937497943639755249e-02
2.557156234979629517e-02
2.204266563057899475e-02
2.110896818339824677e-02
1.953969895839691162e-02
1.932505890727043152e-02
1.818703301250934601e-02
1.728902384638786316e-02
1.771650090813636780e-02
1.800654083490371704e-02
1.739825680851936340e-02
1.751481927931308746e-02
2.826007455587387085e-02
2.657998725771903992e-02
2.546921186149120331e-02
2.436196431517601013e-02
2.352737262845039368e-02
2.282520756125450134e-02
2.213544212281703949e-02
2.142954990267753601e-02
2.052298001945018768e-02
2.141313627362251282e-02
2.075802907347679138e-02
1.996836252510547638e-02
1.882519386708736420e-02
1.859035901725292206e-02
1.834053918719291687e-02
1.789024099707603455e-02
1.807905733585357666e-02
1.820817962288856506e-02
1.756786182522773743e-02
