5.114247249999971245e+01
1.008208855000002586e+02
1.498830423999997947e+02
1.995275252999999793e+02
2.489424789000004239e+02
2.991990421999998944e+02
3.488701028000004953e+02
3.982368280000000595e+02
4.465287644000000000e+02
4.941081612999996651e+02
5.413859401999998227e+02
5.898735642999999982e+02
6.371337135000003400e+02
6.869748458000003666e+02
7.366255217999996603e+02
7.857286248999998861e+02
8.356086369000004197e+02
8.853866224000003058e+02
9.343294690000002447e+02
9.842196812000001955e+02
1.033894906100000298e+03
1.081169839500000307e+03
1.129499835900000107e+03
1.177304003899999771e+03
1.224711802400000124e+03
1.272964965799999845e+03
1.320409075300000040e+03
1.367503942199999983e+03
1.415825556400000096e+03
1.463469542200000433e+03
1.510506538399999954e+03
1.558909810299999663e+03
1.606753342500000144e+03
1.653981778000000304e+03
1.702268873600000006e+03
1.749914386200000081e+03
1.797552438700000494e+03
1.845891773299999841e+03
1.893673467100000380e+03
1.940866402900000139e+03
1.989476011900000231e+03
2.037351974899999732e+03
2.084503546400000232e+03
2.133032884100000047e+03
2.180845481399999699e+03
2.227839114600000357e+03
2.276158432299999731e+03
2.323724974699999620e+03
2.371134271500000068e+03
2.419204170300000442e+03
2.467102226099999825e+03
2.514307006000000001e+03
2.562739941300000282e+03
2.610692611700000271e+03
2.657941585599999598e+03
2.706290007900000091e+03
2.754158683599999677e+03
2.801569179099999928e+03
2.849783342699999594e+03
2.897591248499999892e+03
2.944891271100000267e+03
2.993310338999999658e+03
3.041515027700000246e+03
3.089187865400000192e+03
3.137769127700000354e+03
3.185827499400000306e+03
3.233084442399999716e+03
3.281842446599999676e+03
3.330151684200000091e+03
3.377800973000000340e+03
3.426488547699999799e+03
3.474877386799999840e+03
3.522503773299999921e+03
3.571158851899999718e+03
3.619362391300000127e+03
3.667413824100000056e+03
3.716541445400000157e+03
3.765161338199999591e+03
3.813266597400000137e+03
3.862484151999999995e+03
3.911480033200000435e+03
3.959628921200000150e+03
4.008815846499999680e+03
4.057919584000000214e+03
4.106234851100000014e+03
4.155506179899999552e+03
4.204340660399999251e+03
4.252446903899999597e+03
4.301559642300000633e+03
4.350598166399999172e+03
4.399149979699999676e+03
4.448529622399999425e+03
4.497562161899999410e+03
4.546019390199999179e+03
4.595245347599999150e+03
4.644291849100000036e+03
4.692877074800000628e+03
4.742356947899999795e+03
4.791653745800000252e+03
4.840344635199999175e+03
4.890097982699999193e+03
4.939481367300000784e+03
4.988134455600000365e+03
5.037604948599999261e+03
5.087030256800000643e+03
5.135767035999999280e+03
5.185647714000000633e+03
5.234788539499999388e+03
5.283542041400000016e+03
5.333382123900000806e+03
5.382900569199999154e+03
5.432002302200000486e+03
5.481772015700000338e+03
5.531380896599999687e+03
5.580459993399999803e+03
5.630443640400000731e+03
5.679998574699999153e+03
5.728976595899999666e+03
5.778711441600000398e+03
5.828167236699999194e+03
5.877091379499999675e+03
5.927095590499999162e+03
5.977141152800000782e+03
6.029152450300000055e+03
6.081635799600000610e+03
6.133459090000000288e+03
6.184893517099999372e+03
6.238775534399999742e+03
6.291637772899999618e+03
6.344493248999999196e+03
6.397875497799999721e+03
6.450628626100000474e+03
6.503412367799999629e+03
6.556977025800000774e+03
6.610369326399999409e+03
6.663295595300000059e+03
6.716834041300000536e+03
6.768602374699999928e+03
6.818312585699999545e+03
6.869007711000000199e+03
