7.828282713890075684e-01
8.264837265014648438e-01
8.472853899002075195e-01
8.624370694160461426e-01
8.727586269378662109e-01
8.829542398452758789e-01
8.891729116439819336e-01
8.949808478355407715e-01
8.985163569450378418e-01
9.023044705390930176e-01
9.085860252380371094e-01
9.123105406761169434e-01
9.161929488182067871e-01
9.181498289108276367e-01
9.208962917327880859e-01
9.213381409645080566e-01
9.242423176765441895e-01
9.253472089767456055e-01
9.295768141746520996e-01
9.307135939598083496e-01
9.305868744850158691e-01
9.352272748947143555e-01
9.356691241264343262e-01
9.368689060211181641e-01
9.368687272071838379e-01
9.367741942405700684e-01
9.382575154304504395e-01
9.401831030845642090e-01
9.410669207572937012e-01
9.407511353492736816e-01
9.420136809349060059e-01
9.411617517471313477e-01
9.429924488067626953e-01
9.443495869636535645e-01
9.437500238418579102e-01
9.444445967674255371e-01
9.431504011154174805e-01
9.455809593200683594e-01
9.445706605911254883e-01
9.447918534278869629e-01
9.445704221725463867e-01
9.441917538642883301e-01
9.455175995826721191e-01
9.446335434913635254e-01
9.440022706985473633e-01
9.453281760215759277e-01
9.485477805137634277e-01
9.473799467086791992e-01
9.443815350532531738e-01
9.480743408203125000e-01
9.479798078536987305e-01
9.466223120689392090e-01
9.470960497856140137e-01
9.473166465759277344e-01
9.472537636756896973e-01
9.485163688659667969e-01
9.493371844291687012e-01
9.460541605949401855e-01
9.487057328224182129e-01
9.462434649467468262e-01
9.486743807792663574e-01
9.486110806465148926e-01
9.465279579162597656e-01
9.466540813446044922e-01
9.455807805061340332e-01
9.466856122016906738e-01
9.471906423568725586e-01
9.478216767311096191e-01
9.484531879425048828e-01
9.486740827560424805e-01
9.463385343551635742e-01
9.485478401184082031e-01
9.474747180938720703e-01
9.474428892135620117e-01
9.490529894828796387e-01
9.483268857002258301e-01
9.481058120727539062e-01
9.481060504913330078e-01
9.490846991539001465e-01
9.494318366050720215e-01
9.478536248207092285e-01
9.471591711044311523e-01
9.498736858367919922e-01
9.475374817848205566e-01
8.954862952232360840e-01
8.960616588592529297e-01
8.953469991683959961e-01
8.963394761085510254e-01
8.959922790527343750e-01
8.975000977516174316e-01
8.971225619316101074e-01
8.976785540580749512e-01
8.977180719375610352e-01
8.995537161827087402e-01
8.982048630714416504e-01
8.992157578468322754e-01
8.991964459419250488e-01
8.997614979743957520e-01
8.997516632080078125e-01
8.990373015403747559e-01
8.998707532882690430e-01
8.998213410377502441e-01
8.986703157424926758e-01
8.997620344161987305e-01
8.998118638992309570e-01
9.010221362113952637e-01
8.999601602554321289e-01
9.025493264198303223e-01
9.006643295288085938e-01
8.996327519416809082e-01
9.002777934074401855e-01
9.024702906608581543e-01
9.012103080749511719e-01
9.006447792053222656e-01
9.014778137207031250e-01
9.022122025489807129e-01
9.009422659873962402e-01
9.024505615234375000e-01
9.031050205230712891e-01
9.032443761825561523e-01
9.015774130821228027e-01
9.040275216102600098e-01
9.019342064857482910e-01
9.025995135307312012e-01
9.031744599342346191e-01
9.040280580520629883e-01
9.030656814575195312e-01
9.047319889068603516e-01
9.034119248390197754e-01
9.029563069343566895e-01
9.047020673751831055e-01
9.040374755859375000e-01
9.049205780029296875e-01
9.041661620140075684e-01
9.045639634132385254e-01
9.046429395675659180e-01
9.050495028495788574e-01
9.051287770271301270e-01
9.045242667198181152e-01
9.039088487625122070e-01
9.062006473541259766e-01
9.058036804199218750e-01
9.055255055427551270e-01
9.054666757583618164e-01
9.064283370971679688e-01
9.064381718635559082e-01
9.063891768455505371e-01
9.061406850814819336e-01
9.055856466293334961e-01
9.067062139511108398e-01
