7.557707428932189941e-01
8.508800864219665527e-01
8.857579231262207031e-01
9.058654308319091797e-01
9.192590117454528809e-01
9.278236627578735352e-01
9.339838027954101562e-01
9.403014183044433594e-01
9.445071816444396973e-01
9.470227360725402832e-01
9.492540955543518066e-01
9.512408971786499023e-01
9.528249502182006836e-01
9.536934494972229004e-01
9.559079408645629883e-01
9.558638334274291992e-01
9.563387632369995117e-01
9.561732411384582520e-01
9.563345313072204590e-01
9.560784101486206055e-01
9.563578963279724121e-01
9.564021825790405273e-01
9.563069343566894531e-01
9.565817117691040039e-01
9.566626548767089844e-01
9.565318822860717773e-01
9.566425085067749023e-01
9.566131830215454102e-01
9.570249319076538086e-01
9.565163850784301758e-01
9.569766521453857422e-01
9.565422534942626953e-01
9.574143290519714355e-01
9.568736553192138672e-01
9.564886689186096191e-01
9.577962160110473633e-01
9.576488137245178223e-01
9.572049379348754883e-01
9.570828676223754883e-01
9.577396512031555176e-01
9.574833512306213379e-01
9.579309821128845215e-01
9.574889540672302246e-01
9.577454328536987305e-01
9.576683044433593750e-01
9.578027129173278809e-01
9.580828547477722168e-01
9.579302072525024414e-01
9.572322964668273926e-01
9.582403302192687988e-01
9.580611586570739746e-01
9.575721025466918945e-01
9.577121138572692871e-01
9.576013088226318359e-01
9.588603377342224121e-01
9.585145711898803711e-01
9.584538340568542480e-01
9.581592082977294922e-01
9.584736227989196777e-01
9.580100774765014648e-01
9.336758852005004883e-01
9.348706007003784180e-01
9.346436262130737305e-01
9.351152777671813965e-01
9.349673986434936523e-01
9.355034232139587402e-01
9.355613589286804199e-01
9.359565973281860352e-01
9.362497329711914062e-01
9.366735816001892090e-01
9.366914629936218262e-01
9.369540810585021973e-01
9.367634654045104980e-01
9.365471601486206055e-01
9.371941089630126953e-01
9.375536441802978516e-01
9.377953410148620605e-01
9.376058578491210938e-01
9.380553364753723145e-01
9.379727840423583984e-01
9.382382035255432129e-01
9.385060071945190430e-01
9.385068416595458984e-01
9.387772679328918457e-01
9.389490485191345215e-01
9.390246868133544922e-01
9.392743110656738281e-01
9.387817382812500000e-01
9.395412802696228027e-01
9.396804571151733398e-01
9.397255778312683105e-01
9.397294521331787109e-01
9.400169253349304199e-01
9.401668906211853027e-01
9.403349161148071289e-01
9.401491284370422363e-01
9.404686689376831055e-01
9.402962923049926758e-01
9.407834410667419434e-01
9.412154555320739746e-01
9.408687949180603027e-01
9.416338205337524414e-01
9.407653212547302246e-01
9.412173628807067871e-01
9.412308931350708008e-01
9.410110712051391602e-01
