1.927793920040130615e-01
1.453319787979125977e-01
1.213670745491981506e-01
1.033566296100616455e-01
8.749940246343612671e-02
7.399819046258926392e-02
6.237209588289260864e-02
5.316000431776046753e-02
4.669271036982536316e-02
4.049078747630119324e-02
3.730922564864158630e-02
3.459599241614341736e-02
3.189399093389511108e-02
3.079611808061599731e-02
2.972596511244773865e-02
2.872254699468612671e-02
2.797769568860530853e-02
2.732827700674533844e-02
2.723409608006477356e-02
2.713904157280921936e-02
2.644274011254310608e-02
2.643735148012638092e-02
2.679240889847278595e-02
2.583418972790241241e-02
2.606797218322753906e-02
2.620830014348030090e-02
2.511189505457878113e-02
2.605587802827358246e-02
2.585084363818168640e-02
2.534038200974464417e-02
2.569389156997203827e-02
2.454829029738903046e-02
2.483932673931121826e-02
2.550160884857177734e-02
2.496480382978916168e-02
2.487737685441970825e-02
2.423764578998088837e-02
2.494170144200325012e-02
2.456929720938205719e-02
2.427930757403373718e-02
2.445210143923759460e-02
2.440875582396984100e-02
2.401787228882312775e-02
2.423478104174137115e-02
2.461023814976215363e-02
3.772870078682899475e-02
3.666204586625099182e-02
3.604137524962425232e-02
3.526604920625686646e-02
3.526844084262847900e-02
3.473584353923797607e-02
3.405784815549850464e-02
3.391376882791519165e-02
3.383917734026908875e-02
3.313661739230155945e-02
3.313306719064712524e-02
3.236378356814384460e-02
3.239312022924423218e-02
3.213528171181678772e-02
3.221261501312255859e-02
3.192809224128723145e-02
3.156475722789764404e-02
3.155491501092910767e-02
3.146518021821975708e-02
3.105320595204830170e-02
3.105103038251399994e-02
3.084380552172660828e-02
3.063063696026802063e-02
3.069350682199001312e-02
3.023200668394565582e-02
3.016562387347221375e-02
3.023385256528854370e-02
2.998774684965610504e-02
3.003314882516860962e-02
2.988915331661701202e-02
2.973501570522785187e-02
2.971773222088813782e-02
2.974538877606391907e-02
2.932553924620151520e-02
2.977718040347099304e-02
2.953272685408592224e-02
2.956800162792205811e-02
2.905400097370147705e-02
2.920249477028846741e-02
2.892552502453327179e-02
2.876431681215763092e-02
2.879730798304080963e-02
2.863958105444908142e-02
2.864819392561912537e-02
2.893299981951713562e-02
