8.692864775657653809e-01
8.771307468414306641e-01
8.724430203437805176e-01
8.729796409606933594e-01
8.769886493682861328e-01
8.776516318321228027e-01
8.732008337974548340e-01
8.766572475433349609e-01
8.524006605148315430e-01
8.501089811325073242e-01
8.531993031501770020e-01
8.501539826393127441e-01
8.520534634590148926e-01
8.531350493431091309e-01
8.524303436279296875e-01
8.523612022399902344e-01
8.532788157463073730e-01
8.831052184104919434e-01
8.974897861480712891e-01
9.024801850318908691e-01
9.101786613464355469e-01
9.138441681861877441e-01
9.188989400863647461e-01
9.240325689315795898e-01
9.288244843482971191e-01
9.312250614166259766e-01
9.330556988716125488e-01
9.328622221946716309e-01
9.359723925590515137e-01
9.360315203666687012e-01
9.355307221412658691e-01
9.370633363723754883e-01
9.370184540748596191e-01
9.378623962402343750e-01
9.389188289642333984e-01
9.389535188674926758e-01
9.401043653488159180e-01
9.401586651802062988e-01
9.405605792999267578e-01
9.411261677742004395e-01
9.412698745727539062e-01
9.416967034339904785e-01
9.426634907722473145e-01
9.421727061271667480e-01
9.430805444717407227e-01
9.422916769981384277e-01
9.441867470741271973e-01
9.447271823883056641e-01
9.444694519042968750e-01
9.450941681861877441e-01
9.465277791023254395e-01
9.462598562240600586e-01
9.452480673789978027e-01
9.470192193984985352e-01
9.470980167388916016e-01
9.473360776901245117e-01
9.470486044883728027e-01
9.473612904548645020e-01
9.479511976242065430e-01
9.474504590034484863e-01
9.480854868888854980e-01
9.480852484703063965e-01
9.478620290756225586e-01
