8.498634699999911390e+00
1.742432910000002266e+01
2.640242459999990388e+01
3.513457349999998769e+01
4.397169809999991230e+01
5.295538920000012695e+01
6.173883230000001276e+01
7.053541169999994054e+01
9.250225679999994099e+01
1.147660207000001265e+02
1.369385973999999351e+02
1.594543063000000984e+02
1.814528609999999844e+02
2.036254131999999117e+02
2.257943364000000201e+02
2.480725007999999434e+02
2.704368890000000647e+02
2.929475096000001031e+02
3.150125083000000359e+02
3.370246982999999545e+02
3.591994173000000501e+02
3.810824866000000384e+02
4.028800367999999708e+02
4.249855602000000090e+02
4.469608519999999316e+02
4.684860386000000290e+02
4.908390919999999369e+02
5.130059412000000520e+02
5.351861031000000821e+02
5.571435504999999466e+02
5.791602711000000454e+02
6.011255284999999731e+02
6.232621400000000449e+02
6.454008025000000544e+02
6.674147032999999283e+02
6.894809256000000914e+02
7.113563784999998916e+02
7.330184413999998014e+02
7.551357553000000280e+02
7.773581253999998353e+02
7.988305317000001651e+02
8.210647584000000734e+02
8.428310952999997880e+02
8.647505662999999458e+02
8.869165504999998575e+02
9.088895063000002210e+02
9.308013512999998511e+02
9.525445996000000832e+02
9.746414108999999826e+02
9.966177295999998478e+02
1.018426763199999868e+03
1.040712053500000138e+03
1.062654149000000189e+03
1.084876184299999977e+03
1.106713574699999981e+03
1.128858266800000138e+03
1.151067878099999916e+03
1.173030806500000153e+03
1.195047296200000119e+03
1.217102263600000015e+03
1.238890391700000009e+03
1.260792040699999916e+03
1.282460212499999898e+03
