8.596904873847961426e-01
8.745107650756835938e-01
8.724116086959838867e-01
8.730270266532897949e-01
8.732165098190307617e-01
8.714960813522338867e-01
8.708491325378417969e-01
8.709754943847656250e-01
8.703125119209289551e-01
8.708018064498901367e-01
8.706597089767456055e-01
8.710857629776000977e-01
8.710700273513793945e-01
8.714175820350646973e-01
8.701388239860534668e-01
8.723011612892150879e-01
8.728849887847900391e-01
8.724591135978698730e-01
8.727273344993591309e-01
8.729957342147827148e-01
8.721118569374084473e-01
8.728061914443969727e-01
8.736584186553955078e-01
8.730904459953308105e-01
8.735639452934265137e-01
8.725851178169250488e-01
8.717486858367919922e-01
8.724273443222045898e-01
8.730587363243103027e-01
8.731378316879272461e-01
8.736583590507507324e-01
8.727903962135314941e-01
8.730587363243103027e-01
8.726169466972351074e-01
8.732321858406066895e-01
8.733428120613098145e-01
8.726167082786560059e-01
8.731218576431274414e-01
8.734532594680786133e-01
8.728693127632141113e-01
8.718433976173400879e-01
8.701704740524291992e-01
8.710228800773620605e-01
8.703755736351013184e-01
8.709280490875244141e-01
8.711806535720825195e-01
8.704860210418701172e-01
8.714804053306579590e-01
8.709751963615417480e-01
8.715121150016784668e-01
8.718434572219848633e-01
8.710700273513793945e-01
8.704229593276977539e-01
8.705808520317077637e-01
8.654196858406066895e-01
8.648045063018798828e-01
8.652936220169067383e-01
8.649305701255798340e-01
8.647414445877075195e-01
8.650096058845520020e-01
8.654987215995788574e-01
8.644731044769287109e-01
8.648041486740112305e-01
8.650251030921936035e-01
8.653094172477722168e-01
8.649777770042419434e-01
8.641256093978881836e-01
8.650407791137695312e-01
8.650096058845520020e-01
8.651672601699829102e-01
8.643149733543395996e-01
8.650568723678588867e-01
8.649464249610900879e-01
8.397373557090759277e-01
8.399155139923095703e-01
8.393649458885192871e-01
8.396379947662353516e-01
8.395139575004577637e-01
8.394743800163269043e-01
8.396624922752380371e-01
8.392015695571899414e-01
8.399406075477600098e-01
8.399104475975036621e-01
8.396822810173034668e-01
8.397867083549499512e-01
8.406946063041687012e-01
8.394939899444580078e-01
