2.742488980293273926e-01
2.704429924488067627e-01
2.673338353633880615e-01
2.572054564952850342e-01
2.425911128520965576e-01
2.352869808673858643e-01
2.342877238988876343e-01
2.202879935503005981e-01
2.093970328569412231e-01
2.022873461246490479e-01
1.953692138195037842e-01
1.902856677770614624e-01
1.831162571907043457e-01
1.817082762718200684e-01
1.743614375591278076e-01
1.705092489719390869e-01
1.671174168586730957e-01
1.645987480878829956e-01
1.612555980682373047e-01
1.579935699701309204e-01
1.567072868347167969e-01
1.528142988681793213e-01
1.512703746557235718e-01
1.503936797380447388e-01
1.441281735897064209e-01
1.442815512418746948e-01
1.426578760147094727e-01
1.403347849845886230e-01
1.402776092290878296e-01
1.375341713428497314e-01
1.344958543777465820e-01
1.356285661458969116e-01
1.317668557167053223e-01
1.311497986316680908e-01
1.288083791732788086e-01
1.279991418123245239e-01
1.263743042945861816e-01
1.266077011823654175e-01
1.246359944343566895e-01
1.222561672329902649e-01
1.217735037207603455e-01
1.203946992754936218e-01
1.188197210431098938e-01
1.173071861267089844e-01
1.171324774622917175e-01
1.158126890659332275e-01
1.154315844178199768e-01
1.131110414862632751e-01
1.121947690844535828e-01
1.129531040787696838e-01
1.121233999729156494e-01
1.094303056597709656e-01
1.064544543623924255e-01
1.041964814066886902e-01
1.019129306077957153e-01
9.970965981483459473e-02
9.780280292034149170e-02
9.552122652530670166e-02
9.370219707489013672e-02
9.269666671752929688e-02
9.075981378555297852e-02
8.905841410160064697e-02
8.754812926054000854e-02
8.647884428501129150e-02
8.453924953937530518e-02
8.298674970865249634e-02
8.153841644525527954e-02
8.066760748624801636e-02
7.887518405914306641e-02
7.718890160322189331e-02
7.627765834331512451e-02
7.505201548337936401e-02
7.392223924398422241e-02
7.276941090822219849e-02
7.150855660438537598e-02
6.994999945163726807e-02
6.912786513566970825e-02
6.796627491712570190e-02
6.679065525531768799e-02
6.574729830026626587e-02
6.473493576049804688e-02
6.338846683502197266e-02
6.265912204980850220e-02
6.161259114742279053e-02
6.030798703432083130e-02
5.879204720258712769e-02
5.819536000490188599e-02
5.750955268740653992e-02
5.627610534429550171e-02
5.499755591154098511e-02
5.491239577531814575e-02
5.329884588718414307e-02
5.230456590652465820e-02
5.230520293116569519e-02
5.121368914842605591e-02
5.083251744508743286e-02
4.949815571308135986e-02
4.920758679509162903e-02
4.811153188347816467e-02
4.786731675267219543e-02
