9.177362322807312012e-01
9.185639619827270508e-01
9.205263853073120117e-01
9.206938147544860840e-01
9.197219014167785645e-01
9.197916388511657715e-01
9.204612970352172852e-01
9.208705425262451172e-01
9.212285876274108887e-01
9.290550351142883301e-01
9.480933547019958496e-01
9.557989239692687988e-01
9.589378833770751953e-01
9.611235260963439941e-01
9.640764594078063965e-01
9.678292274475097656e-01
9.708612561225891113e-01
9.726887941360473633e-01
9.734002947807312012e-01
9.738420844078063965e-01
9.746744632720947266e-01
9.749116301536560059e-01
9.753627181053161621e-01
9.751116037368774414e-01
9.751255512237548828e-01
9.755626916885375977e-01
9.756045341491699219e-01
9.755254983901977539e-01
9.757673144340515137e-01
9.762184023857116699e-01
9.754231572151184082e-01
9.749395251274108887e-01
9.755069017410278320e-01
9.520196914672851562e-01
9.568012356758117676e-01
9.582089185714721680e-01
9.593684673309326172e-01
9.598850011825561523e-01
9.606148600578308105e-01
9.615328311920166016e-01
9.621129631996154785e-01
9.624747037887573242e-01
9.629969596862792969e-01
9.634729623794555664e-01
9.637565016746520996e-01
9.642462134361267090e-01
9.643164277076721191e-01
9.645240306854248047e-01
9.648864269256591797e-01
9.649674296379089355e-01
9.650766849517822266e-01
9.655924439430236816e-01
9.652061462402343750e-01
9.656409025192260742e-01
9.657335281372070312e-01
9.658355116844177246e-01
9.660242795944213867e-01
