1.108017116785049438e-01
5.556605011224746704e-02
3.829921409487724304e-02
3.099599108099937439e-02
2.698962390422821045e-02
2.517303451895713806e-02
2.488532662391662598e-02
2.416278794407844543e-02
2.443288452923297882e-02
2.361059933900833130e-02
2.411693707108497620e-02
2.409770712256431580e-02
2.477319911122322083e-02
2.494423836469650269e-02
2.415953949093818665e-02
2.483525499701499939e-02
2.520124614238739014e-02
3.124069981276988983e-02
3.030572272837162018e-02
3.010669536888599396e-02
2.942911349236965179e-02
2.656772918999195099e-02
2.354826033115386963e-02
1.912206597626209259e-02
1.499196328222751617e-02
1.070136763155460358e-02
9.033450856804847717e-03
8.156171068549156189e-03
6.989740300923585892e-03
6.166202016174793243e-03
5.271931178867816925e-03
4.434336442500352859e-03
4.045697394758462906e-03
3.559046192094683647e-03
3.181379754096269608e-03
2.883870620280504227e-03
2.589213894680142403e-03
2.442588564008474350e-03
2.395041985437273979e-03
2.181414281949400902e-03
2.182421972975134850e-03
1.980508910492062569e-03
1.837706891819834709e-03
1.781793078407645226e-03
1.739186234772205353e-03
1.654382795095443726e-03
1.658511231653392315e-03
1.489134854637086391e-03
1.530068926513195038e-03
1.409277203492820263e-03
1.447099028155207634e-03
1.414026366546750069e-03
1.396993058733642101e-03
1.514419913291931152e-03
1.346215722151100636e-03
1.300300587899982929e-03
1.188448630273342133e-03
1.212751143611967564e-03
1.188453403301537037e-03
1.317187328822910786e-03
1.250738976523280144e-03
1.127619412727653980e-03
1.152900978922843933e-03
1.085111056454479694e-03
1.094803214073181152e-03
1.143545028753578663e-03
1.156355137936770916e-03
1.102785114198923111e-03
1.113167614676058292e-03
1.072128419764339924e-03
1.117370091378688812e-03
1.007482060231268406e-03
9.892188245430588722e-04
9.620644850656390190e-04
1.097896951250731945e-03
1.131940982304513454e-03
