6.240931153297424316e-01
7.578261494636535645e-01
8.117690086364746094e-01
8.458561897277832031e-01
8.697711229324340820e-01
8.822939991950988770e-01
8.915981054306030273e-01
9.002946615219116211e-01
9.086348414421081543e-01
9.148208498954772949e-01
9.206116795539855957e-01
9.236796498298645020e-01
9.273872375488281250e-01
9.295527338981628418e-01
9.354349374771118164e-01
9.378153085708618164e-01
9.381647109985351562e-01
9.387060999870300293e-01
9.416416287422180176e-01
9.427151679992675781e-01
9.435443878173828125e-01
9.458104968070983887e-01
9.442023038864135742e-01
9.441064000129699707e-01
9.426124691963195801e-01
9.485425949096679688e-01
9.512952566146850586e-01
9.564716219902038574e-01
9.550735354423522949e-01
9.544202685356140137e-01
9.578924179077148438e-01
9.591077566146850586e-01
9.594640731811523438e-01
9.609055519104003906e-01
9.616639018058776855e-01
9.603847265243530273e-01
9.623857736587524414e-01
9.615337252616882324e-01
9.655747413635253906e-01
9.639688730239868164e-01
9.646039009094238281e-01
9.651840925216674805e-01
9.654331207275390625e-01
9.648712277412414551e-01
9.649580121040344238e-01
9.650744199752807617e-01
9.364119172096252441e-01
9.381657838821411133e-01
9.393492937088012695e-01
9.389433860778808594e-01
9.398969411849975586e-01
9.398427605628967285e-01
9.401531815528869629e-01
9.414138197898864746e-01
9.418948292732238770e-01
9.419260621070861816e-01
9.424675703048706055e-01
9.440208077430725098e-01
9.437490105628967285e-01
9.415262341499328613e-01
9.429801702499389648e-01
9.441938996315002441e-01
9.458629488945007324e-01
