8.086806535720825195e-01
8.602588176727294922e-01
8.812026381492614746e-01
8.948705792427062988e-01
9.006471037864685059e-01
9.044982790946960449e-01
9.096748828887939453e-01
9.117108583450317383e-01
9.154672622680664062e-01
9.157196283340454102e-01
9.194128513336181641e-01
9.213541746139526367e-01
9.220328330993652344e-01
9.228218793869018555e-01
9.259155392646789551e-01
9.258364439010620117e-01
9.270361661911010742e-01
9.282039999961853027e-01
9.297348260879516602e-01
9.308713078498840332e-01
9.307606220245361328e-01
9.321654438972473145e-01
9.328441023826599121e-01
9.339488744735717773e-01
9.335227012634277344e-01
9.348328113555908203e-01
9.354323744773864746e-01
9.359847903251647949e-01
9.354168176651000977e-01
9.366161227226257324e-01
9.374209046363830566e-01
9.373106956481933594e-01
9.376577734947204590e-01
9.375157952308654785e-01
9.377051591873168945e-01
9.376736283302307129e-01
9.371528029441833496e-01
9.389207363128662109e-01
9.390308856964111328e-01
9.397569298744201660e-01
9.394256472587585449e-01
9.398673176765441895e-01
9.407510161399841309e-01
9.397252202033996582e-01
9.388101696968078613e-01
9.398990869522094727e-01
9.416666030883789062e-01
9.398673176765441895e-01
9.405145049095153809e-01
9.406722187995910645e-01
9.396622180938720703e-01
9.406722784042358398e-01
9.405618906021118164e-01
9.394569396972656250e-01
9.403725266456604004e-01
9.397253990173339844e-01
9.416192770004272461e-01
9.402462840080261230e-01
9.400095343589782715e-01
9.405776858329772949e-01
9.414930939674377441e-01
9.401829242706298828e-01
9.395358562469482422e-01
9.406250119209289551e-01
9.398043751716613770e-01
9.394569993019104004e-01
9.413194060325622559e-01
9.406408667564392090e-01
9.391887784004211426e-01
9.398674964904785156e-01
9.411931633949279785e-01
9.392519593238830566e-01
9.405144453048706055e-01
9.386995434761047363e-01
9.383681416511535645e-01
9.395520091056823730e-01
9.397886395454406738e-01
9.402461051940917969e-01
9.402935504913330078e-01
9.390469789505004883e-01
9.388889074325561523e-01
9.399462342262268066e-01
9.398676156997680664e-01
9.396307468414306641e-01
9.389044046401977539e-01
9.397095441818237305e-01
9.039734005928039551e-01
9.054561853408813477e-01
9.053276777267456055e-01
9.054661989212036133e-01
9.058131575584411621e-01
9.049502015113830566e-01
9.062596559524536133e-01
9.054365158081054688e-01
9.060119390487670898e-01
9.053717851638793945e-01
9.063495993614196777e-01
9.050296545028686523e-01
9.057440161705017090e-01
9.056053161621093750e-01
9.054512381553649902e-01
9.061409831047058105e-01
9.047423601150512695e-01
9.054960608482360840e-01
9.058085680007934570e-01
9.059818983078002930e-01
9.057936072349548340e-01
9.057590365409851074e-01
9.047917723655700684e-01
9.054215550422668457e-01
9.061207771301269531e-01
9.045289158821105957e-01
9.059026837348937988e-01
9.058479666709899902e-01
9.067411422729492188e-01
9.056748747825622559e-01
9.062846899032592773e-01
9.062349200248718262e-01
9.059523344039916992e-01
9.066815376281738281e-01
9.062697887420654297e-01
9.059078693389892578e-01
9.050396084785461426e-01
9.060662984848022461e-01
9.060320258140563965e-01
9.058879613876342773e-01
9.066120982170104980e-01
9.057637453079223633e-01
9.069939255714416504e-01
9.059372544288635254e-01
9.060714244842529297e-01
9.066071510314941406e-01
9.060463905334472656e-01
9.070189595222473145e-01
9.061211347579956055e-01
9.057142138481140137e-01
9.064583778381347656e-01
9.060913920402526855e-01
9.053822755813598633e-01
9.057888984680175781e-01
9.067215323448181152e-01
9.067516326904296875e-01
9.060711860656738281e-01
9.068151116371154785e-01
9.063742756843566895e-01
9.074453115463256836e-01
9.060568809509277344e-01
9.060319066047668457e-01
9.059724807739257812e-01
9.068995118141174316e-01
9.051037430763244629e-01
9.065576195716857910e-01
9.065724611282348633e-01
9.073711037635803223e-01
9.069840908050537109e-01
9.068400263786315918e-01
9.065476059913635254e-01
9.070683717727661133e-01
9.071530699729919434e-01
9.070189595222473145e-01
9.069592952728271484e-01
9.077527523040771484e-01
9.071926474571228027e-01
9.076089859008789062e-01
9.064035415649414062e-01
9.072570800781250000e-01
9.065279960632324219e-01
9.075991511344909668e-01
9.067661762237548828e-01
9.068949818611145020e-01
9.079218506813049316e-01
9.072420597076416016e-01
9.073657989501953125e-01
9.072123765945434570e-01
9.069445133209228516e-01
9.071133136749267578e-01
9.080758094787597656e-01
9.078175425529479980e-01
9.076136946678161621e-01
9.072273373603820801e-01
9.078672528266906738e-01
9.068404436111450195e-01
9.068750143051147461e-01
9.083779454231262207e-01
9.076040387153625488e-01
9.070338010787963867e-01
