2.496725767850875854e-01
2.228107005357742310e-01
2.073451727628707886e-01
1.969808340072631836e-01
1.888086050748825073e-01
1.827950626611709595e-01
1.770630329847335815e-01
1.718098372220993042e-01
1.677422523498535156e-01
1.629964560270309448e-01
1.584919244050979614e-01
1.546152383089065552e-01
1.507365554571151733e-01
1.466016024351119995e-01
1.430445015430450439e-01
1.390168070793151855e-01
1.348523348569869995e-01
1.311344802379608154e-01
1.275618821382522583e-01
1.240277960896492004e-01
1.195785626769065857e-01
1.161280572414398193e-01
1.128458157181739807e-01
1.095749884843826294e-01
1.062090247869491577e-01
1.020991355180740356e-01
9.973645210266113281e-02
9.617060422897338867e-02
9.301427751779556274e-02
9.026830643415451050e-02
8.719341456890106201e-02
8.511786907911300659e-02
8.208867162466049194e-02
8.015514910221099854e-02
7.750588655471801758e-02
7.551581412553787231e-02
7.247468084096908569e-02
7.036057859659194946e-02
6.812603026628494263e-02
6.736639887094497681e-02
6.495586782693862915e-02
6.314083188772201538e-02
6.111530587077140808e-02
5.979334190487861633e-02
5.845199897885322571e-02
5.741144344210624695e-02
5.549864098429679871e-02
5.376494675874710083e-02
5.230652540922164917e-02
5.090179294347763062e-02
4.847470298409461975e-02
4.712204262614250183e-02
4.645959287881851196e-02
4.471206292510032654e-02
4.395519942045211792e-02
4.233945161104202271e-02
4.197152331471443176e-02
4.071794077754020691e-02
3.965860977768898010e-02
3.883457183837890625e-02
3.799574822187423706e-02
3.702094778418540955e-02
3.585901856422424316e-02
3.480725735425949097e-02
3.369219601154327393e-02
3.302473947405815125e-02
3.235856071114540100e-02
3.132742270827293396e-02
3.090675920248031616e-02
3.002869151532649994e-02
2.891467884182929993e-02
2.810570411384105682e-02
2.756709232926368713e-02
2.699176222085952759e-02
2.649333141744136810e-02
2.539981529116630554e-02
2.480216324329376221e-02
2.452182210981845856e-02
2.425901964306831360e-02
2.376343868672847748e-02
2.293544076383113861e-02
2.279178798198699951e-02
2.248437143862247467e-02
2.209517545998096466e-02
2.192085608839988708e-02
2.120436169207096100e-02
2.010107412934303284e-02
1.912199519574642181e-02
1.851178146898746490e-02
1.806422136723995209e-02
1.756716892123222351e-02
1.707426086068153381e-02
1.687653921544551849e-02
1.624278165400028229e-02
1.548228412866592407e-02
1.460455730557441711e-02
1.026637200266122818e-02
9.266064502298831940e-03
8.723338134586811066e-03
8.244677446782588959e-03
1.409920584410429001e-02
1.166082080453634262e-02
1.056837942451238632e-02
9.839415550231933594e-03
9.187027812004089355e-03
8.684697560966014862e-03
8.394114673137664795e-03
8.081042207777500153e-03
7.739990949630737305e-03
7.400906179100275040e-03
7.167437113821506500e-03
6.896343082189559937e-03
6.726180668920278549e-03
6.566664669662714005e-03
6.371702998876571655e-03
6.295318249613046646e-03
6.042353343218564987e-03
5.970713682472705841e-03
5.778999533504247665e-03
5.706150550395250320e-03
5.626035388559103012e-03
5.412543658167123795e-03
5.331388209015130997e-03
5.219926126301288605e-03
5.089343525469303131e-03
4.989218898117542267e-03
4.887215327471494675e-03
4.776653833687305450e-03
4.684765823185443878e-03
4.622353706508874893e-03
4.505731165409088135e-03
4.541459027677774429e-03
4.386511165648698807e-03
4.270752891898155212e-03
4.220203962177038193e-03
4.149013664573431015e-03
4.075935110449790955e-03
3.991223406046628952e-03
3.934223204851150513e-03
3.896285081282258034e-03
3.848580410704016685e-03
3.786882851272821426e-03
3.732009790837764740e-03
3.720826469361782074e-03
3.616254311054944992e-03
3.602862358093261719e-03
3.550513647496700287e-03
3.522960934787988663e-03
3.416412509977817535e-03
3.378279739990830421e-03
3.361181356012821198e-03
3.292256034910678864e-03
3.266336629167199135e-03
3.192387754097580910e-03
3.155162092298269272e-03
3.139715408906340599e-03
3.096045693382620811e-03
3.025328740477561951e-03
2.984487218782305717e-03
