8.708490729331970215e-01
8.719065785408020020e-01
8.738952875137329102e-01
8.751262426376342773e-01
8.753156065940856934e-01
8.769727945327758789e-01
8.732164502143859863e-01
8.767046928405761719e-01
8.728852272033691406e-01
8.720486760139465332e-01
8.764047026634216309e-01
8.757101297378540039e-01
8.758996725082397461e-01
8.738636374473571777e-01
8.524254560470581055e-01
8.524850010871887207e-01
8.545234203338623047e-01
8.529813885688781738e-01
8.536953926086425781e-01
8.509523272514343262e-01
8.556499481201171875e-01
8.531846404075622559e-01
8.519790172576904297e-01
8.533430695533752441e-01
8.536908030509948730e-01
8.533335924148559570e-01
8.558132648468017578e-01
8.528621196746826172e-01
8.523409366607666016e-01
8.523213267326354980e-01
8.518452644348144531e-01
8.519245386123657227e-01
