7.318491699999867706e+00
1.377909890000000814e+01
2.031148220000000038e+01
2.686645359999988614e+01
3.338949779999984457e+01
3.979850869999995666e+01
4.627413689999980306e+01
5.253362389999983861e+01
5.918468619999998737e+01
6.592121609999981047e+01
7.234935269999982665e+01
7.862398039999993671e+01
8.535925499999984822e+01
9.178846920000000864e+01
1.092048476999998456e+02
1.265881487999999990e+02
1.439097694999998112e+02
1.614997392999998738e+02
1.789449027999999089e+02
1.963228305999998611e+02
2.135984894999999142e+02
2.310442972999999256e+02
2.487596112999999605e+02
2.662946936999999252e+02
2.837827441999997973e+02
3.010186487999999372e+02
3.182829458999999588e+02
3.355433735999999953e+02
3.530743526999999631e+02
3.703475532999998450e+02
3.875052940999999009e+02
4.047312688999998045e+02
