8.310750126838684082e-01
6.885013580322265625e-01
6.805136203765869141e-01
8.375039696693420410e-01
7.940391302108764648e-01
5.930395722389221191e-01
4.957984983921051025e-01
4.658167362213134766e-01
4.397903382778167725e-01
4.141854047775268555e-01
3.884493410587310791e-01
3.839953243732452393e-01
3.672285676002502441e-01
3.590774238109588623e-01
3.504460752010345459e-01
3.452896177768707275e-01
3.428610563278198242e-01
3.260077238082885742e-01
3.250120282173156738e-01
3.184320926666259766e-01
3.119150996208190918e-01
3.115636408329010010e-01
3.041441142559051514e-01
2.994104325771331787e-01
2.919362783432006836e-01
2.882383763790130615e-01
2.832944989204406738e-01
2.805534899234771729e-01
2.761500775814056396e-01
2.749104797840118408e-01
2.701291739940643311e-01
2.643892168998718262e-01
2.616468667984008789e-01
2.606873512268066406e-01
2.538330554962158203e-01
2.530680596828460693e-01
2.516620159149169922e-01
2.513367235660552979e-01
2.498447000980377197e-01
2.403877973556518555e-01
2.744502723217010498e-01
2.567280828952789307e-01
2.502025663852691650e-01
2.414517700672149658e-01
2.355387508869171143e-01
2.271524071693420410e-01
2.232917547225952148e-01
2.191463559865951538e-01
2.146916836500167847e-01
2.086153775453567505e-01
2.449562698602676392e-01
2.270549535751342773e-01
2.191053777933120728e-01
2.112413197755813599e-01
2.024444639682769775e-01
1.962792128324508667e-01
1.903121322393417358e-01
2.180240899324417114e-01
2.041636705398559570e-01
1.932647079229354858e-01
1.849464625120162964e-01
1.791247576475143433e-01
