8.114268183708190918e-01
8.790718913078308105e-01
9.036142230033874512e-01
9.169667363166809082e-01
9.253629446029663086e-01
9.323548078536987305e-01
9.340435266494750977e-01
9.377050399780273438e-01
9.399464130401611328e-01
9.417454600334167480e-01
9.426293969154357910e-01
9.454702138900756836e-01
9.446495771408081055e-01
9.451390504837036133e-01
9.461964964866638184e-01
9.479010701179504395e-01
9.475378394126892090e-01
9.485322237014770508e-01
9.486111998558044434e-01
9.497473239898681641e-01
9.492264986038208008e-01
9.499999880790710449e-01
9.493529796600341797e-01
9.507260322570800781e-01
9.505522251129150391e-01
9.506313204765319824e-01
9.507732987403869629e-01
9.503314495086669922e-01
9.503155946731567383e-01
9.520360827445983887e-01
9.509627819061279297e-01
9.523357748985290527e-01
9.526198506355285645e-01
9.528881311416625977e-01
9.535669684410095215e-01
9.533774852752685547e-01
9.530304074287414551e-01
9.531564116477966309e-01
9.527145624160766602e-01
9.534563422203063965e-01
9.531250000000000000e-01
9.523357152938842773e-01
9.527935385704040527e-01
9.534407854080200195e-01
9.538666605949401855e-01
9.533774852752685547e-01
9.544507265090942383e-01
9.545610547065734863e-01
9.542141556739807129e-01
9.550977945327758789e-01
9.551609158515930176e-01
9.550033807754516602e-01
9.547033309936523438e-01
9.549872875213623047e-01
9.545297026634216309e-01
9.535671472549438477e-01
9.559344053268432617e-01
9.545139074325561523e-01
9.535195231437683105e-01
9.563919305801391602e-01
9.556187987327575684e-01
9.559342861175537109e-01
9.562186598777770996e-01
9.565500020980834961e-01
9.556975364685058594e-01
9.558238387107849121e-01
9.556977748870849609e-01
9.557608366012573242e-01
9.556503295898437500e-01
9.562500119209289551e-01
9.565024375915527344e-01
9.564866423606872559e-01
9.203323721885681152e-01
9.207937121391296387e-01
9.223212599754333496e-01
9.228723049163818359e-01
9.227479696273803711e-01
9.235019087791442871e-01
9.229313731193542480e-01
9.237101674079895020e-01
9.243600964546203613e-01
9.253969192504882812e-01
9.255111217498779297e-01
9.258433580398559570e-01
9.264385104179382324e-01
9.261953234672546387e-01
9.262849688529968262e-01
9.270833730697631836e-01
9.274948835372924805e-01
9.275250434875488281e-01
9.285219311714172363e-01
9.277234673500061035e-01
9.276091456413269043e-01
9.281749725341796875e-01
9.279711246490478516e-01
9.294889569282531738e-01
9.287798404693603516e-01
9.285120368003845215e-01
9.291273951530456543e-01
9.308434128761291504e-01
9.328669905662536621e-01
9.328617453575134277e-01
9.317409992218017578e-01
9.301686286926269531e-01
9.281647801399230957e-01
9.291865825653076172e-01
9.294938445091247559e-01
9.292562603950500488e-01
9.296478033065795898e-01
9.297668337821960449e-01
9.311705827713012695e-01
9.299753308296203613e-01
9.298909902572631836e-01
9.299305081367492676e-01
9.300444722175598145e-01
9.301686286926269531e-01
9.307145476341247559e-01
9.315277934074401855e-01
9.312056899070739746e-01
9.313544631004333496e-01
9.320136308670043945e-01
9.312503337860107422e-01
9.316716790199279785e-01
9.313344955444335938e-01
9.312598705291748047e-01
9.316564798355102539e-01
9.318007826805114746e-01
9.321629405021667480e-01
9.322918653488159180e-01
9.323065876960754395e-01
9.326936602592468262e-01
9.326987862586975098e-01
9.323414564132690430e-01
9.327132105827331543e-01
9.337499141693115234e-01
9.326485991477966309e-01
9.330011010169982910e-01
9.325299859046936035e-01
9.341816902160644531e-01
9.326981902122497559e-01
