9.255549500001507113e+00
1.823561049999989336e+01
2.709798080000109621e+01
3.601540699999895878e+01
4.491376800000216463e+01
5.371713480000107666e+01
6.289768950000143377e+01
7.180379520000133198e+01
8.055882850000125472e+01
8.957112039999992703e+01
9.840201990000059595e+01
1.072950702000016463e+02
1.162036975000009988e+02
1.249727055000003020e+02
1.338342422000023362e+02
1.428261951000022236e+02
1.516835276000019803e+02
1.606943967000006523e+02
1.695431310999993002e+02
1.783292629999996279e+02
1.870822944999999891e+02
1.958812270000016724e+02
2.046348486999995657e+02
2.133259942000004230e+02
2.223312450000012177e+02
2.310758076999991317e+02
2.397587096999995993e+02
2.486780700000017532e+02
2.574768455000012182e+02
2.662019906000023184e+02
2.752555584000001545e+02
2.839248588000009477e+02
2.927115467000003264e+02
3.014358753000014985e+02
3.103422059000004083e+02
3.192053354000017862e+02
3.280053088000022399e+02
3.366683512999989034e+02
3.452943020999991859e+02
3.541579335000024003e+02
3.629595149000015226e+02
3.722569814999988012e+02
3.811393921999988379e+02
3.898666565000021365e+02
3.988918121999995492e+02
4.077317193000017141e+02
4.164798408999995445e+02
4.251778140999995230e+02
4.339691590000002179e+02
4.427549094999994850e+02
4.514117499000021780e+02
4.601624751999988803e+02
4.689688678000020445e+02
4.777064936999995552e+02
4.865787152000011702e+02
5.090993621000015992e+02
5.319644774000007601e+02
5.547932164000012563e+02
5.775343771000007109e+02
5.999327293999995163e+02
6.226271531999991566e+02
6.453297486000010394e+02
6.677110744000019622e+02
6.907746326000014960e+02
7.134045126999990316e+02
7.365011936000009882e+02
7.592158801000005042e+02
7.816897853000009491e+02
8.045900191000000632e+02
8.275703820000017004e+02
8.515225898999997298e+02
8.754604179000016302e+02
8.987826628000002529e+02
9.216155909000008251e+02
9.442847877999993216e+02
9.671544964000022446e+02
9.899905728000012459e+02
1.013331306200001563e+03
1.036412477300000319e+03
