1.094113290309906006e-01
6.036343425512313843e-02
5.642918497323989868e-02
5.180945619940757751e-02
4.690362513065338135e-02
4.634463787078857422e-02
4.615646600723266602e-02
4.617111384868621826e-02
4.608217999339103699e-02
4.614621400833129883e-02
4.609282314777374268e-02
4.613674059510231018e-02
4.612713679671287537e-02
4.604663699865341187e-02
4.616256058216094971e-02
4.389853030443191528e-02
4.392911493778228760e-02
4.393320158123970032e-02
4.391294717788696289e-02
4.388181120157241821e-02
4.382494091987609863e-02
4.394598305225372314e-02
4.383860528469085693e-02
4.390281811356544495e-02
