2.343757060000007186e+01
4.246380720000070141e+01
6.165465050000057090e+01
8.075377420000040729e+01
1.000684430999999677e+02
1.188048783000003823e+02
1.375524048000006587e+02
1.571690028000002712e+02
1.772950462000007974e+02
1.966160483000003296e+02
2.154602369000003819e+02
2.344201894000007087e+02
2.538819455000002563e+02
2.728383280000007289e+02
2.919275251000008211e+02
3.273163177000005817e+02
3.638365026000001308e+02
3.999488817000001291e+02
4.365039264000006369e+02
4.742609550000006493e+02
5.111755287000005410e+02
5.506025650999999925e+02
5.886577040000001944e+02
6.258565484000000652e+02
