8.094799400000001199e+00
1.267950150000000065e+01
1.731600399999999951e+01
2.193537620000000032e+01
2.654440539999999871e+01
3.116614989999999707e+01
3.575330950000000030e+01
4.036322329999999425e+01
4.489049610000000001e+01
4.957118279999999544e+01
5.407212909999999795e+01
5.874247319999999917e+01
6.332396500000000117e+01
6.790732969999999113e+01
7.251590249999999571e+01
7.707883329999999944e+01
8.168950699999999188e+01
8.628732359999999346e+01
9.084817300000000273e+01
9.545399499999999193e+01
1.000297036999999989e+02
1.045655749999999955e+02
1.091178432999999899e+02
1.136684127999999987e+02
1.182100107999999921e+02
1.228103294000000005e+02
1.275613979999999827e+02
1.322496914000000174e+02
1.369461919000000023e+02
1.416375280999999973e+02
1.462763412000000187e+02
1.508305852000000016e+02
1.553973888000000159e+02
1.606978325000000041e+02
1.652932440000000156e+02
1.698976259000000084e+02
1.744714998000000037e+02
1.791029167000000086e+02
1.836940002999999990e+02
1.881820905000000153e+02
1.929093664000000103e+02
1.975046877999999992e+02
2.021205423000000110e+02
2.067109041000000218e+02
2.235023638000000119e+02
2.401348686999999984e+02
2.568216335999999842e+02
2.735376001000000201e+02
2.902440824999999904e+02
3.070507539000000179e+02
3.238552599999999870e+02
3.407828668999999877e+02
3.576922447000000034e+02
3.745023525000000291e+02
3.912358768000000282e+02
4.079749040000000377e+02
4.249933371000000193e+02
4.419373433000000091e+02
4.586260778999999843e+02
4.754068950000000200e+02
4.922040908000000172e+02
5.089825959000000353e+02
5.255913256000000047e+02
5.424627375000000029e+02
5.590436541000000261e+02
5.760614815999999792e+02
5.927396320999999944e+02
6.095189457000000175e+02
6.264121958000000632e+02
6.432398440000000619e+02
6.601033905000000459e+02
6.769823271999999861e+02
6.939323731000000635e+02
7.107391776000000618e+02
7.275458567000000585e+02
7.442012388000000556e+02
7.609523536000000377e+02
7.777008845999999949e+02
7.944321370999999772e+02
8.114438027999999576e+02
8.281888311000000158e+02
8.449275585999999976e+02
8.617121100000000524e+02
8.785057150000000092e+02
8.953932191000000103e+02
9.121475437999999940e+02
9.289178259000000253e+02
9.458849724000000379e+02
9.628638962999999649e+02
9.799078332999999930e+02
9.966932930000000397e+02
1.013557198900000003e+03
1.030504002599999922e+03
1.047406643999999915e+03
1.064321774999999889e+03
1.080927062699999851e+03
1.097950871799999959e+03
