5.763574242591857910e-01
6.275568604469299316e-01
6.494949460029602051e-01
6.719380617141723633e-01
6.898989677429199219e-01
7.065340280532836914e-01
7.176452875137329102e-01
7.338069081306457520e-01
7.457703351974487305e-01
7.522726058959960938e-01
7.679923772811889648e-01
7.794821858406066895e-01
7.881313562393188477e-01
7.962752580642700195e-01
8.089014291763305664e-01
8.173611760139465332e-01
8.265783786773681641e-01
8.427398800849914551e-01
8.498736023902893066e-01
8.596591353416442871e-01
8.704544901847839355e-01
8.788510560989379883e-01
8.911616206169128418e-01
9.001578092575073242e-01
9.090593457221984863e-01
9.166980981826782227e-01
9.250317215919494629e-01
9.315973520278930664e-01
9.374052286148071289e-01
9.411615133285522461e-01
9.488635659217834473e-01
9.541982412338256836e-01
9.566917419433593750e-01
9.625316262245178223e-01
9.654988646507263184e-01
9.681819677352905273e-01
9.726325273513793945e-01
9.729165434837341309e-01
9.761047959327697754e-01
9.773675799369812012e-01
9.780935049057006836e-01
9.805555343627929688e-01
9.825124740600585938e-01
9.829860925674438477e-01
9.834912419319152832e-01
9.829860329627990723e-01
9.850694537162780762e-01
9.856375455856323242e-01
9.873419404029846191e-01
9.875945448875427246e-01
9.877525568008422852e-01
9.882887601852416992e-01
9.886361956596374512e-01
9.892675876617431641e-01
9.910036921501159668e-01
9.895202517509460449e-01
9.903724193572998047e-01
9.887307882308959961e-01
9.897727370262145996e-01
9.905617237091064453e-01
9.894887804985046387e-01
9.902461767196655273e-01
9.910984635353088379e-01
9.904984235763549805e-01
9.910039305686950684e-01
9.900253415107727051e-01
9.910983443260192871e-01
9.904988408088684082e-01
9.904671311378479004e-01
9.900565147399902344e-01
9.900882840156555176e-01
9.905933141708374023e-01
9.904986023902893066e-01
9.903723001480102539e-01
9.894253015518188477e-01
9.901514053344726562e-01
9.906249046325683594e-01
9.901829361915588379e-01
9.899619817733764648e-01
9.898989796638488770e-01
9.892042279243469238e-01
9.899619221687316895e-01
9.892042279243469238e-01
9.899933338165283203e-01
9.897724390029907227e-01
9.900881648063659668e-01
9.895515441894531250e-01
9.892358183860778809e-01
9.893938302993774414e-01
9.887623786926269531e-01
9.899305701255798340e-01
9.898356795310974121e-01
9.895833134651184082e-01
9.888573884963989258e-01
9.900881052017211914e-01
9.898989796638488770e-01
9.896776080131530762e-01
9.886994361877441406e-01
9.895200133323669434e-01
9.895516037940979004e-01
9.607142210006713867e-01
9.650793671607971191e-01
9.650098681449890137e-01
9.649996757507324219e-01
9.652280211448669434e-01
9.646924734115600586e-01
9.644144177436828613e-01
9.647024869918823242e-01
9.646529555320739746e-01
9.652777314186096191e-01
9.649699330329895020e-01
9.651590585708618164e-01
9.651287198066711426e-01
9.659224748611450195e-01
9.649902582168579102e-01
9.655757546424865723e-01
9.661211967468261719e-01
9.641268253326416016e-01
9.649109840393066406e-01
9.654759764671325684e-01
9.649999141693115234e-01
9.655358195304870605e-01
9.660516381263732910e-01
9.658039808273315430e-01
9.657240509986877441e-01
9.656445384025573730e-01
9.655753970146179199e-01
9.664183855056762695e-01
9.656941294670104980e-01
9.666171669960021973e-01
9.665378332138061523e-01
9.669842720031738281e-01
9.656547307968139648e-01
9.671429395675659180e-01
9.673016071319580078e-01
9.667260050773620605e-01
9.672817587852478027e-01
9.676189422607421875e-01
9.665872454643249512e-01
9.670636057853698730e-01
9.668951630592346191e-01
9.673215150833129883e-01
9.671431779861450195e-01
9.667755961418151855e-01
9.667462110519409180e-01
9.678966999053955078e-01
9.681645631790161133e-01
9.681944251060485840e-01
9.684821367263793945e-01
9.678868651390075684e-01
9.687106013298034668e-01
9.691966772079467773e-01
9.682337045669555664e-01
9.689784646034240723e-01
9.694247245788574219e-01
9.684028029441833496e-01
9.692659378051757812e-01
9.688593149185180664e-01
9.686607122421264648e-01
9.695138335227966309e-01
9.696428775787353516e-01
9.695832133293151855e-01
9.701886177062988281e-01
9.690078496932983398e-01
9.698416590690612793e-01
9.697917103767395020e-01
9.696233272552490234e-01
9.702084064483642578e-01
9.698514342308044434e-01
9.690078496932983398e-01
9.710121154785156250e-01
9.706846475601196289e-01
9.697320461273193359e-01
9.701986908912658691e-01
9.708926081657409668e-01
9.702378511428833008e-01
9.697423577308654785e-01
