1.117938250000008793e+01
2.040915880000000016e+01
2.965437910000002830e+01
3.891056610000009641e+01
4.817724940000005063e+01
5.737148530000001756e+01
6.663655770000002576e+01
7.591264970000008816e+01
8.511201479999999719e+01
9.439304509999999482e+01
1.036649968000000399e+02
1.128171538999999939e+02
1.219618854000000283e+02
1.311173565000000281e+02
1.402225358000000597e+02
1.493784906000000774e+02
1.585254155000000083e+02
1.678169985000000679e+02
1.769678062000000409e+02
1.861224606000000676e+02
1.952991145000000870e+02
2.044270038000000795e+02
2.135754944000000251e+02
2.227058910000000651e+02
2.318518503000000237e+02
2.410007417000000487e+02
2.501822292000000516e+02
2.593355820000000449e+02
2.685040505000000621e+02
2.776194004000000177e+02
2.867802088000000822e+02
2.959367918000000373e+02
3.050312690000000657e+02
3.141891317000000754e+02
3.233006263000000899e+02
3.324661215000000993e+02
3.416169723000000431e+02
3.507267487999999958e+02
3.598844675000000279e+02
3.690242296000000124e+02
3.781563434000000825e+02
3.872827506000000994e+02
3.964406217000000652e+02
4.055631788000000597e+02
4.147479741000000786e+02
4.238888795999999957e+02
4.330067187000000786e+02
4.421703889000000345e+02
4.513361149000000978e+02
4.604889026000000740e+02
4.696767526000000998e+02
4.789040983000001006e+02
4.880261348999999882e+02
4.972041647000000921e+02
5.063419956000000184e+02
5.155108792999999423e+02
5.246724695000000338e+02
5.338343812000000526e+02
5.429549641999999494e+02
5.521214787999999771e+02
5.613354564000001119e+02
5.704677728999999999e+02
5.798551280000001498e+02
5.890194215999999869e+02
5.981333552999999483e+02
6.072888411999999789e+02
6.165520054999999502e+02
6.257183665000000019e+02
6.348510185000000092e+02
6.439289393000001382e+02
6.531164181999999983e+02
6.622845420999999533e+02
6.713930233999999473e+02
6.805375988000000689e+02
6.897043510999999398e+02
6.988294786999999815e+02
7.080001497000000654e+02
7.172262063000000580e+02
7.263243949000000157e+02
7.354955896000001303e+02
7.446886564999999791e+02
7.539909288000001197e+02
7.632001287000000502e+02
7.723892697999999655e+02
7.815026967000001150e+02
7.906423451000000568e+02
7.997579313999999613e+02
8.088953880000001391e+02
8.180983169000000998e+02
8.272819841000000451e+02
8.364141306999999870e+02
8.455841460999999981e+02
8.547274016000001211e+02
8.638698306000001139e+02
8.730211249999999836e+02
8.822012059000001045e+02
8.913302000999999564e+02
9.005904743999999482e+02
9.097596473999999489e+02
9.188780189000001428e+02
9.476370024000000285e+02
9.763331785000000309e+02
1.005020028899999943e+03
1.033753723300000047e+03
1.062561410300000034e+03
1.091358135700000048e+03
1.120146567499999946e+03
1.148870041500000070e+03
1.177573811800000158e+03
1.206315664500000139e+03
1.235044264000000112e+03
1.263808281999999963e+03
1.292575469900000144e+03
1.321330854900000077e+03
1.350096344799999997e+03
1.378970378299999993e+03
1.407726313800000071e+03
1.436810816700000032e+03
1.465781897600000093e+03
1.494550232300000062e+03
1.523316379399999960e+03
1.552088742099999990e+03
1.580885557500000004e+03
1.609665584500000250e+03
1.638400716400000192e+03
1.667123606700000209e+03
1.695859877699999970e+03
1.724703127500000164e+03
1.753441041799999994e+03
1.782167005900000049e+03
1.810861580699999877e+03
1.839601229099999955e+03
1.868412900399999899e+03
1.897230997100000195e+03
1.926022659900000008e+03
1.954803548200000250e+03
1.983552384100000154e+03
2.012355120100000249e+03
2.041071002599999929e+03
2.069904695999999603e+03
2.098692329700000300e+03
2.127526517899999817e+03
2.156285249600000498e+03
2.185045370900000307e+03
2.213757141799999772e+03
2.242517567699999745e+03
2.271280819599999631e+03
2.300038448899999821e+03
2.328748259099999814e+03
2.357474710000000414e+03
2.386180829300000369e+03
2.414935419800000091e+03
2.443681478700000298e+03
2.472408112799999799e+03
2.501211597600000459e+03
2.530352026399999886e+03
2.559532578500000454e+03
2.588698001300000215e+03
2.617978979999999865e+03
2.646894591700000092e+03
2.675827617599999940e+03
2.704610186699999758e+03
2.733359108599999672e+03
2.762079803499999798e+03
2.790830513900000369e+03
2.819569328999999925e+03
2.848333427999999913e+03
2.877106470100000479e+03
2.905831133599999703e+03
2.934573666700000103e+03
