4.199837099999999879e+00
4.848793099999999967e+00
5.528369500000000158e+00
6.210967999999999378e+00
6.897524499999999392e+00
7.471962200000000109e+00
8.048538699999999935e+00
8.622252299999999536e+00
9.309857300000000890e+00
9.870262900000000172e+00
1.044478390000000090e+01
1.102039450000000009e+01
1.159702560000000027e+01
1.217132849999999955e+01
1.274628419999999984e+01
1.332053359999999920e+01
1.389705909999999989e+01
1.447264550000000050e+01
1.504715620000000165e+01
1.562173409999999940e+01
1.619491620000000154e+01
1.676569630000000188e+01
1.733714779999999678e+01
1.802359030000000217e+01
1.860023799999999738e+01
1.917576700000000045e+01
1.974971550000000065e+01
2.034028380000000169e+01
2.091578619999999944e+01
2.252943799999999896e+01
2.412853290000000328e+01
2.564954860000000281e+01
2.716454829999999987e+01
2.868541439999999909e+01
3.031044019999999506e+01
3.190278059999999982e+01
3.336863179999999574e+01
3.499460940000000164e+01
3.648196999999999690e+01
3.799409099999999739e+01
3.971542219999999901e+01
4.123274049999999846e+01
4.270614059999999768e+01
4.431367279999999909e+01
4.579465359999999663e+01
4.729363459999999719e+01
4.901470069999999879e+01
5.073100819999999800e+01
5.246187259999999952e+01
5.429962340000000154e+01
5.606328279999999609e+01
5.768339199999999778e+01
5.921239769999999680e+01
6.073258129999999966e+01
6.234232109999999949e+01
6.385528319999999525e+01
6.537169250000000886e+01
6.701119490000000667e+01
6.863647370000001047e+01
7.013641370000000563e+01
7.169370340000000397e+01
7.318623940000000516e+01
7.466660140000000467e+01
7.630925630000000126e+01
7.780187949999999830e+01
7.929248340000000894e+01
8.077166960000000984e+01
8.226648529999999937e+01
8.375936130000000901e+01
8.525215000000000032e+01
8.673571540000000368e+01
8.824678560000000971e+01
8.985122379999999964e+01
9.132913090000000977e+01
9.282333450000000141e+01
9.432367030000000341e+01
9.583225450000000478e+01
9.734672410000000298e+01
9.886382410000000220e+01
1.003756958000000026e+02
1.018909895000000034e+02
1.033908547999999996e+02
1.050808567000000124e+02
1.065787656000000112e+02
1.080480251000000038e+02
1.095215285000000023e+02
1.109967012000000040e+02
1.124856531000000075e+02
1.139667715000000072e+02
1.154547008000000119e+02
1.169423837000000077e+02
1.184239245000000125e+02
1.199501469000000071e+02
1.213596600999999993e+02
1.230355339000000043e+02
1.247597063000000048e+02
1.267608125999999942e+02
1.285857456999999897e+02
1.304139253999999823e+02
1.322336169999999811e+02
1.340413295999999832e+02
1.357064447999999857e+02
1.376645544999999800e+02
1.393522135999999989e+02
1.412488894999999900e+02
1.430331044999999790e+02
1.446063426000000049e+02
1.462756789000000026e+02
1.479282831999999814e+02
1.495968217999999865e+02
1.510505575999999905e+02
1.527352190999999948e+02
1.544312350999999808e+02
1.561007960000000026e+02
1.579904340999999874e+02
1.597932979999999930e+02
1.613851090999999940e+02
1.632931700000000035e+02
1.652180780999999854e+02
1.669647372000000018e+02
1.686293057999999974e+02
1.704927635999999893e+02
1.721001888999999778e+02
1.739803106999999898e+02
