9.217487699999999506e+00
1.492117259999999845e+01
2.062219100000000083e+01
2.633195080000000132e+01
3.240350149999999729e+01
3.816806489999999741e+01
4.371217240000000004e+01
4.981899460000000346e+01
5.549856040000000235e+01
6.132149780000000305e+01
6.712272600000000011e+01
7.292285280000000114e+01
7.859946709999999825e+01
8.460458649999999636e+01
9.017382069999999317e+01
9.608307729999999935e+01
1.018976282999999938e+02
1.075410056999999995e+02
1.131445020999999969e+02
1.189113641000000001e+02
1.245694881000000009e+02
1.302478857999999775e+02
1.360943145999999899e+02
1.418886222999999802e+02
1.476909101999999905e+02
1.536528867999999761e+02
1.598813803999999834e+02
1.656846257999999921e+02
1.714775798999999950e+02
1.773053808999999887e+02
1.829281550999999979e+02
1.888180797999999925e+02
1.947515356999999767e+02
2.005307610999999781e+02
2.061829991999999834e+02
2.120949340999999890e+02
2.178357429999999795e+02
2.236081447999999909e+02
2.293028109999999913e+02
2.349299783999999818e+02
2.410628589999999747e+02
2.467237105999999756e+02
2.524620455999999820e+02
2.582099633999999924e+02
2.639283546999999999e+02
2.696379663999999821e+02
2.754170914999999695e+02
2.810524131999999895e+02
2.869512081999999964e+02
2.926535687999999595e+02
2.982778086999999800e+02
3.039131995999999845e+02
3.095956431999999836e+02
3.149436286999999766e+02
3.208057162000000062e+02
3.266084513999999785e+02
3.321567249999999945e+02
3.378138376999999650e+02
3.434953666999999768e+02
3.490443194999999719e+02
3.546350302999999826e+02
3.603182363999999893e+02
3.658385070999999584e+02
3.713394150999999965e+02
3.772761222999999973e+02
3.828711475000000064e+02
3.884910243999999580e+02
3.941191886999999952e+02
3.999725718999999913e+02
4.056175834999999665e+02
4.113289236999999616e+02
4.172568544999999745e+02
4.229312980999999922e+02
4.286625027000000046e+02
4.343924231999999961e+02
4.399110387999999716e+02
4.457485412999999994e+02
4.513665348000000108e+02
4.569749051999999665e+02
4.627445589999999811e+02
4.683483894999999961e+02
4.742217483999999672e+02
4.798974554000000126e+02
4.855980002000000013e+02
4.911308409000000097e+02
4.971051345999999853e+02
5.027676299999999969e+02
5.083585936000000061e+02
5.139858000000000402e+02
5.199702489999999671e+02
5.255062693999999510e+02
5.311625543999999763e+02
5.366760498999999527e+02
5.422276299999999765e+02
5.478746680000000424e+02
5.532216687000000093e+02
5.590137789999999995e+02
5.646189544999999725e+02
5.701919248000000380e+02
5.759446305999999822e+02
5.922884232999999767e+02
6.086854961999999887e+02
6.248119361999999910e+02
6.417605161999999837e+02
6.581543216000000029e+02
6.746203057000000172e+02
6.907950496999999359e+02
7.076002469000000019e+02
7.239396587999999610e+02
7.403852359999999635e+02
7.566972059999999374e+02
7.730220634999999447e+02
7.895667492000000038e+02
8.056940286000000242e+02
8.225515008999999509e+02
8.389541755999999850e+02
8.555148431999999730e+02
8.718277388000000201e+02
8.882442010999999411e+02
9.046320498000000043e+02
9.211139233999999760e+02
9.374913199999999733e+02
9.538719136999999364e+02
9.703925308000000314e+02
9.867713598000000275e+02
1.003356441000000018e+03
1.019669358200000033e+03
1.036036203999999998e+03
1.052517453100000012e+03
1.069240022200000112e+03
1.085555181200000106e+03
1.102019039000000021e+03
1.118823780800000122e+03
1.135434650500000089e+03
1.152041138799999999e+03
1.168357205800000202e+03
1.184877632100000028e+03
1.201099151800000072e+03
1.217966557000000194e+03
1.234743396000000075e+03
1.251279891099999986e+03
1.267786887100000058e+03
1.284267412800000102e+03
1.300659050500000149e+03
1.317234219800000119e+03
1.334100124000000051e+03
1.350636453700000175e+03
1.367172746899999993e+03
1.384072103599999991e+03
1.400484236000000010e+03
1.417134912600000007e+03
1.433757514399999991e+03
1.450280160200000182e+03
1.467092647600000191e+03
1.483556401499999993e+03
1.500721492600000147e+03
1.517356358800000180e+03
1.534228294100000085e+03
1.551058673800000179e+03
1.567803132700000106e+03
1.584626893900000141e+03
1.601391630400000167e+03
1.618368304300000091e+03
1.635090789200000017e+03
1.652037460500000179e+03
1.668832891000000018e+03
1.685597111900000073e+03
1.702711026800000127e+03
1.719426527000000078e+03
1.735990689000000202e+03
1.752819326000000046e+03
1.769711530700000139e+03
1.786576940700000023e+03
1.803674391800000194e+03
1.819999415900000031e+03
1.837088847700000088e+03
1.853984269100000120e+03
1.870970883500000127e+03
1.887519356800000196e+03
1.904743015800000194e+03
1.921481008800000154e+03
1.938314899100000048e+03
1.955419807600000013e+03
1.972532029400000056e+03
