1.198197810000010577e+01
2.249452289999999266e+01
3.309519909999994525e+01
4.339605840000012904e+01
5.395532550000007177e+01
6.445257330000004004e+01
7.475296570000000429e+01
8.525536770000007891e+01
9.560052369999993971e+01
1.058825208000000657e+02
1.162939621000000443e+02
1.267811933000000408e+02
1.371341213000000607e+02
1.476696779999999762e+02
1.586932898000000023e+02
1.690631453999999394e+02
1.795392156000000341e+02
1.899445123000000422e+02
2.002509810999999900e+02
2.107921312999999373e+02
2.212471216000001277e+02
2.316031330000000708e+02
2.420611263000000690e+02
2.522856856000000789e+02
2.623594270999999480e+02
2.726639525000000503e+02
2.829757869000000028e+02
2.931430781999999908e+02
3.034692784000001211e+02
3.137082557000001088e+02
3.238431388999999854e+02
3.341880051000000549e+02
3.445112925000000814e+02
3.545486966000000848e+02
3.649841816000000563e+02
3.753549514999999701e+02
3.854365248000001429e+02
3.958350192000000334e+02
4.060779743000000508e+02
4.161539737000000514e+02
4.264392930999999862e+02
4.366653750000000400e+02
4.466949529000000894e+02
4.570946146000001136e+02
4.673193258999999671e+02
4.773321986999999353e+02
4.876406997999999930e+02
4.979278534000000036e+02
5.079678269000000910e+02
5.183194866999999704e+02
5.285623568000000887e+02
5.386160929000000124e+02
5.489709385000001021e+02
5.592023168000000624e+02
5.693784347000000707e+02
5.796368790000001354e+02
5.900135801000001265e+02
5.999804610999999568e+02
6.103323410000000422e+02
6.204738431000000674e+02
6.306288690999999744e+02
6.410349765999999363e+02
6.512666486000000532e+02
6.614069061000000147e+02
6.717837186000001566e+02
6.821606979000000592e+02
6.923171876999999768e+02
7.027154055999999400e+02
7.129361231000000316e+02
7.230676716000000397e+02
7.335256357000000662e+02
7.436867506000000958e+02
7.538176105000000007e+02
7.642120265000000927e+02
7.746053102000000763e+02
7.848079256999999416e+02
7.953080443000001196e+02
8.057991349000001264e+02
8.160238412999999582e+02
8.265319446999999400e+02
8.371273639000000912e+02
8.474902509000000919e+02
8.580498420999999780e+02
8.686163470999999845e+02
8.788812344000000394e+02
8.894023938000000271e+02
8.999458736999999928e+02
9.103809249999999338e+02
9.210404714999999669e+02
9.316129892999999811e+02
9.419799153000001297e+02
9.525663249000001542e+02
9.632467254000000594e+02
9.736028749000001881e+02
9.842264845999998215e+02
9.948394840999999360e+02
1.005321151099999952e+03
1.015931655400000182e+03
1.026606270799999947e+03
1.037022094800000104e+03
1.047807443900000180e+03
1.058394407199999932e+03
1.068979293700000198e+03
1.079761868600000071e+03
1.090439262500000041e+03
1.101008007800000087e+03
1.111795917700000246e+03
1.122501967600000171e+03
1.133101750899999843e+03
1.143996777299999849e+03
1.154812704500000109e+03
1.165413845900000069e+03
1.176271213399999851e+03
1.187081250799999907e+03
1.197689887600000020e+03
1.208518741100000170e+03
1.219334744900000260e+03
1.230024596300000212e+03
1.240935305099999823e+03
1.251825920499999938e+03
1.262528612800000246e+03
1.273325820600000043e+03
1.284099399700000049e+03
1.294904962999999952e+03
1.305894732799999929e+03
1.316730419099999835e+03
1.327412332700000206e+03
1.338444425900000169e+03
1.349386119400000098e+03
1.360100925300000199e+03
1.371014655500000117e+03
1.381917215500000111e+03
1.392679631599999993e+03
1.403636180999999851e+03
1.414609817999999905e+03
1.425428323799999816e+03
1.436371306000000004e+03
1.447338886800000182e+03
1.458161701099999846e+03
1.469211932499999875e+03
1.480160146900000200e+03
1.491052816599999915e+03
1.502748682100000224e+03
1.513725953399999980e+03
1.524623743699999977e+03
1.535784826300000077e+03
1.546855526800000007e+03
1.557759247599999981e+03
1.568847893699999986e+03
1.579862685900000088e+03
1.590665728299999955e+03
1.601693679099999827e+03
1.612680598500000087e+03
1.623650220200000149e+03
1.634758637599999929e+03
1.645800652100000207e+03
1.656887806000000182e+03
1.667997743899999932e+03
1.679177469100000053e+03
1.690156015200000184e+03
1.701323395200000050e+03
1.712493142299999818e+03
1.723521023000000241e+03
1.734744168700000046e+03
1.746076870100000178e+03
1.757206463900000017e+03
1.768565986600000087e+03
1.779845116299999972e+03
1.790994560799999817e+03
1.802269367200000033e+03
1.813573223800000051e+03
1.824745222000000012e+03
1.836110361300000022e+03
1.847538707199999862e+03
1.858781410200000209e+03
1.870283632799999850e+03
1.882043779300000097e+03
1.893496533099999851e+03
