5.219790935516357422e-01
5.299305915832519531e-01
5.298610925674438477e-01
5.371875166893005371e-01
5.361805558204650879e-01
5.336111187934875488e-01
5.390971302986145020e-01
5.416666269302368164e-01
5.369096994400024414e-01
5.386110544204711914e-01
5.346527695655822754e-01
5.406943559646606445e-01
5.389583110809326172e-01
5.386111736297607422e-01
5.408680438995361328e-01
5.424305200576782227e-01
5.430902242660522461e-01
5.427429676055908203e-01
5.432639122009277344e-01
5.437152385711669922e-01
5.460069775581359863e-01
5.423263311386108398e-01
5.449651479721069336e-01
5.478818416595458984e-01
5.432291626930236816e-01
5.477430224418640137e-01
5.405554771423339844e-01
5.451736450195312500e-01
5.445486307144165039e-01
5.462847352027893066e-01
5.495138764381408691e-01
5.447221994400024414e-01
5.485416650772094727e-01
5.474305152893066406e-01
5.479513406753540039e-01
5.487499833106994629e-01
5.524653792381286621e-01
5.543055534362792969e-01
5.558332204818725586e-01
5.492014288902282715e-01
5.513888597488403320e-01
5.546180605888366699e-01
5.533333420753479004e-01
5.520833134651184082e-01
5.508680939674377441e-01
5.529862046241760254e-01
5.530555248260498047e-01
5.530902147293090820e-01
5.538889169692993164e-01
5.384374856948852539e-01
5.574305057525634766e-01
5.613195300102233887e-01
5.669097304344177246e-01
5.685416460037231445e-01
5.724651813507080078e-01
5.649652481079101562e-01
5.783680677413940430e-01
5.738542079925537109e-01
5.774999856948852539e-01
5.751736760139465332e-01
5.797568559646606445e-01
5.762500166893005371e-01
5.809722542762756348e-01
5.850694775581359863e-01
5.824652314186096191e-01
5.826736688613891602e-01
5.830902457237243652e-01
5.849304795265197754e-01
5.836110711097717285e-01
5.847221612930297852e-01
5.816667079925537109e-01
5.826041102409362793e-01
5.693055987358093262e-01
5.828124880790710449e-01
5.927083492279052734e-01
5.904861092567443848e-01
5.982986092567443848e-01
5.965625643730163574e-01
6.011111140251159668e-01
6.035416126251220703e-01
6.090278625488281250e-01
6.100347042083740234e-01
6.054515242576599121e-01
6.142361164093017578e-01
6.144096851348876953e-01
6.189584136009216309e-01
6.185416579246520996e-01
6.213541626930236816e-01
6.228819489479064941e-01
6.189236640930175781e-01
6.207639575004577637e-01
6.291666626930236816e-01
6.267361640930175781e-01
6.255207061767578125e-01
6.310415863990783691e-01
6.243750452995300293e-01
6.318055987358093262e-01
6.301041245460510254e-01
6.353124380111694336e-01
6.336805820465087891e-01
6.309027671813964844e-01
6.344791054725646973e-01
6.319444179534912109e-01
6.359027624130249023e-01
6.354514360427856445e-01
6.314583420753479004e-01
6.425347328186035156e-01
6.408681273460388184e-01
6.421180963516235352e-01
6.406596302986145020e-01
6.412152647972106934e-01
6.383332610130310059e-01
6.383679509162902832e-01
6.434026360511779785e-01
6.413541436195373535e-01
6.388194561004638672e-01
6.415972113609313965e-01
6.429861187934875488e-01
6.423957943916320801e-01
6.471180915832519531e-01
6.514235138893127441e-01
6.530209183692932129e-01
6.464582085609436035e-01
6.470833420753479004e-01
6.470833420753479004e-01
6.274306178092956543e-01
6.352777481079101562e-01
6.396874785423278809e-01
6.445484757423400879e-01
6.531944274902343750e-01
6.482291221618652344e-01
6.556944251060485840e-01
6.536805629730224609e-01
6.543055772781372070e-01
6.551388502120971680e-01
6.620140075683593750e-01
6.649653911590576172e-01
6.622568368911743164e-01
6.696874499320983887e-01
6.668750643730163574e-01
6.741667389869689941e-01
6.651389598846435547e-01
6.772570013999938965e-01
6.757291555404663086e-01
6.769098043441772461e-01
6.777430772781372070e-01
6.765278577804565430e-01
6.813889145851135254e-01
6.858680844306945801e-01
6.814930438995361328e-01
6.827430129051208496e-01
6.884029507637023926e-01
6.827082037925720215e-01
6.884375214576721191e-01
6.884374022483825684e-01
6.915624737739562988e-01
6.915624737739562988e-01
6.930902600288391113e-01
6.901041269302368164e-01
6.955903768539428711e-01
6.899999380111694336e-01
6.888195872306823730e-01
6.971181631088256836e-01
6.938888430595397949e-01
6.926388740539550781e-01
6.893749237060546875e-01
6.920832991600036621e-01
6.950694322586059570e-01
6.979861259460449219e-01
6.981945037841796875e-01
6.983680129051208496e-01
7.051735520362854004e-01
6.980555653572082520e-01
6.942708492279052734e-01
7.070137262344360352e-01
7.072916626930236816e-01
7.111805677413940430e-01
7.143751382827758789e-01
7.153820991516113281e-01
7.186111211776733398e-01
7.194790840148925781e-01
7.255556583404541016e-01
7.282985448837280273e-01
7.242362499237060547e-01
7.271875739097595215e-01
7.310761809349060059e-01
7.332640290260314941e-01
7.303819060325622559e-01
7.324652075767517090e-01
7.286806702613830566e-01
7.297917008399963379e-01
7.331250905990600586e-01
7.318055629730224609e-01
7.336110472679138184e-01
7.297918200492858887e-01
7.310068607330322266e-01
7.338889241218566895e-01
7.351043224334716797e-01
7.400694489479064941e-01
7.394791245460510254e-01
7.364583611488342285e-01
7.395139932632446289e-01
7.359027266502380371e-01
7.379512786865234375e-01
7.369444966316223145e-01
7.348263263702392578e-01
7.399652004241943359e-01
7.408332824707031250e-01
7.370831370353698730e-01
7.411110401153564453e-01
7.416318655014038086e-01
7.375347018241882324e-01
7.463889122009277344e-01
7.422916889190673828e-01
7.413542866706848145e-01
7.420833706855773926e-01
7.387153506278991699e-01
7.448610663414001465e-01
7.417708039283752441e-01
7.404167056083679199e-01
7.472917437553405762e-01
7.406944036483764648e-01
7.427430748939514160e-01
7.455209493637084961e-01
7.456250190734863281e-01
7.454860210418701172e-01
7.435764074325561523e-01
7.404165863990783691e-01
7.429860830307006836e-01
7.403817772865295410e-01
7.407985925674438477e-01
7.428472042083740234e-01
7.459028363227844238e-01
7.447917461395263672e-01
7.387501597404479980e-01
7.378818988800048828e-01
7.336111664772033691e-01
7.352430820465087891e-01
7.323265075683593750e-01
7.364583015441894531e-01
7.369445562362670898e-01
7.371875643730163574e-01
7.387847900390625000e-01
7.421874403953552246e-01
7.318403720855712891e-01
7.342013716697692871e-01
7.344790697097778320e-01
7.392014265060424805e-01
7.304514050483703613e-01
7.380208373069763184e-01
7.337499856948852539e-01
7.370138764381408691e-01
7.303818464279174805e-01
7.432986497879028320e-01
7.390972375869750977e-01
7.403820157051086426e-01
7.381597161293029785e-01
7.360417246818542480e-01
7.395485639572143555e-01
7.389581799507141113e-01
7.363888621330261230e-01
7.354167103767395020e-01
7.351736426353454590e-01
7.359027862548828125e-01
7.406945228576660156e-01
7.367706894874572754e-01
