8.077651858329772949e-01
8.650411367416381836e-01
8.887310624122619629e-01
8.999210596084594727e-01
9.063131809234619141e-01
9.130839705467224121e-01
9.190182685852050781e-01
9.205334186553955078e-01
9.228219985961914062e-01
9.267835021018981934e-01
9.287406206130981445e-01
9.303032755851745605e-01
9.318971037864685059e-01
9.336805939674377441e-01
9.354167580604553223e-01
9.363951086997985840e-01
9.371843338012695312e-01
9.377999305725097656e-01
9.384629130363464355e-01
9.402935504913330078e-01
9.415719509124755859e-01
9.411772489547729492e-01
9.417455792427062988e-01
9.428189396858215332e-01
9.431820511817932129e-01
9.449020624160766602e-01
9.456439018249511719e-01
9.441446065902709961e-01
9.467170834541320801e-01
9.463698863983154297e-01
9.478692412376403809e-01
9.480271935462951660e-01
9.472537040710449219e-01
9.483587145805358887e-01
9.495736956596374512e-01
9.494002461433410645e-01
9.507574439048767090e-01
9.496840238571166992e-01
9.490215778350830078e-01
9.504419565200805664e-01
9.509626030921936035e-01
9.511204361915588379e-01
9.509310722351074219e-01
9.503788948059082031e-01
9.519415497779846191e-01
9.512153863906860352e-01
9.529355764389038086e-01
9.529988169670104980e-01
9.520832300186157227e-01
9.521464705467224121e-01
9.522569179534912109e-01
9.522412419319152832e-01
9.530619382858276367e-01
9.535511136054992676e-01
9.528723359107971191e-01
9.532669782638549805e-01
9.531093239784240723e-01
9.525251984596252441e-01
9.531248807907104492e-01
9.522095322608947754e-01
9.522409439086914062e-01
9.517204165458679199e-01
9.531249403953552246e-01
9.530616998672485352e-01
9.522095918655395508e-01
9.527618288993835449e-01
9.537090063095092773e-01
9.527146220207214355e-01
9.530147314071655273e-01
9.522094130516052246e-01
9.527620673179626465e-01
9.535039067268371582e-01
9.529198408126831055e-01
9.533143639564514160e-01
9.531407952308654785e-01
9.531250000000000000e-01
9.534407854080200195e-01
9.527304172515869141e-01
9.526042342185974121e-01
9.519726634025573730e-01
9.535193443298339844e-01
9.537246823310852051e-01
9.537089467048645020e-01
9.547505378723144531e-01
9.517517685890197754e-01
9.530145525932312012e-01
9.534878730773925781e-01
9.533616900444030762e-01
9.541665315628051758e-01
9.536774158477783203e-01
9.535038471221923828e-01
9.534406661987304688e-01
9.541192650794982910e-01
9.541507363319396973e-01
9.532197713851928711e-01
9.543719887733459473e-01
9.547191262245178223e-01
9.542930126190185547e-01
9.534406661987304688e-01
9.544982314109802246e-01
9.176980853080749512e-01
9.196430444717407227e-01
9.198314547538757324e-01
9.194795489311218262e-01
9.211403727531433105e-01
9.216321706771850586e-01
9.208134412765502930e-01
9.208384752273559570e-01
9.207788705825805664e-01
9.213840961456298828e-01
9.212847948074340820e-01
9.223214983940124512e-01
9.232094287872314453e-01
9.229418039321899414e-01
9.227133393287658691e-01
9.222220182418823242e-01
9.229811429977416992e-01
9.229116439819335938e-01
9.227777719497680664e-01
9.225146770477294922e-01
9.236162304878234863e-01
9.233035445213317871e-01
9.226790070533752441e-01
9.238594174385070801e-01
9.239336252212524414e-01
9.244443774223327637e-01
9.251435995101928711e-01
9.235611557960510254e-01
9.242407083511352539e-01
9.254115223884582520e-01
9.252084493637084961e-01
9.251487255096435547e-01
9.253172874450683594e-01
9.244942069053649902e-01
9.250993728637695312e-01
9.249354004859924316e-01
9.253572225570678711e-01
9.261557459831237793e-01
9.251390695571899414e-01
9.250546097755432129e-01
9.249604940414428711e-01
9.257938861846923828e-01
9.250397682189941406e-01
9.254515767097473145e-01
9.254118800163269043e-01
9.256894588470458984e-01
9.260016679763793945e-01
9.259223937988281250e-01
9.263244867324829102e-01
9.264386892318725586e-01
9.261459112167358398e-01
9.261803030967712402e-01
9.271079897880554199e-01
9.272171258926391602e-01
9.275992512702941895e-01
9.264234900474548340e-01
9.271029829978942871e-01
9.266218543052673340e-01
9.268603324890136719e-01
9.271427989006042480e-01
9.265919923782348633e-01
9.274797439575195312e-01
9.268944263458251953e-01
9.268006086349487305e-01
9.277234077453613281e-01
9.268696904182434082e-01
