9.275174140930175781e-01
9.354165792465209961e-01
9.166666865348815918e-01
9.381510019302368164e-01
9.225694537162780762e-01
9.276043772697448730e-01
9.289930462837219238e-01
9.309461712837219238e-01
9.239584207534790039e-01
9.356771707534790039e-01
9.409722089767456055e-01
9.357640147209167480e-01
9.286459088325500488e-01
9.355033040046691895e-01
9.305989146232604980e-01
9.360241889953613281e-01
9.366320371627807617e-01
9.378473162651062012e-01
9.392795562744140625e-01
9.453125000000000000e-01
9.494358897209167480e-01
9.532550573348999023e-01
9.389322400093078613e-01
9.534721374511718750e-01
9.578993916511535645e-01
9.635416865348815918e-01
9.658420681953430176e-01
9.615449905395507812e-01
9.671874046325683594e-01
9.657551646232604980e-01
9.638889431953430176e-01
9.668837785720825195e-01
9.684025645256042480e-01
9.657118916511535645e-01
9.682292938232421875e-01
9.694877862930297852e-01
9.690972566604614258e-01
9.694878458976745605e-01
9.675780534744262695e-01
9.657987356185913086e-01
9.706163406372070312e-01
9.692708253860473633e-01
9.690971374511718750e-01
9.703125953674316406e-01
9.687500000000000000e-01
9.691840410232543945e-01
9.686198234558105469e-01
9.674479365348815918e-01
9.312068819999694824e-01
9.391322731971740723e-01
9.418309926986694336e-01
9.439440369606018066e-01
9.461148381233215332e-01
9.465861320495605469e-01
9.475956559181213379e-01
9.486429691314697266e-01
9.507851600646972656e-01
9.501620531082153320e-01
9.506059885025024414e-01
9.511057138442993164e-01
9.518704414367675781e-01
9.527477622032165527e-01
9.533511996269226074e-01
9.537196159362792969e-01
9.529740810394287109e-01
9.537855386734008789e-01
9.546442627906799316e-01
9.551346898078918457e-01
9.536722302436828613e-01
9.544834494590759277e-01
9.543234705924987793e-01
9.552953243255615234e-01
9.552004337310791016e-01
9.543610215187072754e-01
9.554744958877563477e-01
9.546818733215332031e-01
9.554648399353027344e-01
9.559276700019836426e-01
9.560307860374450684e-01
9.562197923660278320e-01
9.562195539474487305e-01
9.558048844337463379e-01
9.559369087219238281e-01
9.573616981506347656e-01
9.576918482780456543e-01
9.575877785682678223e-01
9.564836621284484863e-01
9.568989872932434082e-01
9.568992257118225098e-01
9.576914310455322266e-01
9.564840197563171387e-01
9.577295184135437012e-01
