5.533182599999918239e+00
8.940108999999893058e+00
1.247659399999997731e+01
1.592159730000003037e+01
1.934778319999986707e+01
2.281895299999996496e+01
2.629121450000002369e+01
2.971847200000001976e+01
3.318834040000001551e+01
3.704200880000007601e+01
4.045866479999995136e+01
4.395798609999997097e+01
4.741027869999993527e+01
5.078297799999995732e+01
5.428471579999995811e+01
5.774648129999991397e+01
6.117218209999987266e+01
6.461576089999994110e+01
6.807179819999987558e+01
7.145777629999997771e+01
7.495106340000006639e+01
7.841094369999996161e+01
8.186238939999998365e+01
8.534485339999991993e+01
8.878121160000000600e+01
9.218508470000006128e+01
9.567825300000004063e+01
9.917086549999999079e+01
1.026494883999998819e+02
1.060994556000000557e+02
1.095934884999999213e+02
1.130233938999999737e+02
1.165297278999998980e+02
1.200058887999998660e+02
1.234274100000000089e+02
1.269248245999999654e+02
1.302606223000000227e+02
1.338184886999999890e+02
1.373114238999999088e+02
1.408383346999999048e+02
1.442581276000000798e+02
1.477160360999998829e+02
1.511542991999999686e+02
1.546008529000000635e+02
1.581553171000000475e+02
1.616093066999999337e+02
1.650553271999999652e+02
1.685095117999999275e+02
1.796099308000000292e+02
1.906565375999998651e+02
2.019781113999999889e+02
2.129917236999999659e+02
2.241170709999998962e+02
2.351290707999999086e+02
2.462275102999999490e+02
2.572609107000000677e+02
2.683510244999999941e+02
2.794949383000000580e+02
2.904922349000000850e+02
3.015625422999999046e+02
3.124562633999998980e+02
3.236685150000000704e+02
3.347581149000000096e+02
3.456583763999999519e+02
3.567668624999998883e+02
3.678262549999999464e+02
3.789972846000000573e+02
3.900580985999999939e+02
4.010037153999999191e+02
4.121312092999999095e+02
4.231535825000000841e+02
4.341919789999999466e+02
4.451528246999998828e+02
4.563510244999999941e+02
4.674718453000000409e+02
4.785389840000000277e+02
4.896343658999999207e+02
5.007546823000000131e+02
5.118001065999999355e+02
5.229489212000000862e+02
5.339913811999999780e+02
5.449674651000000267e+02
5.560938421999999264e+02
5.671189904000000297e+02
5.781435735000000022e+02
5.892917165999999725e+02
6.004480849999999919e+02
6.115997325999999248e+02
6.226824440000000322e+02
6.336760363999999299e+02
6.448924488000000110e+02
6.560041065000000344e+02
