4.757001623511314392e-02
4.641674086451530457e-02
4.633270576596260071e-02
4.609110578894615173e-02
2.369530126452445984e-02
1.115760765969753265e-02
6.357550155371427536e-03
3.953990060836076736e-03
3.150689648464322090e-03
2.590706106275320053e-03
2.320999745279550552e-03
2.019144129008054733e-03
1.783934189006686211e-03
1.780727528966963291e-03
1.588430837728083134e-03
1.649240730330348015e-03
1.480018836446106434e-03
1.357670407742261887e-03
1.042022369801998138e-03
1.131558790802955627e-03
1.283197780139744282e-03
1.114833517931401730e-03
1.286385115236043930e-03
1.152231474407017231e-03
1.092231133952736855e-03
1.112509635277092457e-03
1.049771788530051708e-03
8.472555200569331646e-04
9.519945597276091576e-04
9.737187647260725498e-04
9.662510128691792488e-04
9.491516975685954094e-04
8.813281892798841000e-04
6.466308841481804848e-04
1.255654729902744293e-03
5.774783436208963394e-03
4.003539215773344040e-03
3.481087274849414825e-03
3.173580160364508629e-03
3.026709659025073051e-03
2.804897492751479149e-03
2.620069077238440514e-03
2.552005229517817497e-03
2.403044607490301132e-03
2.354302909225225449e-03
2.330454997718334198e-03
2.220261376351118088e-03
2.170412335544824600e-03
2.129729371517896652e-03
2.055274322628974915e-03
2.030605683103203773e-03
1.952379825524985790e-03
1.981466775760054588e-03
1.956300809979438782e-03
1.942488597705960274e-03
1.790515845641493797e-03
1.920171314850449562e-03
1.750752911902964115e-03
1.713293255306780338e-03
1.790362759493291378e-03
1.790160313248634338e-03
1.690080855041742325e-03
1.653409213759005070e-03
1.695043407380580902e-03
1.658307621255517006e-03
1.630686339922249317e-03
1.630292972549796104e-03
1.642778632231056690e-03
1.667513628490269184e-03
1.628073747269809246e-03
1.620155409909784794e-03
1.623644842766225338e-03
1.589604071341454983e-03
1.553799957036972046e-03
1.476749894209206104e-03
1.561158685944974422e-03
1.593586406670510769e-03
1.541366102173924446e-03
1.486953115090727806e-03
1.477577490732073784e-03
1.453015254810452461e-03
1.456775469705462456e-03
1.500761019997298717e-03
1.500958693213760853e-03
1.435971469618380070e-03
1.481796847656369209e-03
