3.605677819999982603e+01
7.035446860000047309e+01
1.046252500999999029e+02
1.389535711999997147e+02
1.732537209999991319e+02
2.075419540999992023e+02
2.418446289000003162e+02
2.761358677999996871e+02
3.104270637999998144e+02
3.447453989999994519e+02
3.790395394999995915e+02
4.133227544000001217e+02
4.475839034999989963e+02
4.818611203999989812e+02
5.161273053000004438e+02
5.505806842000001780e+02
5.848186160999994172e+02
6.190630418000000645e+02
6.533061438999993698e+02
6.875453211000003648e+02
7.217748964000002161e+02
7.560090805999989243e+02
7.902472073999997519e+02
8.245129102999999304e+02
8.587715668999990157e+02
8.930327708999993774e+02
9.272969794999989972e+02
9.615521525999993173e+02
9.958183258999997634e+02
1.030078506099998776e+03
1.064344720799999777e+03
1.098605685700000322e+03
1.132858029299999544e+03
1.167101198500000464e+03
1.201351913799999238e+03
1.309992861700000503e+03
1.418570096299999932e+03
1.527151952799998980e+03
1.635758767199999056e+03
1.744377161999998862e+03
1.852976998699999967e+03
1.961561269699999684e+03
2.070166113899998891e+03
2.178749004400000558e+03
2.287311737899999571e+03
2.395898542699998870e+03
2.504469347899999775e+03
2.613011162499999045e+03
2.721514902299999449e+03
2.830042170999999144e+03
2.938561230499999510e+03
3.049599079199999323e+03
3.159883092899999610e+03
3.269693554199999198e+03
3.379485456700000213e+03
3.489274869099999705e+03
3.599045180600000094e+03
3.708290088499999911e+03
3.816788906899999347e+03
3.925323429000000033e+03
4.033815398900000218e+03
4.142303640399999495e+03
4.250815376600001400e+03
4.359319594499998857e+03
4.467795296099999177e+03
4.576269519600000422e+03
4.684754758400000355e+03
4.793257590600000185e+03
4.901727191500000117e+03
5.010214913400001024e+03
5.118698729300000196e+03
5.227180980300001465e+03
5.335886864499998410e+03
5.444393083500001012e+03
5.552892846400000053e+03
5.661434047199998531e+03
5.769943343500000992e+03
5.878436182799998278e+03
5.986950904100000116e+03
6.095453615699998409e+03
6.203934360900000684e+03
6.312393026499999905e+03
6.420884750499999427e+03
6.529375504900001033e+03
6.637868720399999802e+03
6.746401075600000695e+03
