4.688557450000007520e+01
5.036676449999959004e+01
5.384974849999980506e+01
5.734568190000027244e+01
6.082339109999975335e+01
6.429911460000039369e+01
6.778015249999953085e+01
7.125458280000020750e+01
7.474632790000032401e+01
7.822204239999973652e+01
8.171605329999965761e+01
8.521912020000036136e+01
8.870680910000010044e+01
9.219854969999960304e+01
9.569342770000002929e+01
9.918247229999997217e+01
1.026969984999996086e+02
2.000630179999998290e+02
2.110931015999994997e+02
2.220838112999999794e+02
2.331425411999998687e+02
2.441400362000003952e+02
2.551723349000003509e+02
2.662839199000000008e+02
2.773212276000003840e+02
2.883538748000000851e+02
2.994634256999997888e+02
3.104965441000003921e+02
3.216163632999996480e+02
3.326419341999999233e+02
3.436624240999999529e+02
3.548176935999999841e+02
3.675657578000000285e+02
3.860435449999995399e+02
3.972140453000001799e+02
4.082301174000003812e+02
4.193518335999997362e+02
4.303495505000000776e+02
4.414305838999998741e+02
4.537878429000002143e+02
4.648831517999997232e+02
4.759522447999997894e+02
4.869727798000003531e+02
4.979903278000001592e+02
5.090384359999998196e+02
5.200605734999999186e+02
5.311562357000002521e+02
5.421667501000001721e+02
5.531759138999996139e+02
5.642574948000001314e+02
5.752710354000000734e+02
5.863610596999997142e+02
5.973741066000002320e+02
6.830151284000003216e+02
7.051394073999999819e+02
7.168817602999997689e+02
7.279954113000003417e+02
7.389993696999999884e+02
7.505357780000003913e+02
7.616815675999996529e+02
7.726987913000002663e+02
7.837779333999997107e+02
