6.954731345176696777e-01
8.583694696426391602e-01
9.356850385665893555e-01
9.543904066085815430e-01
9.597663283348083496e-01
9.619781970977783203e-01
9.632133841514587402e-01
9.660339355468750000e-01
9.657369852066040039e-01
9.660813808441162109e-01
9.682275056838989258e-01
9.670048356056213379e-01
9.673560857772827148e-01
9.672883749008178711e-01
9.682307839393615723e-01
9.684422016143798828e-01
9.679410457611083984e-01
9.688260555267333984e-01
9.688273668289184570e-01
9.685683846473693848e-01
9.689744114875793457e-01
9.704838991165161133e-01
9.688420891761779785e-01
9.707632064819335938e-01
9.697953462600708008e-01
9.694676995277404785e-01
9.713458418846130371e-01
9.692049622535705566e-01
9.693533182144165039e-01
9.713613986968994141e-01
9.716703891754150391e-01
9.717828035354614258e-01
9.711925983428955078e-01
9.726184606552124023e-01
