5.551981329917907715e-01
5.949244499206542969e-01
6.077409386634826660e-01
6.205064654350280762e-01
6.186171770095825195e-01
6.344464421272277832e-01
6.440972089767456055e-01
6.457312107086181641e-01
6.543607711791992188e-01
6.564032435417175293e-01
6.615605354309082031e-01
6.636539697647094727e-01
6.707516908645629883e-01
6.740706562995910645e-01
6.830575466156005859e-01
6.903594732284545898e-01
6.883169412612915039e-01
6.958740949630737305e-01
6.982741355895996094e-01
7.051164507865905762e-01
7.119076848030090332e-01
7.111927866935729980e-01
7.140522599220275879e-01
7.186989784240722656e-01
7.215584516525268555e-01
7.255412340164184570e-01
7.262561917304992676e-01
7.243668437004089355e-01
7.303921580314636230e-01
7.356004714965820312e-01
7.426471114158630371e-01
7.437193989753723145e-01
7.497447133064270020e-01
7.549530267715454102e-01
7.566890716552734375e-01
7.549020051956176758e-01
7.617954015731811523e-01
7.656760215759277344e-01
7.675143480300903320e-01
7.658293843269348145e-01
7.768075466156005859e-01
7.748162150382995605e-01
7.839562892913818359e-01
7.827818989753723145e-01
7.852328419685363770e-01
7.906454205513000488e-01
7.879392504692077637e-01
7.941687703132629395e-01
7.975899577140808105e-01
8.010621070861816406e-01
8.004492521286010742e-01
8.073937892913818359e-01
8.080066442489624023e-01
8.111214637756347656e-01
8.105597496032714844e-01
8.146956562995910645e-01
8.216401338577270508e-01
8.199040293693542480e-01
8.256229758262634277e-01
8.215379714965820312e-01
8.349671959877014160e-01
8.284313678741455078e-01
8.341503739356994629e-01
8.371119499206542969e-01
8.422691822052001953e-01
8.373672366142272949e-01
8.411458134651184082e-01
8.468136787414550781e-01
8.511539697647094727e-01
8.482434749603271484e-01
8.561580777168273926e-01
8.586601614952087402e-01
8.584559559822082520e-01
8.590176105499267578e-01
8.674426674842834473e-01
8.631024956703186035e-01
8.718341588973999023e-01
8.762764930725097656e-01
8.715277314186096191e-01
8.766339421272277832e-01
8.734682202339172363e-01
8.829656839370727539e-01
8.820465207099914551e-01
8.808721303939819336e-01
8.898590207099914551e-01
8.861826658248901367e-01
8.905739188194274902e-01
8.888888955116271973e-01
8.920035958290100098e-01
8.963950276374816895e-01
9.004289507865905762e-01
8.992034792900085449e-01
9.048202037811279297e-01
9.022160768508911133e-01
9.098753929138183594e-01
9.012458920478820801e-01
9.087010025978088379e-01
9.096201062202453613e-01
9.108456373214721680e-01
9.146242141723632812e-01
