1.097167134284973145e-01
8.636221289634704590e-02
7.385538518428802490e-02
6.725114583969116211e-02
6.082404777407646179e-02
5.806818976998329163e-02
5.487243458628654480e-02
5.144518613815307617e-02
4.941321164369583130e-02
4.833158850669860840e-02
4.646157845854759216e-02
4.501134157180786133e-02
4.328884929418563843e-02
4.200026392936706543e-02
4.007109254598617554e-02
3.891054913401603699e-02
3.828825056552886963e-02
3.677601367235183716e-02
3.622842580080032349e-02
3.432200476527214050e-02
3.430761024355888367e-02
3.342067077755928040e-02
3.326297551393508911e-02
3.131794556975364685e-02
3.059075400233268738e-02
2.975535951554775238e-02
2.883055619895458221e-02
2.865497209131717682e-02
2.791882678866386414e-02
2.693535387516021729e-02
2.669603191316127777e-02
2.564045786857604980e-02
2.566862106323242188e-02
2.445778995752334595e-02
2.408392168581485748e-02
2.399989031255245209e-02
2.261370606720447540e-02
2.223426476120948792e-02
2.172092162072658539e-02
2.160290628671646118e-02
2.076164446771144867e-02
2.091713435947895050e-02
2.023398689925670624e-02
1.948035135865211487e-02
1.907959021627902985e-02
1.948281936347484589e-02
1.809531636536121368e-02
1.806196570396423340e-02
1.752885989844799042e-02
1.742762885987758636e-02
1.715416088700294495e-02
1.624258793890476227e-02
1.622173935174942017e-02
1.621973887085914612e-02
1.566219143569469452e-02
1.512347999960184097e-02
1.511208340525627136e-02
1.462705526500940323e-02
1.474761497229337692e-02
1.458745915442705154e-02
1.397968828678131104e-02
1.382262725383043289e-02
1.319907791912555695e-02
1.363976392894983292e-02
1.317004859447479248e-02
1.271632406860589981e-02
1.271629799157381058e-02
1.270312536507844925e-02
1.218167413026094437e-02
1.211647689342498779e-02
1.212467905133962631e-02
1.171801984310150146e-02
1.186880376189947128e-02
1.114253420382738113e-02
1.101101748645305634e-02
1.146666705608367920e-02
1.096970587968826294e-02
1.097032707184553146e-02
1.116450689733028412e-02
1.067952066659927368e-02
1.071130111813545227e-02
1.034255884587764740e-02
1.051228772848844528e-02
1.028041262179613113e-02
1.024707686156034470e-02
1.007049810141324997e-02
1.002929173409938812e-02
1.020589377731084824e-02
9.828470647335052490e-03
9.929682128131389618e-03
9.763329289853572845e-03
9.798349812626838684e-03
9.451118297874927521e-03
9.495502337813377380e-03
8.998990990221500397e-03
9.264789521694183350e-03
9.120663627982139587e-03
9.168633259832859039e-03
8.861661888659000397e-03
9.214956313371658325e-03
1.903139241039752960e-02
1.786376163363456726e-02
1.823392137885093689e-02
1.755501143634319305e-02
1.790498755872249603e-02
1.742275990545749664e-02
1.731207408010959625e-02
1.719375699758529663e-02
1.694682613015174866e-02
1.680107787251472473e-02
1.685057953000068665e-02
1.670768484473228455e-02
1.621866412460803986e-02
1.614502258598804474e-02
1.614803634583950043e-02
1.596746779978275299e-02
1.586281135678291321e-02
1.604760624468326569e-02
1.582330651581287384e-02
1.542518101632595062e-02
1.529363635927438736e-02
1.524535566568374634e-02
1.522117108106613159e-02
1.521067786961793900e-02
1.510855928063392639e-02
1.502306107431650162e-02
1.492370292544364929e-02
1.477981545031070709e-02
1.466725766658782959e-02
1.453301031142473221e-02
1.459969114512205124e-02
1.448425836861133575e-02
1.435581035912036896e-02
1.404718123376369476e-02
1.402534451335668564e-02
1.405062805861234665e-02
1.395133975893259048e-02
1.382858864963054657e-02
1.393038220703601837e-02
1.364178955554962158e-02
1.355063542723655701e-02
1.354568637907505035e-02
1.365557499229907990e-02
1.363450847566127777e-02
1.352997962385416031e-02
1.315603777766227722e-02
1.343673933297395706e-02
1.308823190629482269e-02
1.311859581619501114e-02
1.306265965104103088e-02
1.285704039037227631e-02
1.298255100846290588e-02
1.295907329767942429e-02
1.284855976700782776e-02
1.266585476696491241e-02
1.265904121100902557e-02
1.265591662377119064e-02
1.256219204515218735e-02
1.249850448220968246e-02
1.234418619424104691e-02
1.255587209016084671e-02
1.246230956166982651e-02
1.230826787650585175e-02
1.230085827410221100e-02
1.195492595434188843e-02
1.199980638921260834e-02
1.197711657732725143e-02
1.190486643463373184e-02
1.219481043517589569e-02
1.189303677529096603e-02
1.185747422277927399e-02
1.189457438886165619e-02
1.166162081062793732e-02
1.167280226945877075e-02
1.190310437232255936e-02
