8.910019999999349238e+00
1.609084069999880739e+01
2.340881499999886728e+01
3.061130950000006123e+01
3.770543360000010580e+01
4.491270590000021912e+01
5.209279959999912535e+01
5.909538099999917904e+01
6.640804129999924044e+01
7.363580989999900339e+01
8.078492199999891454e+01
8.798580260000017006e+01
9.505859669999881589e+01
1.021575809000005393e+02
1.093395498999998381e+02
1.164150219999992260e+02
1.234663607999991655e+02
1.305140959999989718e+02
1.375519488999998430e+02
1.445436539000002085e+02
1.517707429000001866e+02
1.587887066999992385e+02
1.658087857999998960e+02
1.729193144999990182e+02
1.800063040000004548e+02
1.870623316999990493e+02
1.941554309000002831e+02
2.011389249000003474e+02
2.081533865000001242e+02
2.154003101999987848e+02
2.225883727999989787e+02
2.296619971999989502e+02
2.367348025999999663e+02
2.439095940999995946e+02
2.509304499999998370e+02
2.578375070999991294e+02
2.649793487999995705e+02
2.720908008000005793e+02
2.791525712000002386e+02
2.862392560999996931e+02
2.931783670000004349e+02
3.003254689000004873e+02
3.074454005999996298e+02
3.144848970000002737e+02
3.216535249999997177e+02
3.284979827999995905e+02
3.356679143000001204e+02
3.426291877000003296e+02
3.497642588999988220e+02
3.568618011999988084e+02
3.640375442999993538e+02
3.710687856999993528e+02
3.780732769000005646e+02
3.850928829000004043e+02
3.921610027999995509e+02
4.000867602999987866e+02
4.072571907999990799e+02
4.143560453999998572e+02
4.213228889999991225e+02
4.284698377999993681e+02
4.355053062999995745e+02
4.425323865999998816e+02
4.497591689999990194e+02
4.567929868999999599e+02
4.639367554999989807e+02
4.709997306999994180e+02
4.781601620999990701e+02
4.851904123000003892e+02
4.923048211999994237e+02
4.992205223999990267e+02
5.063588234999988344e+02
5.134984759999988455e+02
5.205597858000000997e+02
5.276144352999999683e+02
5.346242442000002484e+02
5.416949709000000439e+02
5.487560742999994545e+02
5.558516278999995848e+02
5.629116687000005186e+02
5.699618513999994320e+02
5.770314017000000604e+02
5.840849110999988625e+02
5.911436728999997285e+02
5.981694769999994605e+02
6.053038730999996915e+02
6.124044768000003387e+02
6.196283198999990418e+02
6.267275157999993098e+02
6.338450988999993569e+02
6.410587959999993473e+02
6.483381561999995029e+02
6.554271996999996190e+02
6.624735354999993433e+02
6.694924372000004951e+02
6.767749542999990808e+02
6.839776210999989416e+02
6.911929918999994698e+02
6.983016773999988800e+02
7.054429827999992995e+02
7.126116896000003180e+02
7.340743146000004344e+02
7.555003458999999566e+02
7.774129312000004575e+02
7.993293426000000181e+02
8.215553870000003371e+02
8.432618265000000974e+02
8.644786595000005036e+02
8.859521590999993350e+02
9.075158018999991327e+02
9.287286671999991086e+02
9.505194011999992654e+02
9.720201779999988503e+02
9.933520979000004445e+02
1.014845262699998784e+03
1.036367813999999271e+03
1.057628233999999793e+03
1.079241591599999083e+03
1.100961926500000118e+03
1.122567436799999996e+03
1.144166051199999856e+03
1.165462107399998786e+03
1.187130006800000046e+03
1.208679623199999696e+03
1.230156235999998898e+03
1.251615175999999337e+03
1.273224118799998905e+03
1.295049075599999924e+03
1.316584225299999162e+03
1.338518732099999397e+03
1.360386861299999509e+03
1.382430562300000020e+03
1.404416535500000464e+03
1.426426751999999397e+03
1.448264499299999443e+03
1.470172059700000318e+03
1.492140244399999574e+03
1.513832362899998770e+03
1.535669765399999960e+03
1.557478382100000090e+03
1.579277453299999252e+03
1.602295730599998933e+03
1.624360017900000457e+03
1.646284400599999572e+03
1.668171838000000207e+03
1.690107539000000543e+03
1.712198268599999210e+03
1.734154049200000372e+03
1.755886833499998829e+03
1.777802012000000104e+03
1.799510505099999136e+03
1.821524165099999664e+03
1.843395531299998765e+03
1.865343937600000572e+03
1.887437717799999518e+03
1.909150521999999910e+03
1.930975877499999115e+03
1.952867753499998798e+03
1.974925013300000501e+03
1.997188025999999809e+03
2.019004789700000401e+03
2.040817687200000364e+03
2.062790571100000307e+03
2.084806131999999707e+03
2.107107704000000012e+03
2.129165721600000325e+03
2.151081943899998805e+03
2.173225091099999190e+03
2.195400192799999786e+03
2.217673603899998852e+03
2.239731624300000476e+03
2.261814721999999165e+03
2.283806947400000354e+03
2.305717967200000203e+03
2.327980580199999167e+03
2.350250152599999637e+03
