7.980581199999960518e+00
1.521574550000013915e+01
2.240386230000012802e+01
2.945048950000000332e+01
3.682318660000009913e+01
4.386627840000005563e+01
5.091629630000011275e+01
5.800207569999997759e+01
6.490101989999993748e+01
7.194962170000007973e+01
7.913334630000008474e+01
9.957917659999998250e+01
1.201834012000001621e+02
1.404674242000000959e+02
1.608975629000001391e+02
1.812559163000000808e+02
2.016595718000000943e+02
2.220107013000001643e+02
2.421425719000001209e+02
2.620053133999999773e+02
2.823025646999999481e+02
3.024787777999999889e+02
3.224432328000000325e+02
3.429991821999999502e+02
3.632305533999999625e+02
3.833010063000001537e+02
4.032191708000000290e+02
4.237972931000001608e+02
4.440010244000000057e+02
4.643503580000001421e+02
4.848694901999999729e+02
5.050968293000000813e+02
5.252951917000000321e+02
5.455731706999999915e+02
5.658912967000001117e+02
5.861333613000001606e+02
6.067536403000001428e+02
6.276119016000000101e+02
6.479208275000000867e+02
