1.247363388538360596e-01
1.509007439017295837e-02
9.589641354978084564e-03
7.780167274177074432e-03
7.045958191156387329e-03
6.557977292686700821e-03
5.908275488764047623e-03
5.606949795037508011e-03
5.269761662930250168e-03
5.038605071604251862e-03
4.834713414311408997e-03
4.635341931134462357e-03
4.570347722619771957e-03
4.249254707247018814e-03
3.931907936930656433e-03
3.995642997324466705e-03
3.888546954840421677e-03
3.491386305540800095e-03
3.395694773644208908e-03
3.633458865806460381e-03
3.375233616679906845e-03
3.372647799551486969e-03
3.290111199021339417e-03
3.164137713611125946e-03
3.291247645393013954e-03
3.145921509712934494e-03
2.943323226645588875e-03
2.943630097433924675e-03
2.753544133156538010e-03
2.883359324187040329e-03
2.567945746704936028e-03
2.726987935602664948e-03
2.829525386914610863e-03
2.807069802656769753e-03
2.701839199289679527e-03
2.761872019618749619e-03
7.645064964890480042e-03
5.752366036176681519e-03
4.803631454706192017e-03
4.452713765203952789e-03
4.021987318992614746e-03
3.894911147654056549e-03
3.643008880317211151e-03
3.742812434211373329e-03
3.512805327773094177e-03
3.590818028897047043e-03
3.451078897342085838e-03
3.086644457653164864e-03
3.276599105447530746e-03
3.335716435685753822e-03
3.253789152950048447e-03
3.177542006596922874e-03
3.061306895688176155e-03
3.276138100773096085e-03
