1.924125790000016423e+01
3.673544989999982135e+01
5.464540660000011485e+01
7.380517370000006849e+01
9.124017999999978201e+01
1.076490343000000394e+02
1.252350373999997828e+02
1.422599282999999559e+02
1.586645155999999588e+02
1.758692124999997759e+02
1.929612278999998125e+02
2.096473709000001691e+02
2.272956011000001126e+02
2.439735261000000719e+02
2.602867496999997456e+02
2.779660743999997976e+02
2.946372633000000860e+02
3.108763545000001614e+02
3.282970878999999513e+02
3.452649921000001996e+02
3.618466176000001724e+02
3.795751830999997765e+02
3.962661889000000883e+02
4.127689356000000771e+02
4.301010548999997809e+02
4.468809061000001748e+02
4.634428122999997868e+02
4.806942057999999633e+02
4.976015458000001672e+02
5.140392140999997537e+02
5.314171938999998019e+02
5.482944305999999415e+02
5.646839126999998371e+02
5.823207216000000699e+02
5.994787247999997817e+02
6.159345419999999649e+02
6.333463861000000179e+02
6.501876895999998851e+02
6.665908853000000818e+02
6.840115827999998146e+02
7.009582179999997607e+02
7.172603398000001107e+02
7.349012174999998024e+02
7.518945539999999710e+02
7.682561153999999988e+02
7.856218902000000526e+02
8.022623478999998952e+02
8.185166201000001820e+02
8.358909748000000945e+02
8.528693726999999853e+02
8.693324011999998220e+02
8.866345836000000418e+02
9.033798014999997577e+02
9.196148377999998047e+02
9.369167121999998926e+02
9.537999707999997554e+02
9.702104319999998552e+02
9.878126174999997602e+02
1.004862280899999860e+03
1.021287032000000181e+03
1.038567379600000095e+03
1.055471914700000070e+03
1.071694056299999829e+03
1.089236502700000074e+03
1.106154866100000163e+03
1.122451927399999931e+03
1.139506334700000025e+03
1.156373325099999875e+03
1.172754267400000117e+03
1.190149300600000061e+03
1.207090075000000070e+03
1.223584685700000136e+03
1.240899151900000106e+03
1.257869096999999783e+03
1.274638510900000256e+03
1.291960063900000023e+03
1.308991990599999554e+03
1.325880971399999908e+03
1.344355529200000092e+03
1.362560043600000427e+03
1.379860957400000188e+03
1.397906053200000315e+03
1.415807884699999704e+03
1.433240194199999678e+03
1.451417932399999700e+03
1.468599523799999588e+03
1.485309527700000217e+03
1.502694222199999786e+03
1.519746625400000084e+03
1.536365497300000243e+03
1.554196636900000158e+03
1.571137178099999801e+03
1.589089426599999570e+03
1.606400562599999830e+03
1.624656328199999734e+03
1.645248179899999741e+03
1.662511693899999955e+03
1.679600878899999771e+03
1.697844799800000146e+03
1.715538234399999965e+03
1.732634502500000053e+03
1.750347329399999580e+03
1.767783293100000265e+03
1.784288070800000241e+03
1.802344340900000134e+03
1.820340605999999752e+03
1.839365131200000178e+03
1.862498084500000004e+03
1.879834745199999816e+03
1.896428282300000319e+03
1.915000500699999975e+03
1.933377808500000356e+03
1.951034955000000082e+03
1.969975256499999887e+03
1.987940237499999967e+03
2.005190818400000353e+03
2.023782172000000173e+03
2.041707003100000293e+03
2.058887880100000075e+03
2.077417464600000130e+03
2.095295929500000057e+03
2.113062615400000141e+03
2.131356460099999822e+03
2.149879430899999534e+03
2.170007621699999618e+03
2.191434258899999804e+03
2.210724132100000134e+03
2.228678107699999600e+03
2.249098018699999557e+03
2.267375426499999776e+03
2.285360726300000351e+03
