5.095138549804687500e-01
6.302430629730224609e-01
6.520485877990722656e-01
6.511284708976745605e-01
6.551735401153564453e-01
6.564756631851196289e-01
6.584548354148864746e-01
6.560763716697692871e-01
6.613194346427917480e-01
6.591666340827941895e-01
6.615278720855712891e-01
6.619789600372314453e-01
6.596180200576782227e-01
6.629862189292907715e-01
6.617708802223205566e-01
6.646527051925659180e-01
6.622916460037231445e-01
6.640797257423400879e-01
6.671701073646545410e-01
6.675692796707153320e-01
6.636978983879089355e-01
6.658854484558105469e-01
6.625000834465026855e-01
6.658159494400024414e-01
6.657811999320983887e-01
6.641493439674377441e-01
