5.858586430549621582e-01
7.087273001670837402e-01
7.566465139389038086e-01
7.733737826347351074e-01
7.834746837615966797e-01
8.060605525970458984e-01
7.996768355369567871e-01
8.146667480468750000e-01
8.247676491737365723e-01
8.308281898498535156e-01
8.393131494522094727e-01
8.428686857223510742e-01
8.507069349288940430e-01
8.504242897033691406e-01
8.594747781753540039e-01
8.606868982315063477e-01
8.647273778915405273e-01
8.692120313644409180e-01
8.691716790199279785e-01
8.821414113044738770e-01
8.805252909660339355e-01
8.803636431694030762e-01
8.842827677726745605e-01
8.870303630828857422e-01
8.925656080245971680e-01
8.924849033355712891e-01
8.991110324859619141e-01
8.976566195487976074e-01
9.003233313560485840e-01
9.032323360443115234e-01
9.075149893760681152e-01
9.067070484161376953e-01
9.096565842628479004e-01
9.139394760131835938e-01
9.126868844032287598e-01
9.146666526794433594e-01
9.170505404472351074e-01
9.168485403060913086e-01
9.192727208137512207e-01
9.242423772811889648e-01
9.242019653320312500e-01
9.276363849639892578e-01
9.278384447097778320e-01
9.290100336074829102e-01
9.300200343132019043e-01
9.295353293418884277e-01
9.315149784088134766e-01
9.294141530990600586e-01
9.350707530975341797e-01
9.360404014587402344e-01
8.990095257759094238e-01
9.092697501182556152e-01
9.137269258499145508e-01
9.179429411888122559e-01
9.247366189956665039e-01
9.275173544883728027e-01
9.320760369300842285e-01
9.350726008415222168e-01
9.362919926643371582e-01
9.401142597198486328e-01
9.431997537612915039e-01
9.452570080757141113e-01
9.489142894744873047e-01
9.497780203819274902e-01
9.507810473442077637e-01
9.544126391410827637e-01
9.561905264854431152e-01
9.567998647689819336e-01
9.572824835777282715e-01
9.598348140716552734e-01
9.623111486434936523e-01
9.624254703521728516e-01
9.637460708618164062e-01
9.644955396652221680e-01
9.649780392646789551e-01
9.662475585937500000e-01
9.670729637145996094e-01
9.682286977767944336e-01
9.694602489471435547e-01
9.694855809211730957e-01
9.700697660446166992e-01
9.713525772094726562e-01
9.724826812744140625e-01
9.729270935058593750e-01
9.738284349441528320e-01
9.742097258567810059e-01
9.748191833496093750e-01
9.753015637397766113e-01
9.753140807151794434e-01
9.765965342521667480e-01
9.769905209541320801e-01
9.778285622596740723e-01
9.781842827796936035e-01
9.769141674041748047e-01
9.794031381607055664e-01
9.783238768577575684e-01
9.798856973648071289e-01
9.799618124961853027e-01
9.808763265609741211e-01
9.510763883590698242e-01
9.567214846611022949e-01
9.595150351524353027e-01
9.604272246360778809e-01
9.631978273391723633e-01
9.643288254737854004e-01
9.662624001502990723e-01
9.677231907844543457e-01
9.691777825355529785e-01
9.692468643188476562e-01
9.706839323043823242e-01
9.715960621833801270e-01
9.721267223358154297e-01
9.732810258865356445e-01
9.730391502380371094e-01
9.750244617462158203e-01
9.756594896316528320e-01
9.754807353019714355e-01
9.768770337104797363e-01
9.774025082588195801e-01
9.776104688644409180e-01
9.784876108169555664e-01
9.785628318786621094e-01
9.792263507843017578e-01
9.791916608810424805e-01
9.801329970359802246e-01
9.592743515968322754e-01
9.626862406730651855e-01
9.647515416145324707e-01
9.668166637420654297e-01
9.683793783187866211e-01
9.694992303848266602e-01
9.709714651107788086e-01
9.711843729019165039e-01
9.731345772743225098e-01
9.739437103271484375e-01
9.746518135070800781e-01
9.756461977958679199e-01
9.764939546585083008e-01
9.771288037300109863e-01
9.773104190826416016e-01
9.781825542449951172e-01
9.791660308837890625e-01
9.787335395812988281e-01
9.794834256172180176e-01
9.801812767982482910e-01
