2.634910047054290771e-01
1.973037272691726685e-01
1.733263880014419556e-01
1.622770726680755615e-01
1.581242829561233521e-01
1.457840502262115479e-01
1.495458930730819702e-01
1.408647000789642334e-01
1.353112757205963135e-01
1.323204189538955688e-01
1.282070875167846680e-01
1.250301301479339600e-01
1.203350722789764404e-01
1.208636611700057983e-01
1.165032163262367249e-01
1.144474446773529053e-01
1.121386066079139709e-01
1.114307716488838196e-01
1.109536811709403992e-01
1.046404018998146057e-01
1.057049110531806946e-01
1.041946560144424438e-01
1.028407290577888489e-01
1.011103391647338867e-01
9.849151968955993652e-02
9.854396432638168335e-02
9.514184296131134033e-02
9.590075910091400146e-02
9.475076943635940552e-02
9.332737326622009277e-02
9.127292037010192871e-02
9.049686044454574585e-02
9.049488604068756104e-02
8.731593191623687744e-02
8.749844878911972046e-02
8.691675961017608643e-02
8.530018478631973267e-02
8.498827368021011353e-02
8.461783081293106079e-02
8.153668791055679321e-02
8.208479732275009155e-02
7.988332211971282959e-02
8.044482767581939697e-02
7.849196344614028931e-02
7.775209099054336548e-02
7.778350263833999634e-02
7.697810232639312744e-02
7.748149335384368896e-02
7.502271234989166260e-02
7.487586140632629395e-02
8.870984613895416260e-02
8.259757608175277710e-02
8.002774417400360107e-02
7.638166844844818115e-02
7.347622513771057129e-02
7.145952433347702026e-02
6.904815882444381714e-02
6.686541438102722168e-02
6.600971519947052002e-02
6.355300545692443848e-02
6.188432499766349792e-02
6.058035045862197876e-02
5.850207433104515076e-02
5.769914016127586365e-02
5.671687796711921692e-02
5.469221249222755432e-02
5.358560755848884583e-02
5.296079441905021667e-02
5.253226310014724731e-02
5.121741816401481628e-02
4.956648871302604675e-02
4.881059005856513977e-02
4.766451194882392883e-02
4.745462164282798767e-02
4.681377857923507690e-02
4.572603851556777954e-02
4.522532224655151367e-02
4.412836581468582153e-02
4.331709071993827820e-02
4.288333654403686523e-02
4.251343756914138794e-02
4.168281331658363342e-02
4.044509306550025940e-02
4.025606438517570496e-02
3.945857286453247070e-02
3.888669610023498535e-02
3.867738321423530579e-02
3.805517777800559998e-02
3.787197917699813843e-02
3.711733967065811157e-02
3.655602410435676575e-02
3.620543703436851501e-02
3.549660369753837585e-02
3.565556555986404419e-02
3.461907058954238892e-02
3.433384373784065247e-02
3.370629623532295227e-02
3.348447754979133606e-02
3.285849094390869141e-02
4.804902523756027222e-02
4.503516107797622681e-02
4.326473921537399292e-02
4.239369556307792664e-02
4.088172689080238342e-02
4.007281735539436340e-02
3.870635852217674255e-02
3.753309696912765503e-02
3.662268817424774170e-02
3.657764568924903870e-02
3.541569039225578308e-02
3.475534170866012573e-02
3.398682177066802979e-02
3.352677449584007263e-02
3.308879584074020386e-02
3.193736821413040161e-02
3.139350563287734985e-02
3.106268122792243958e-02
3.027874790132045746e-02
3.002281859517097473e-02
2.959609031677246094e-02
2.887347899377346039e-02
2.863929606974124908e-02
2.814422734081745148e-02
2.806214801967144012e-02
2.725181914865970612e-02
3.955686837434768677e-02
3.759313002228736877e-02
3.620773926377296448e-02
3.497406095266342163e-02
3.393568471074104309e-02
3.303039073944091797e-02
3.190400078892707825e-02
3.154868260025978088e-02
3.044270351529121399e-02
2.955585345625877380e-02
2.902270853519439697e-02
2.838273718953132629e-02
2.767549827694892883e-02
2.715975977480411530e-02
2.698403596878051758e-02
2.621607668697834015e-02
2.556738443672657013e-02
2.541177347302436829e-02
2.496155723929405212e-02
2.431615814566612244e-02
