3.515962559999934456e+01
3.936404410000068310e+01
4.356305299999985436e+01
4.777129009999953269e+01
5.196896969999943394e+01
5.617108550000011746e+01
6.039139380000051460e+01
6.460776000000078056e+01
6.885116800000105286e+01
7.305994070000087959e+01
7.727086509999935515e+01
8.149067529999956605e+01
8.566576610000083747e+01
8.987314340000011725e+01
9.407901680000031774e+01
9.827066670000021986e+01
1.024646649000005709e+02
1.066767366000003676e+02
1.108679054000003816e+02
1.150750253000005614e+02
1.192622350000001461e+02
1.234538776000008511e+02
1.276663260000004811e+02
1.318688027000007423e+02
1.360831099999995786e+02
1.402733456999994814e+02
1.444670102000000043e+02
1.486853205999996135e+02
2.155489876000010554e+02
2.274693485999996483e+02
2.393877725000002101e+02
2.513752803999996104e+02
2.632871438000001945e+02
2.752170571999995445e+02
2.871935874000009790e+02
2.991258985999993456e+02
3.111107740000006743e+02
3.230472984000007273e+02
3.349836838000010175e+02
3.475023307000010391e+02
3.593980747000005067e+02
3.713470649000009871e+02
3.833235536000011052e+02
3.952578379999995377e+02
4.071906139000002440e+02
4.191847668000009435e+02
4.311025843999996141e+02
4.430511217000002944e+02
4.550507503000008001e+02
4.669785043000010774e+02
4.789593740000000253e+02
4.908706103000004077e+02
5.027682371999999305e+02
5.147483523000009882e+02
5.266501917000005051e+02
5.397669968999998673e+02
5.580157844000004843e+02
5.703320328000008885e+02
5.824113066999998409e+02
5.943613167000003159e+02
6.072938637999995990e+02
6.193723195000002306e+02
6.312952874000002339e+02
6.433183977999997296e+02
6.552752086000000418e+02
6.674841620000006515e+02
6.795499330000002374e+02
6.914963028000001941e+02
7.047901990999998816e+02
7.167911708000010549e+02
7.288283494000006613e+02
7.408711271000011038e+02
7.528455653000000893e+02
7.649083384999994450e+02
7.768553759000005812e+02
7.900763654000002134e+02
8.021741146000003937e+02
8.141244848999995156e+02
8.261197021000007226e+02
8.382040326999995159e+02
8.501616006000003836e+02
8.636851463000002695e+02
8.757116939999996248e+02
8.877306064000003971e+02
8.997893330999995669e+02
9.118630857999996806e+02
9.240125643999999738e+02
9.360436313000009250e+02
9.481011145000011311e+02
9.616163422999998147e+02
9.736325090000009368e+02
9.856579818999998679e+02
9.976420892999994976e+02
1.009704710199999681e+03
1.021791915400001017e+03
1.034045732300000964e+03
1.047575368699999672e+03
1.059551216500000010e+03
1.071569948199999999e+03
1.083616938799999843e+03
1.095589596600000732e+03
1.107675647000000026e+03
1.128084056199999395e+03
1.140390655499999411e+03
1.155676203799999712e+03
1.167727009800000815e+03
1.179725804800000333e+03
1.191776435800000399e+03
1.203749550300000919e+03
1.215795285199999853e+03
1.227752831199999491e+03
1.239778420700000424e+03
1.251846346700000140e+03
1.263830179300000964e+03
1.275961661900000763e+03
1.288130014599999413e+03
1.300741265399999975e+03
1.312854351399999359e+03
1.324864401099999668e+03
1.337028952500000742e+03
1.351351729399999385e+03
1.363428447500000402e+03
1.375390010700000857e+03
1.387315114200000608e+03
1.399270024699999340e+03
1.411273476500000470e+03
1.423208613599999808e+03
1.435155967300001066e+03
