1.379032433032989502e-01
1.262621730566024780e-01
1.198336109519004822e-01
1.144429743289947510e-01
1.094741374254226685e-01
1.044245883822441101e-01
9.985138475894927979e-02
9.567807614803314209e-02
9.170005470514297485e-02
8.760064840316772461e-02
8.360468596220016479e-02
8.014288544654846191e-02
7.655984163284301758e-02
7.302698493003845215e-02
7.027667760848999023e-02
6.533552706241607666e-02
6.123383715748786926e-02
5.836486443877220154e-02
5.437459796667098999e-02
5.120115727186203003e-02
4.831688106060028076e-02
4.518325999379158020e-02
4.269879683852195740e-02
4.045888036489486694e-02
3.839183971285820007e-02
3.661946207284927368e-02
3.504936024546623230e-02
3.335585072636604309e-02
3.110244683921337128e-02
3.030337393283843994e-02
2.876043878495693207e-02
2.723227441310882568e-02
2.629083581268787384e-02
2.456686459481716156e-02
2.399438805878162384e-02
2.281102351844310760e-02
2.160299755632877350e-02
2.106288820505142212e-02
2.032147534191608429e-02
1.954809390008449554e-02
1.860371790826320648e-02
1.812441647052764893e-02
1.713128015398979187e-02
1.685359328985214233e-02
1.588531211018562317e-02
1.603657193481922150e-02
1.536264084279537201e-02
1.506050489842891693e-02
1.421180460602045059e-02
1.391228474676609039e-02
1.375692524015903473e-02
1.337031926959753036e-02
1.288681663572788239e-02
1.289916690438985825e-02
1.247980911284685135e-02
1.188764907419681549e-02
1.171278674155473709e-02
1.184266805648803711e-02
1.146933250129222870e-02
1.124747097492218018e-02
1.080689392983913422e-02
1.082308404147624969e-02
1.068359334021806717e-02
1.048274338245391846e-02
1.034199353307485580e-02
9.775658138096332550e-03
9.859764948487281799e-03
9.555042721331119537e-03
9.620493277907371521e-03
9.566288441419601440e-03
9.137876331806182861e-03
9.143661707639694214e-03
9.038072079420089722e-03
8.775782771408557892e-03
8.832160383462905884e-03
8.708643727004528046e-03
8.596512489020824432e-03
8.628224954009056091e-03
8.329859003424644470e-03
8.187998086214065552e-03
8.107230998575687408e-03
8.251893334090709686e-03
7.879825308918952942e-03
7.949988357722759247e-03
7.899555377662181854e-03
7.950098253786563873e-03
7.664409000426530838e-03
7.460821885615587234e-03
7.326309569180011749e-03
7.372438441962003708e-03
7.440985180437564850e-03
7.145699579268693924e-03
7.278693374246358871e-03
7.161681540310382843e-03
7.111454382538795471e-03
6.967633496969938278e-03
7.006788626313209534e-03
6.971159484237432480e-03
7.206393405795097351e-03
1.531952433288097382e-02
1.488429773598909378e-02
1.459705922752618790e-02
1.428885851055383682e-02
1.428473461419343948e-02
1.391726452857255936e-02
1.358238607645034790e-02
1.348878070712089539e-02
1.326228026300668716e-02
1.335244439542293549e-02
1.270943135023117065e-02
1.287975814193487167e-02
1.269289199262857437e-02
1.244595088064670563e-02
1.219025347381830215e-02
1.217920705676078796e-02
1.187253091484308243e-02
1.190479565411806107e-02
1.171004120260477066e-02
1.164573244750499725e-02
1.146984472870826721e-02
1.141696609556674957e-02
1.117701083421707153e-02
1.107998564839363098e-02
1.102789491415023804e-02
1.091509219259023666e-02
1.089638285338878632e-02
1.056738570332527161e-02
1.071994192898273468e-02
1.043439470231533051e-02
1.038668304681777954e-02
1.037943828850984573e-02
1.029436290264129639e-02
1.022244431078433990e-02
1.004053186625242233e-02
9.954204782843589783e-03
9.919715113937854767e-03
9.786297567188739777e-03
9.765149094164371490e-03
9.643017314374446869e-03
9.657793678343296051e-03
9.470862336456775665e-03
9.490169584751129150e-03
9.358075447380542755e-03
9.298316203057765961e-03
9.241583757102489471e-03
9.220742620527744293e-03
9.006094187498092651e-03
8.977988734841346741e-03
8.946714922785758972e-03
9.031162597239017487e-03
9.032429195940494537e-03
8.791953325271606445e-03
8.775630965828895569e-03
8.667734451591968536e-03
8.840147405862808228e-03
8.511221967637538910e-03
8.636488579213619232e-03
8.453196845948696136e-03
8.545123040676116943e-03
8.371087722480297089e-03
8.307622745633125305e-03
8.257925510406494141e-03
8.321254514157772064e-03
8.349614217877388000e-03
8.031305857002735138e-03
8.158899843692779541e-03
8.030545897781848907e-03
8.020422421395778656e-03
7.989050820469856262e-03
7.963759824633598328e-03
7.875294424593448639e-03
7.961793802678585052e-03
