5.237847566604614258e-01
5.328124761581420898e-01
5.524305105209350586e-01
5.697916746139526367e-01
5.703125000000000000e-01
5.699652433395385742e-01
5.878471732139587402e-01
5.770833492279052734e-01
5.883680582046508789e-01
6.092014312744140625e-01
5.975694060325622559e-01
5.800347328186035156e-01
6.001735925674438477e-01
5.906249880790710449e-01
5.954860448837280273e-01
6.065973043441772461e-01
5.965277552604675293e-01
6.229166388511657715e-01
5.958333611488342285e-01
6.031249761581420898e-01
6.105903387069702148e-01
6.008680462837219238e-01
6.178818941116333008e-01
6.175347566604614258e-01
6.317708492279052734e-01
6.085069775581359863e-01
5.920138955116271973e-01
6.168403029441833496e-01
6.274305582046508789e-01
6.203124523162841797e-01
6.248264312744140625e-01
6.210069656372070312e-01
6.506944894790649414e-01
6.307291388511657715e-01
6.324652433395385742e-01
6.319444775581359863e-01
6.154513359069824219e-01
