5.909592700000000143e+00
8.141050100000001066e+00
1.081268010000000146e+01
1.354105630000000104e+01
1.641017379999999903e+01
1.916529369999999943e+01
2.191288740000000246e+01
2.451016300000000214e+01
2.723298180000000102e+01
3.013010220000000317e+01
3.274458280000000343e+01
3.547009380000000078e+01
3.861982220000000154e+01
4.083523819999999915e+01
4.364950069999999727e+01
4.687742769999999837e+01
4.918471230000000105e+01
5.192219370000000112e+01
5.467743339999999819e+01
5.748004010000000363e+01
6.016418130000000275e+01
6.287011030000000744e+01
6.552745389999999759e+01
6.824222989999999811e+01
7.104591240000000596e+01
7.375411669999999731e+01
7.656056390000000533e+01
7.939268939999999475e+01
8.230885170000000528e+01
8.519264689999999973e+01
8.824844559999999660e+01
9.100220249999999567e+01
9.384766129999999862e+01
9.666576059999999870e+01
9.958834260000000427e+01
1.025244225999999941e+02
1.054302916000000039e+02
1.082635140000000007e+02
1.111652306000000010e+02
1.140763560000000041e+02
1.170660816000000040e+02
1.199019708999999949e+02
1.227529502000000008e+02
1.255868121999999971e+02
1.284939565999999900e+02
1.313517338000000052e+02
1.341759350000000097e+02
1.372613318999999876e+02
1.400977946000000145e+02
1.429297539000000086e+02
1.458156654999999944e+02
1.486800642000000039e+02
1.520142447000000061e+02
1.545197612000000049e+02
1.573791796000000147e+02
1.603703707999999892e+02
1.632749541999999963e+02
1.660005386999999928e+02
1.689010332000000005e+02
1.718899456999999984e+02
1.747139840000000106e+02
1.775728114000000062e+02
1.803819482000000107e+02
1.833005724999999870e+02
1.861985261000000094e+02
1.892191679999999963e+02
1.921243278999999973e+02
1.950958128000000045e+02
1.979753183999999919e+02
2.009206991000000073e+02
2.037961922000000072e+02
2.068910301999999888e+02
2.097390824000000009e+02
2.126071081999999990e+02
2.155369418999999880e+02
2.185095513999999923e+02
2.214653892999999982e+02
2.243518540999999971e+02
2.273218941000000086e+02
2.302385583999999881e+02
2.331955078000000015e+02
2.360766556000000094e+02
2.390169428000000096e+02
2.419405388000000130e+02
2.449424945000000093e+02
2.479232212999999945e+02
2.562091181999999776e+02
2.647675863999999706e+02
2.733858386999999652e+02
2.824107460999999830e+02
2.901658551999999531e+02
2.993565796999999975e+02
3.072722510999999486e+02
3.158813907999999628e+02
3.249853404999999498e+02
3.328781058999999800e+02
3.418978217999999742e+02
3.505474034999999731e+02
3.591248766999999589e+02
3.675337878999999930e+02
3.762875162999999930e+02
3.847008119999999849e+02
3.926887704999999755e+02
4.011490423999999848e+02
4.098259434999999939e+02
4.183621985999999993e+02
4.272942025999999487e+02
4.358892383999999538e+02
4.444078031999999894e+02
4.524315690999999902e+02
4.615742367999999942e+02
4.701438198999999827e+02
4.785675672999999506e+02
4.867723222999999848e+02
4.957137209999999641e+02
5.038171548999999914e+02
5.127978227999999490e+02
5.209482411000000184e+02
5.294291764999999259e+02
5.383871510999999828e+02
5.465533616999999822e+02
5.555187241999999515e+02
5.640620607999999265e+02
5.727053485000000137e+02
5.808744978999999375e+02
5.893412531999999828e+02
5.982182230999999319e+02
6.067104019999999309e+02
6.155215663000000177e+02
6.235050889999999981e+02
6.325484252999999626e+02
6.411423745999999255e+02
6.492283069000000069e+02
6.576834972999999991e+02
6.662345677999999225e+02
6.747179312999999183e+02
6.838501817999999730e+02
6.922849208999999746e+02
7.002559853000000203e+02
7.090142162999999300e+02
7.175155111999999917e+02
7.260399409999999989e+02
7.345145255999999563e+02
7.431241865999999163e+02
7.516339361000000281e+02
7.601882904000000281e+02
7.692961078999999245e+02
7.773139259999999240e+02
7.862724971000000096e+02
7.947211803000000145e+02
8.028721902999999429e+02
8.114880535999999438e+02
8.203062006999999767e+02
8.288931552000000238e+02
8.371638236999999663e+02
8.460596722999999884e+02
8.539726835000000165e+02
8.627308964999999716e+02
8.722280379999999695e+02
8.801974326999999221e+02
8.886223264000000199e+02
8.971654487999999219e+02
9.059590286000000106e+02
