5.706443265080451965e-02
4.623151198029518127e-02
4.625790193676948547e-02
4.619862884283065796e-02
4.624562337994575500e-02
4.628230258822441101e-02
4.613875970244407654e-02
4.615857824683189392e-02
4.624531418085098267e-02
4.627219215035438538e-02
4.413824155926704407e-02
2.479125745594501495e-02
9.710318408906459808e-03
5.701207090169191360e-03
4.395201336592435837e-03
3.578413510695099831e-03
3.212117357179522514e-03
2.911512507125735283e-03
2.753981389105319977e-03
2.549499506130814552e-03
2.459722338244318962e-03
2.382555278018116951e-03
2.215958666056394577e-03
2.121177036315202713e-03
2.146723680198192596e-03
1.985308481380343437e-03
1.948614954017102718e-03
1.917071174830198288e-03
1.871763146482408047e-03
1.876767142675817013e-03
1.719953143037855625e-03
1.563214696943759918e-03
1.663132687099277973e-03
1.700246706604957581e-03
1.656380016356706619e-03
1.623950316570699215e-03
1.603769254870712757e-03
1.529750297777354717e-03
1.526739215478301048e-03
1.437459839507937431e-03
1.498807338066399097e-03
1.444871653802692890e-03
1.420078915543854237e-03
1.467308611609041691e-03
3.866014769300818443e-03
3.431439632549881935e-03
3.176916623488068581e-03
3.031497588381171227e-03
2.993900328874588013e-03
2.849376061931252480e-03
2.816136227920651436e-03
2.692120149731636047e-03
2.686511958017945290e-03
2.555394079536199570e-03
2.539974404498934746e-03
2.506270306184887886e-03
2.490380778908729553e-03
2.424572361633181572e-03
2.420608652755618095e-03
2.369476482272148132e-03
2.325361361727118492e-03
2.338322112336754799e-03
2.246983116492629051e-03
2.265706658363342285e-03
2.202503615990281105e-03
2.235114108771085739e-03
2.210620092228055000e-03
2.193335443735122681e-03
2.170026767998933792e-03
2.187825040891766548e-03
3.585219150409102440e-03
3.423686372116208076e-03
3.260084660723805428e-03
3.225582651793956757e-03
3.226902335882186890e-03
3.147167619317770004e-03
3.129538148641586304e-03
3.069467376917600632e-03
3.031704341992735863e-03
2.998328069224953651e-03
2.998963231220841408e-03
2.966583939269185066e-03
2.950654365122318268e-03
2.935748314484953880e-03
2.929796697571873665e-03
2.869287040084600449e-03
2.878297120332717896e-03
2.874642144888639450e-03
2.776848385110497475e-03
2.832057652994990349e-03
2.800492104142904282e-03
2.840812550857663155e-03
2.684990409761667252e-03
2.675883239135146141e-03
2.711700275540351868e-03
2.679161494597792625e-03
2.736008958891034126e-03
2.705933060497045517e-03
