1.021617270000000133e+01
1.609092929999999910e+01
2.185167519999999897e+01
2.769980560000000125e+01
3.350866390000000195e+01
3.931267629999999969e+01
4.516277579999999858e+01
5.096641910000000308e+01
5.683795200000000136e+01
6.265889009999999359e+01
7.909560919999999840e+01
9.563497350000000097e+01
1.120587983000000065e+02
1.285871562999999753e+02
1.450274259999999913e+02
1.615722491999999875e+02
1.780839412999999922e+02
1.946186463999999887e+02
2.111080662999999902e+02
2.275937169999999981e+02
2.440679759999999874e+02
2.605401038999999628e+02
2.771552542000000017e+02
2.936376526999999896e+02
3.101207326999999623e+02
3.265718707999999992e+02
3.430777486999999724e+02
3.595446296000000075e+02
3.760717602999999940e+02
3.925923386999999707e+02
4.091359370000000126e+02
4.256642172999999616e+02
4.421673000000000116e+02
4.586267647999999895e+02
4.750465729999999667e+02
4.916662969999999859e+02
5.081892015999999899e+02
5.247474341000000777e+02
5.412735691999999972e+02
5.578133251000000428e+02
5.743260620000000927e+02
5.907802234000000681e+02
6.072313840000000482e+02
6.237282233000000815e+02
6.586827215000000706e+02
6.931911967000000914e+02
7.278160867999999937e+02
7.624449097000000393e+02
7.970115884000000506e+02
8.316182454000000916e+02
8.663985104000000774e+02
9.010215026000000762e+02
9.356558921000000737e+02
9.702163615000000618e+02
1.004782254700000067e+03
1.039325745000000097e+03
1.073916563900000028e+03
1.108506264900000133e+03
1.143147104200000058e+03
1.177774229500000047e+03
1.212436354700000038e+03
1.247104563999999982e+03
1.281750176700000111e+03
1.316492904500000122e+03
1.351101970599999959e+03
1.385659789700000147e+03
1.420285054100000025e+03
1.454923452499999939e+03
1.489556797800000140e+03
1.524148451900000055e+03
1.580662231499999962e+03
1.637181784699999980e+03
1.693799727100000155e+03
1.750296395200000006e+03
1.806785913800000117e+03
1.863422034400000030e+03
1.920018322500000068e+03
1.976621693600000071e+03
2.033217114600000059e+03
2.089824558699999670e+03
2.146449800200000027e+03
2.203027765499999987e+03
2.259628411299999698e+03
2.316201263999999810e+03
2.372814026199999716e+03
2.429425879999999779e+03
2.485906609599999683e+03
2.542316223899999841e+03
2.598900098299999627e+03
2.655654132599999684e+03
2.712222200100000009e+03
2.768833109499999864e+03
2.825384873099999822e+03
2.882000570599999719e+03
2.938603124099999604e+03
2.995163093899999694e+03
3.051701817499999834e+03
3.108210278099999869e+03
