5.560745000839233398e-01
6.335673332214355469e-01
6.720920205116271973e-01
7.177876234054565430e-01
7.380453348159790039e-01
7.667760848999023438e-01
7.942991256713867188e-01
8.077351450920104980e-01
8.142266273498535156e-01
8.233790397644042969e-01
8.360224366188049316e-01
8.557895421981811523e-01
8.651589155197143555e-01
8.658477067947387695e-01
8.677818775177001953e-01
8.763115406036376953e-01
8.932763338088989258e-01
8.930593132972717285e-01
8.984563350677490234e-01
8.982771039009094238e-01
9.157231450080871582e-01
9.078351259231567383e-01
9.148079156875610352e-01
9.154967069625854492e-01
9.168365001678466797e-01
9.264512062072753906e-01
9.292534589767456055e-01
9.343957901000976562e-01
9.347165822982788086e-01
9.377453327178955078e-01
9.384623765945434570e-01
9.385001659393310547e-01
9.415477514266967773e-01
9.339051246643066406e-01
9.425951242446899414e-01
9.497942924499511719e-01
9.427555203437805176e-01
9.463409781455993652e-01
9.462560415267944336e-01
9.471712708473205566e-01
9.446803331375122070e-01
9.508982896804809570e-01
9.504170417785644531e-01
9.520210623741149902e-01
9.525871872901916504e-01
9.522286653518676758e-01
9.528796672821044922e-01
9.515776038169860840e-01
9.531061649322509766e-01
9.539647102355957031e-01
9.520210623741149902e-01
9.610601663589477539e-01
9.525116682052612305e-01
9.594467282295227051e-01
9.600317478179931641e-01
9.595127701759338379e-01
9.562197923660278320e-01
9.621924161911010742e-01
9.624943733215332031e-01
9.596071243286132812e-01
9.583994150161743164e-01
9.678064584732055664e-01
9.623999595642089844e-01
9.623622298240661621e-01
9.642965197563171387e-01
9.640417098999023438e-01
9.577200412750244141e-01
9.621924161911010742e-01
9.642870426177978516e-01
9.662496447563171387e-01
9.655985832214355469e-01
9.670799374580383301e-01
9.653910398483276367e-01
9.672875404357910156e-01
9.669477939605712891e-01
9.675989151000976562e-01
9.660326242446899414e-01
9.646172523498535156e-01
9.716655611991882324e-01
9.667025208473205566e-01
9.185811877250671387e-01
9.244887828826904297e-01
9.290509223937988281e-01
9.297694563865661621e-01
9.321904182434082031e-01
9.353443980216979980e-01
9.350307583808898926e-01
9.373890757560729980e-01
9.384258389472961426e-01
9.391829967498779297e-01
9.408853650093078613e-01
9.385609626770019531e-01
9.418017268180847168e-01
9.387007355690002441e-01
9.405285716056823730e-01
9.383198618888854980e-01
9.434075951576232910e-01
