6.492109894752502441e-01
7.417769432067871094e-01
7.897647023200988770e-01
8.200917243957519531e-01
8.440105915069580078e-01
8.629575967788696289e-01
8.765466213226318359e-01
8.893857598304748535e-01
8.995186090469360352e-01
9.086173772811889648e-01
9.153565764427185059e-01
9.228063225746154785e-01
9.276439547538757324e-01
9.313998222351074219e-01
9.348484873771667480e-01
9.381867647171020508e-01
9.386439919471740723e-01
9.416983723640441895e-01
9.443182349205017090e-01
9.456282258033752441e-01
9.467642307281494141e-01
9.489347338676452637e-01
9.500707983970642090e-01
9.511358737945556641e-01
9.521622657775878906e-01
9.523360729217529297e-01
9.527701735496520996e-01
9.540244936943054199e-01
9.551609158515930176e-01
9.552872180938720703e-01
9.551371335983276367e-01
9.551609158515930176e-01
9.542061090469360352e-01
9.550898671150207520e-01
9.561948776245117188e-01
9.553502798080444336e-01
9.549637436866760254e-01
9.566997885704040527e-01
9.563371539115905762e-01
9.556580185890197754e-01
9.557292461395263672e-01
9.558711051940917969e-01
9.561232328414916992e-01
9.554137587547302246e-01
9.550263285636901855e-01
9.557923078536987305e-01
9.557292461395263672e-01
9.548610448837280273e-01
9.570944905281066895e-01
9.554054737091064453e-01
9.551924467086791992e-01
9.299649596214294434e-01
9.310942888259887695e-01
9.321750998497009277e-01
9.314460158348083496e-01
9.321479797363281250e-01
9.317284226417541504e-01
9.323380589485168457e-01
9.326791167259216309e-01
9.323555231094360352e-01
9.328733682632446289e-01
9.326066970825195312e-01
9.330946803092956543e-01
9.324052929878234863e-01
9.327387213706970215e-01
9.336732029914855957e-01
9.332956075668334961e-01
9.333381652832031250e-01
9.339938163757324219e-01
9.339631199836730957e-01
9.335265159606933594e-01
9.336459636688232422e-01
9.342979192733764648e-01
9.337697029113769531e-01
9.344447255134582520e-01
9.338985681533813477e-01
9.345688223838806152e-01
9.338492155075073242e-01
9.347049593925476074e-01
9.342758655548095703e-01
9.346571564674377441e-01
9.342907667160034180e-01
9.343566894531250000e-01
9.347919821739196777e-01
9.354193210601806641e-01
9.355088472366333008e-01
9.347766041755676270e-01
9.353330135345458984e-01
9.349304437637329102e-01
9.350302815437316895e-01
9.358341097831726074e-01
9.356721639633178711e-01
9.353494048118591309e-01
9.348666667938232422e-01
