8.626262545585632324e-01
8.744789958000183105e-01
8.737533092498779297e-01
8.650410771369934082e-01
8.666033744812011719e-01
8.719379901885986328e-01
8.748893737792968750e-01
8.639835715293884277e-01
8.786299228668212891e-01
8.674715161323547363e-01
8.356398940086364746e-01
8.374406099319458008e-01
8.357639908790588379e-01
8.362500071525573730e-01
8.617657423019409180e-01
8.986955285072326660e-01
9.124550819396972656e-01
9.192308783531188965e-01
9.210960865020751953e-01
9.223759174346923828e-01
9.213539361953735352e-01
9.224851131439208984e-01
9.237996339797973633e-01
9.237104058265686035e-01
9.232287406921386719e-01
9.239238500595092773e-01
9.237352609634399414e-01
9.239237904548645020e-01
9.238194823265075684e-01
9.241617918014526367e-01
9.236804246902465820e-01
9.234870076179504395e-01
8.969786763191223145e-01
9.028653502464294434e-01
9.028500318527221680e-01
9.030348062515258789e-01
9.035034775733947754e-01
9.029899835586547852e-01
9.033463001251220703e-01
9.042319059371948242e-01
8.828394412994384766e-01
8.856853842735290527e-01
8.864009976387023926e-01
8.871380686759948730e-01
8.734165430068969727e-01
8.746607303619384766e-01
8.650756478309631348e-01
8.662400841712951660e-01
8.665326237678527832e-01
8.665131330490112305e-01
8.668994307518005371e-01
8.663280606269836426e-01
8.667060136795043945e-01
8.673823475837707520e-01
8.634561300277709961e-01
