3.159879148006439209e-01
2.471985816955566406e-01
2.312522083520889282e-01
2.238699793815612793e-01
2.202931046485900879e-01
2.192779332399368286e-01
2.176084518432617188e-01
2.167997211217880249e-01
2.141513973474502563e-01
2.145418524742126465e-01
2.128007858991622925e-01
2.121564149856567383e-01
2.123120278120040894e-01
2.113741636276245117e-01
2.117896676063537598e-01
2.105615288019180298e-01
2.112964242696762085e-01
2.104269266128540039e-01
2.103448808193206787e-01
2.104570567607879639e-01
2.091571390628814697e-01
2.092757821083068848e-01
2.099731862545013428e-01
