5.877314209938049316e-01
6.790508627891540527e-01
7.351852059364318848e-01
7.928240895271301270e-01
8.344907164573669434e-01
8.741897940635681152e-01
9.057871699333190918e-01
9.303241372108459473e-01
9.468749165534973145e-01
9.586805701255798340e-01
9.622685313224792480e-01
9.686342477798461914e-01
9.702546000480651855e-01
9.645832180976867676e-01
9.702547788619995117e-01
9.723379015922546387e-01
9.762732386589050293e-01
9.721065759658813477e-01
9.773148298263549805e-01
9.761573076248168945e-01
9.770833253860473633e-01
9.724537730216979980e-01
9.770834445953369141e-01
9.784721732139587402e-01
9.769675731658935547e-01
9.788194894790649414e-01
9.795138835906982422e-01
9.810184836387634277e-01
9.747685194015502930e-01
9.788194894790649414e-01
9.748843312263488770e-01
9.805555939674377441e-01
9.774304628372192383e-01
9.778934717178344727e-01
9.767361879348754883e-01
9.790509343147277832e-01
9.780092835426330566e-01
9.787037968635559082e-01
9.833332896232604980e-01
9.802082777023315430e-01
9.810186028480529785e-01
9.818287491798400879e-01
9.767360687255859375e-01
9.833333492279052734e-01
9.798611998558044434e-01
9.771990180015563965e-01
9.857638478279113770e-01
9.796296358108520508e-01
9.802083373069763184e-01
9.826389551162719727e-01
9.825231432914733887e-01
9.812499880790710449e-01
9.797453284263610840e-01
9.836806058883666992e-01
9.780093431472778320e-01
9.833334088325500488e-01
9.821759462356567383e-01
9.797453284263610840e-01
9.831018447875976562e-01
9.809027910232543945e-01
9.761574268341064453e-01
9.820601940155029297e-01
9.787036776542663574e-01
9.462567567825317383e-01
9.471120834350585938e-01
9.495427012443542480e-01
9.513634443283081055e-01
9.518631696701049805e-01
9.509822726249694824e-01
9.529557824134826660e-01
9.556740522384643555e-01
9.557417631149291992e-01
9.558011293411254883e-01
9.557589292526245117e-01
9.573085904121398926e-01
9.562839269638061523e-01
9.564278721809387207e-01
9.598916172981262207e-01
9.581808447837829590e-01
9.584095478057861328e-01
9.599932432174682617e-01
9.595189690589904785e-01
9.624153971672058105e-01
9.610942006111145020e-01
9.595021605491638184e-01
9.605691432952880859e-01
9.613229036331176758e-01
9.589769244194030762e-01
9.617208838462829590e-01
9.599084854125976562e-01
9.614328742027282715e-01
9.630504846572875977e-01
9.608145952224731445e-01
9.615430831909179688e-01
9.635671377182006836e-01
9.615007042884826660e-01
9.633553624153137207e-01
9.618141651153564453e-01
9.622459411621093750e-01
9.651507735252380371e-01
9.631860256195068359e-01
9.648458957672119141e-01
9.624829888343811035e-01
9.631519913673400879e-01
9.649644494056701660e-01
9.659721851348876953e-01
9.661077857017517090e-01
9.659551978111267090e-01
9.650744795799255371e-01
9.666666388511657715e-01
9.675219655036926270e-01
9.664464592933654785e-01
9.673526287078857422e-01
9.675050377845764160e-01
9.680724740028381348e-01
9.681826233863830566e-01
9.681064486503601074e-01
9.679540395736694336e-01
9.682335257530212402e-01
9.676998257637023926e-01
9.684280753135681152e-01
9.681827425956726074e-01
9.688770174980163574e-01
9.690973162651062012e-01
9.691733121871948242e-01
9.681401848793029785e-01
9.703253507614135742e-01
9.686654210090637207e-01
9.690379500389099121e-01
9.711635708808898926e-01
9.694697856903076172e-01
9.702065587043762207e-01
9.722815752029418945e-01
