2.482011765241622925e-01
2.038539946079254150e-01
1.757210493087768555e-01
1.498419046401977539e-01
1.294325888156890869e-01
1.086093187332153320e-01
9.205022454261779785e-02
7.511842995882034302e-02
6.149929016828536987e-02
4.938733577728271484e-02
4.157993569970130920e-02
3.574607148766517639e-02
3.168834745883941650e-02
2.695905044674873352e-02
2.412792295217514038e-02
2.039887756109237671e-02
1.893638819456100464e-02
1.784950681030750275e-02
1.556791830807924271e-02
1.457909028977155685e-02
1.364920381456613541e-02
1.251869555562734604e-02
1.229848992079496384e-02
1.117108948528766632e-02
1.016131322830915451e-02
9.643211029469966888e-03
9.968642145395278931e-03
9.323540143668651581e-03
9.635602124035358429e-03
8.540333248674869537e-03
8.836343884468078613e-03
8.363876491785049438e-03
8.547150529921054840e-03
7.606885395944118500e-03
7.718257606029510498e-03
7.278233300894498825e-03
7.532135117799043655e-03
7.430779282003641129e-03
7.044114172458648682e-03
6.835911888629198074e-03
6.749525666236877441e-03
6.690468639135360718e-03
6.668973714113235474e-03
6.097269244492053986e-03
6.396528799086809158e-03
6.328004878014326096e-03
5.650328472256660461e-03
6.387056782841682434e-03
5.644159391522407532e-03
5.949760321527719498e-03
5.357310175895690918e-03
5.560037214308977127e-03
5.889334250241518021e-03
5.305866710841655731e-03
5.830288399010896683e-03
5.344924051314592361e-03
5.788520909845829010e-03
5.412024445831775665e-03
5.135105922818183899e-03
5.109237506985664368e-03
5.445808172225952148e-03
5.596459377557039261e-03
5.630341824144124985e-03
1.442568283528089523e-02
1.293378416448831558e-02
1.175524201244115829e-02
1.095669437199831009e-02
1.082008983939886093e-02
1.057990361005067825e-02
9.862554259598255157e-03
9.296773932874202728e-03
9.096910245716571808e-03
8.991373702883720398e-03
8.928860537707805634e-03
7.953584194183349609e-03
8.189626969397068024e-03
7.934771478176116943e-03
7.647676393389701843e-03
7.605322636663913727e-03
7.783379871398210526e-03
7.210667710751295090e-03
7.323615718632936478e-03
6.660967133939266205e-03
6.901804823428392410e-03
7.046157494187355042e-03
6.498991046100854874e-03
6.388525478541851044e-03
6.551354657858610153e-03
6.140053737908601761e-03
6.097539328038692474e-03
5.877977702766656876e-03
5.721297580748796463e-03
5.862299818545579910e-03
5.728286225348711014e-03
5.422640126198530197e-03
5.367086268961429596e-03
5.467539653182029724e-03
5.084019154310226440e-03
5.231131333857774734e-03
5.022015888243913651e-03
5.160925909876823425e-03
5.077646579593420029e-03
5.129372235387563705e-03
4.579098429530858994e-03
4.498607944697141647e-03
4.550218116492033005e-03
4.392170347273349762e-03
4.640110302716493607e-03
4.432780202478170395e-03
4.187243524938821793e-03
4.338774830102920532e-03
4.194800276309251785e-03
3.918745554983615875e-03
3.962964285165071487e-03
3.866179846227169037e-03
3.712193807587027550e-03
3.709444077685475349e-03
3.666459582746028900e-03
3.649379592388868332e-03
3.486561123281717300e-03
3.534809686243534088e-03
3.564041806384921074e-03
3.502089530229568481e-03
3.265623701736330986e-03
3.245460800826549530e-03
3.362470772117376328e-03
3.269136883318424225e-03
3.263763617724180222e-03
3.274914575740695000e-03
3.009917680174112320e-03
3.327440703287720680e-03
3.119250293821096420e-03
2.921152859926223755e-03
