9.062066078186035156e-01
9.559461474418640137e-01
9.567707777023315430e-01
9.332031011581420898e-01
9.186197519302368164e-01
8.947049379348754883e-01
9.003038406372070312e-01
8.969184160232543945e-01
9.010850787162780762e-01
9.017795324325561523e-01
8.990451693534851074e-01
9.104166030883789062e-01
9.540364146232604980e-01
9.562934041023254395e-01
9.458767175674438477e-01
9.004340171813964844e-01
9.006944894790649414e-01
9.119790792465209961e-01
9.562500119209289551e-01
9.550781250000000000e-01
9.565538167953491211e-01
9.005641937255859375e-01
9.008680582046508789e-01
9.001301527023315430e-01
9.547308683395385742e-01
8.844352960586547852e-01
8.847466111183166504e-01
8.773494362831115723e-01
9.132226705551147461e-01
9.039855599403381348e-01
8.810763955116271973e-01
8.945500850677490234e-01
9.023153781890869141e-01
8.930782675743103027e-01
8.978901505470275879e-01
8.956540226936340332e-01
9.032306075096130371e-01
9.006077051162719727e-01
9.046742916107177734e-01
9.094203710556030273e-01
9.121000170707702637e-01
9.193179011344909668e-01
9.275550842285156250e-01
9.309047460556030273e-01
9.344524145126342773e-01
9.370942115783691406e-01
9.349430203437805176e-01
9.389247298240661621e-01
9.361224174499511719e-01
9.402079582214355469e-01
9.405383467674255371e-01
9.420854449272155762e-01
9.414155483245849609e-01
9.434820413589477539e-01
9.456144571304321289e-01
9.460108280181884766e-01
9.459353089332580566e-01
9.475769996643066406e-01
9.470013380050659180e-01
9.484166502952575684e-01
9.491054415702819824e-01
9.479732513427734375e-01
9.504547119140625000e-01
9.509737491607666016e-01
9.505869150161743164e-01
9.524551033973693848e-01
9.525493979454040527e-01
9.535025954246520996e-01
9.533796906471252441e-01
9.523701667785644531e-01
9.536628127098083496e-01
9.527569413185119629e-01
9.530024528503417969e-01
9.548799991607666016e-01
9.527757763862609863e-01
9.531627893447875977e-01
9.549272656440734863e-01
9.554932713508605957e-01
9.550781250000000000e-01
9.538892507553100586e-01
9.558330178260803223e-01
9.550215005874633789e-01
9.558330178260803223e-01
9.561818838119506836e-01
9.571727514266967773e-01
9.557669162750244141e-01
9.553422331809997559e-01
9.561443328857421875e-01
9.567577242851257324e-01
9.568803310394287109e-01
9.547666311264038086e-01
9.572104811668395996e-01
9.576352238655090332e-01
9.562858939170837402e-01
9.576822519302368164e-01
9.570595026016235352e-01
9.552101492881774902e-01
9.573048949241638184e-01
9.577009677886962891e-01
9.563801884651184082e-01
9.584842920303344727e-01
9.574369192123413086e-01
9.577955007553100586e-01
9.575124979019165039e-01
9.559839367866516113e-01
