1.117887869477272034e-01
1.097679361701011658e-01
8.295016735792160034e-02
3.046338632702827454e-02
4.234861955046653748e-02
4.598820582032203674e-02
4.457591101527214050e-02
4.547721892595291138e-02
4.352526739239692688e-02
3.518136590719223022e-02
2.973056398332118988e-02
2.600506506860256195e-02
2.669946849346160889e-02
2.504980936646461487e-02
2.441603317856788635e-02
2.479673549532890320e-02
2.409670129418373108e-02
2.399891242384910583e-02
2.432246133685112000e-02
2.440410666167736053e-02
2.396326698362827301e-02
2.443742379546165466e-02
2.378373406827449799e-02
2.428744174540042877e-02
2.488719113171100616e-02
3.133546933531761169e-02
3.106222487986087799e-02
3.125469759106636047e-02
3.103366680443286896e-02
3.103137202560901642e-02
3.100724518299102783e-02
3.005737625062465668e-02
3.022656776010990143e-02
3.013452701270580292e-02
2.941071428358554840e-02
2.874075621366500854e-02
2.702976018190383911e-02
2.448584698140621185e-02
2.308169566094875336e-02
2.062897942960262299e-02
1.820274628698825836e-02
1.494551729410886765e-02
1.136325858533382416e-02
9.732591919600963593e-03
8.538485504686832428e-03
8.127414621412754059e-03
7.745598442852497101e-03
7.264874409884214401e-03
6.951860617846250534e-03
6.100052502006292343e-03
5.716073326766490936e-03
5.201460327953100204e-03
4.909233655780553818e-03
4.509206395596265793e-03
4.021875094622373581e-03
3.629503771662712097e-03
3.415011800825595856e-03
3.214966971427202225e-03
2.956498879939317703e-03
2.792483195662498474e-03
2.601801650598645210e-03
2.575663849711418152e-03
2.355490578338503838e-03
2.221281174570322037e-03
2.152620349079370499e-03
1.921286457218229771e-03
1.964439405128359795e-03
1.788621069863438606e-03
1.794508774764835835e-03
1.763227395713329315e-03
1.731478492729365826e-03
1.741507905535399914e-03
1.680940040387213230e-03
1.556456438265740871e-03
1.582828117534518242e-03
1.609595608897507191e-03
1.532697817310690880e-03
1.376056810840964317e-03
1.445417176000773907e-03
1.525455038063228130e-03
1.393625629134476185e-03
1.412556506693363190e-03
1.416006009094417095e-03
1.353067811578512192e-03
1.206070301122963428e-03
1.306122052483260632e-03
1.385453622788190842e-03
1.245383988134562969e-03
1.243306440301239491e-03
1.299441442824900150e-03
1.265863887965679169e-03
1.128693227656185627e-03
1.173097523860633373e-03
1.270095701329410076e-03
1.182194915600121021e-03
1.124911359511315823e-03
1.215000520460307598e-03
1.135990023612976074e-03
1.108155818656086922e-03
1.173598575405776501e-03
1.118464628234505653e-03
1.047752099111676216e-03
1.075849286280572414e-03
1.131260883994400501e-03
1.193838659673929214e-03
