9.332435999998779153e+00
1.574932420000004640e+01
2.224630449999858683e+01
2.864702009999928123e+01
3.515236489999915648e+01
4.165506679999998596e+01
4.825809779999872262e+01
5.478645309999956226e+01
6.118426679999902262e+01
6.759462179999900400e+01
7.447285360000023502e+01
8.085469759999978123e+01
8.723855120000007446e+01
9.365414879999843834e+01
1.001647445999988122e+02
1.065656085999999050e+02
1.130625469999995403e+02
1.194454470000000583e+02
1.258255644000000757e+02
1.322369953999987047e+02
1.386541772999989917e+02
1.451626596999994945e+02
1.515746697999984463e+02
1.578755003999995097e+02
1.642694157999994786e+02
1.915186274999996385e+02
2.197159299999984796e+02
2.482174643999987893e+02
2.762228543999990507e+02
3.041674461000002339e+02
3.325085149999995338e+02
3.624000694999995176e+02
3.906415402999991784e+02
4.196232645000000048e+02
4.486536662999988039e+02
4.776223653999986709e+02
5.069654534000001149e+02
5.358570530999986659e+02
5.644225018999986787e+02
5.935933956999997463e+02
6.236522863999998663e+02
6.523744234999994660e+02
6.815176959999989776e+02
7.109477818999985175e+02
7.392370049000001018e+02
7.692137695999990683e+02
7.987520656999986386e+02
8.274124228000000585e+02
8.565540523999989091e+02
8.865914123999991716e+02
9.156512101999996958e+02
9.450004155999995419e+02
9.746915994999999384e+02
1.003657863700000235e+03
1.033333252599999469e+03
1.060414633799999137e+03
1.091353318099998432e+03
1.121391199399999095e+03
1.150944530999999188e+03
1.180217433699999674e+03
1.210101264299999457e+03
1.239829131399999824e+03
1.268994063000000097e+03
1.298586801800000103e+03
1.329095708499999091e+03
1.355409022099998765e+03
1.387667767899998580e+03
1.417642465699998866e+03
1.447073369899999307e+03
1.476308585199998561e+03
1.507507015699999101e+03
1.536674147799998536e+03
1.566523379399999612e+03
1.597482512999999017e+03
1.624811097699999664e+03
1.656524219799999628e+03
1.686847403099998701e+03
1.716328555299998698e+03
1.746999677899999369e+03
1.777421739599998546e+03
1.806943279699999039e+03
1.837217070299999250e+03
1.867458627099998921e+03
1.898221256799999537e+03
1.928124886699999479e+03
1.959277914700000110e+03
1.986723328999998557e+03
2.018904909899998529e+03
2.050312852999999450e+03
2.080394951099999162e+03
2.108869940099999440e+03
2.140900880399998641e+03
2.172014082699999562e+03
2.203115683299998636e+03
2.234085925499999576e+03
2.264116190299999289e+03
2.294935487999999168e+03
2.326176021399998717e+03
2.357773634999999558e+03
2.388958931399998619e+03
2.420311640799998713e+03
2.450822828499998650e+03
2.482180350299999191e+03
2.514382130299998607e+03
2.544892512299998998e+03
