8.502604365348815918e-01
8.713831305503845215e-01
8.725405335426330566e-01
8.764467239379882812e-01
8.729745745658874512e-01
8.754339814186096191e-01
8.791956305503845215e-01
8.822338581085205078e-01
8.677662014961242676e-01
8.745660185813903809e-01
8.710937500000000000e-01
8.836805820465087891e-01
8.855614066123962402e-01
8.832464814186096191e-01
8.851273059844970703e-01
8.807870745658874512e-01
8.658854961395263672e-01
8.696470260620117188e-01
8.828125000000000000e-01
8.832464814186096191e-01
8.783275485038757324e-01
8.612558245658874512e-01
8.660300374031066895e-01
8.693576455116271973e-01
8.635912537574768066e-01
8.514796495437622070e-01
8.497437238693237305e-01
8.597470521926879883e-01
8.454033732414245605e-01
8.656579852104187012e-01
