2.654676735401153564e-01
2.421702891588211060e-01
2.316697686910629272e-01
2.237529605627059937e-01
2.152739614248275757e-01
2.116643935441970825e-01
2.060107439756393433e-01
2.018284797668457031e-01
1.981831043958663940e-01
1.948419213294982910e-01
1.928821355104446411e-01
1.902433037757873535e-01
1.881399750709533691e-01
1.854389160871505737e-01
1.836836487054824829e-01
1.822493672370910645e-01
1.810594350099563599e-01
1.798759847879409790e-01
1.778689771890640259e-01
1.765842288732528687e-01
1.748707294464111328e-01
1.738820225000381470e-01
1.725571006536483765e-01
1.716171354055404663e-01
1.704979687929153442e-01
1.699048727750778198e-01
1.684284806251525879e-01
1.679282039403915405e-01
1.668101549148559570e-01
1.653359085321426392e-01
1.649186462163925171e-01
1.635801643133163452e-01
1.632351577281951904e-01
1.616998463869094849e-01
1.604618281126022339e-01
1.604278832674026489e-01
1.604807525873184204e-01
1.587892919778823853e-01
1.578172296285629272e-01
1.567927598953247070e-01
1.562505215406417847e-01
1.555368453264236450e-01
1.550724655389785767e-01
1.537965685129165649e-01
1.539125442504882812e-01
1.514318436384201050e-01
1.513617485761642456e-01
1.514900624752044678e-01
1.505166292190551758e-01
1.492720544338226318e-01
1.486425250768661499e-01
1.473496407270431519e-01
1.466639488935470581e-01
1.466121226549148560e-01
1.464045494794845581e-01
1.447607129812240601e-01
1.438153237104415894e-01
1.436988711357116699e-01
1.429245620965957642e-01
1.420531719923019409e-01
1.416072398424148560e-01
1.403744965791702271e-01
1.399406492710113525e-01
1.389341801404953003e-01
1.388901323080062866e-01
1.381168365478515625e-01
1.367794424295425415e-01
1.362754255533218384e-01
1.362163722515106201e-01
1.345216333866119385e-01
1.344941109418869019e-01
1.330033838748931885e-01
1.331734657287597656e-01
1.318808048963546753e-01
1.313601285219192505e-01
1.312073618173599243e-01
1.293869763612747192e-01
1.295448839664459229e-01
1.291444450616836548e-01
1.279126256704330444e-01
1.277342885732650757e-01
1.274478882551193237e-01
1.256379634141921997e-01
1.248607635498046875e-01
1.247535273432731628e-01
1.241212710738182068e-01
1.227693259716033936e-01
1.224471032619476318e-01
1.215528324246406555e-01
1.212502345442771912e-01
1.203205361962318420e-01
1.202059164643287659e-01
1.182364523410797119e-01
1.182380914688110352e-01
1.170122399926185608e-01
1.162237152457237244e-01
1.158216893672943115e-01
1.144608780741691589e-01
1.144001856446266174e-01
1.133396700024604797e-01
1.188608705997467041e-01
1.131338626146316528e-01
1.096604913473129272e-01
1.055951938033103943e-01
1.030530557036399841e-01
1.003231778740882874e-01
9.711658209562301636e-02
9.474874287843704224e-02
9.245340526103973389e-02
8.968058973550796509e-02
8.761724084615707397e-02
8.566664159297943115e-02
8.375790715217590332e-02
8.132568746805191040e-02
8.033262938261032104e-02
7.732509821653366089e-02
7.545252144336700439e-02
7.299482077360153198e-02
7.164278626441955566e-02
7.041900604963302612e-02
6.825223565101623535e-02
6.672777235507965088e-02
6.570233404636383057e-02
6.324617564678192139e-02
6.197151169180870056e-02
6.038129329681396484e-02
5.949483439326286316e-02
5.788571015000343323e-02
5.620257183909416199e-02
5.460184440016746521e-02
5.385678634047508240e-02
5.264261364936828613e-02
5.182309821248054504e-02
5.035890266299247742e-02
4.934309795498847961e-02
4.798424243927001953e-02
4.783338680863380432e-02
4.684919863939285278e-02
4.608568921685218811e-02
4.436666890978813171e-02
4.453096538782119751e-02
4.367091134190559387e-02
4.246864467859268188e-02
4.153597354888916016e-02
4.149361699819564819e-02
4.016745835542678833e-02
3.915497660636901855e-02
3.948799893260002136e-02
3.790650144219398499e-02
3.789593651890754700e-02
3.713611513376235962e-02
3.704781457781791687e-02
3.616682440042495728e-02
3.563991561532020569e-02
3.490770235657691956e-02
3.421486914157867432e-02
3.448556363582611084e-02
3.381443768739700317e-02
3.362280875444412231e-02
3.237600252032279968e-02
3.227182105183601379e-02
3.186345100402832031e-02
3.196083754301071167e-02
3.159812465310096741e-02
3.051435388624668121e-02
3.016907908022403717e-02
2.999802492558956146e-02
2.994938381016254425e-02
2.899899892508983612e-02
2.920774370431900024e-02
2.909210138022899628e-02
2.847026102244853973e-02
2.810040861368179321e-02
2.777231112122535706e-02
2.746919542551040649e-02
2.724095992743968964e-02
2.710847556591033936e-02
2.599012292921543121e-02
2.626642212271690369e-02
2.562033757567405701e-02
2.580009959638118744e-02
2.512761205434799194e-02
2.481305971741676331e-02
2.491402998566627502e-02
2.452621236443519592e-02
2.376015484333038330e-02
2.328453212976455688e-02
2.341564185917377472e-02
2.301057800650596619e-02
2.252815663814544678e-02
2.250688523054122925e-02
2.201392315328121185e-02
2.183316461741924286e-02
2.127695456147193909e-02
2.123174816370010376e-02
2.058117091655731201e-02
2.035073935985565186e-02
2.054869756102561951e-02
2.028503455221652985e-02
1.943077892065048218e-02
