6.144790649414062500e-01
5.960416793823242188e-01
6.162500977516174316e-01
6.108333468437194824e-01
6.162500977516174316e-01
5.959721803665161133e-01
5.980902314186096191e-01
6.238194704055786133e-01
6.062498688697814941e-01
6.077430248260498047e-01
5.415276885032653809e-01
5.431597828865051270e-01
5.480208396911621094e-01
5.557292103767395020e-01
5.472221374511718750e-01
5.349999666213989258e-01
5.413541793823242188e-01
5.335417389869689941e-01
5.372915863990783691e-01
5.326735973358154297e-01
5.370485186576843262e-01
5.417707562446594238e-01
5.428819060325622559e-01
5.350347161293029785e-01
5.446875095367431641e-01
5.464235544204711914e-01
5.479861497879028320e-01
5.544098019599914551e-01
5.412499904632568359e-01
5.473263263702392578e-01
5.425347685813903809e-01
5.410764217376708984e-01
5.402430295944213867e-01
5.394790768623352051e-01
5.354514122009277344e-01
5.475347042083740234e-01
5.473264455795288086e-01
5.400346517562866211e-01
5.487500429153442383e-01
5.438888669013977051e-01
5.455209612846374512e-01
5.469098091125488281e-01
5.461111664772033691e-01
5.513889193534851074e-01
5.434374809265136719e-01
5.380555391311645508e-01
5.494444370269775391e-01
5.544097423553466797e-01
5.487847328186035156e-01
5.621179938316345215e-01
5.533333420753479004e-01
5.526041984558105469e-01
5.546875000000000000e-01
5.594446063041687012e-01
5.557638406753540039e-01
5.474306344985961914e-01
5.463194847106933594e-01
5.553473234176635742e-01
5.582639575004577637e-01
5.489236712455749512e-01
5.518401861190795898e-01
5.475694537162780762e-01
5.542708635330200195e-01
5.592361092567443848e-01
5.490278005599975586e-01
5.532638430595397949e-01
5.499653220176696777e-01
5.525347590446472168e-01
5.572570562362670898e-01
5.548611879348754883e-01
5.479165911674499512e-01
5.546528100967407227e-01
5.599999427795410156e-01
5.419442653656005859e-01
5.557291507720947266e-01
5.530901551246643066e-01
5.501735806465148926e-01
5.531597137451171875e-01
5.504514575004577637e-01
5.481250286102294922e-01
5.603473186492919922e-01
5.590277910232543945e-01
5.548263192176818848e-01
5.530902743339538574e-01
5.478819012641906738e-01
5.545138716697692871e-01
5.525693893432617188e-01
5.582639575004577637e-01
5.549652576446533203e-01
5.555555224418640137e-01
