8.113189041614532471e-02
5.341375619173049927e-02
4.977249354124069214e-02
4.637289419770240784e-02
4.610931873321533203e-02
4.612272232770919800e-02
4.613481089472770691e-02
4.618367552757263184e-02
4.612522572278976440e-02
4.610531404614448547e-02
4.613305628299713135e-02
4.597802087664604187e-02
4.606175050139427185e-02
4.609093070030212402e-02
4.408869147300720215e-02
4.395504668354988098e-02
4.400972276926040649e-02
4.408517852425575256e-02
4.397835209965705872e-02
4.392683506011962891e-02
4.360849782824516296e-02
3.601234778761863708e-02
2.581302076578140259e-02
2.305335551500320435e-02
2.105513215065002441e-02
1.863766834139823914e-02
1.632788963615894318e-02
1.390954013913869858e-02
1.155087631195783615e-02
9.892209433019161224e-03
8.966981433331966400e-03
8.223348297178745270e-03
7.796847727149724960e-03
7.150395773351192474e-03
6.808644626289606094e-03
6.794253829866647720e-03
6.110840011388063431e-03
5.939634982496500015e-03
5.559627898037433624e-03
5.294446833431720734e-03
5.285980179905891418e-03
4.931239411234855652e-03
4.873166792094707489e-03
4.655013326555490494e-03
4.481678362935781479e-03
4.279674962162971497e-03
4.132732283324003220e-03
3.911503590643405914e-03
3.828826593235135078e-03
3.862942336127161980e-03
3.672040067613124847e-03
3.421860514208674431e-03
3.433343023061752319e-03
3.485638415440917015e-03
3.331148065626621246e-03
3.207298461347818375e-03
3.205286106094717979e-03
2.987351268529891968e-03
2.905435627326369286e-03
2.986211562529206276e-03
2.782473806291818619e-03
2.891503507271409035e-03
2.793651307001709938e-03
2.773773856461048126e-03
2.722069155424833298e-03
2.667729277163743973e-03
2.524927491322159767e-03
2.440013689920306206e-03
2.431728877127170563e-03
2.460284391418099403e-03
2.347669564187526703e-03
2.376191783696413040e-03
2.277818974107503891e-03
2.253342885524034500e-03
2.133108675479888916e-03
2.218579873442649841e-03
2.168324077501893044e-03
2.144112717360258102e-03
2.039179438725113869e-03
2.074389485642313957e-03
2.067241584882140160e-03
1.993883168324828148e-03
2.033966127783060074e-03
2.069460926577448845e-03
