5.743808000000001357e+00
1.060758829999997488e+01
1.525048290000000861e+01
2.009901889999997593e+01
2.531152679999996735e+01
3.033948649999996405e+01
3.533633129999998346e+01
4.029334089999997559e+01
4.532277759999999489e+01
5.006445089999999709e+01
5.498335509999998294e+01
5.998489169999999149e+01
6.469681249999996453e+01
6.961817729999995663e+01
8.068123479999997016e+01
9.138657549999999219e+01
1.024459139999999593e+02
1.135605172999999581e+02
1.244736831999999822e+02
1.354170492999999738e+02
1.468433081000000016e+02
1.578934740999999917e+02
1.686657652999999755e+02
1.801596638999999413e+02
1.909398664999999937e+02
2.022154583999999886e+02
2.135172460999999657e+02
2.245979416999999785e+02
2.360993227999999817e+02
2.474891914999999472e+02
2.586069462000000385e+02
2.696196142000000009e+02
2.807928528999999571e+02
2.920129270999999562e+02
3.029289433000000145e+02
3.139742527999999311e+02
3.250508682999999337e+02
3.366218103999999585e+02
3.476717552000000069e+02
3.586248666000000185e+02
3.698352919000000156e+02
3.804473116000000346e+02
3.919385248999999476e+02
4.030886008999999603e+02
4.137893778999999768e+02
4.252858010999999578e+02
4.368308068999999705e+02
4.477978770999999369e+02
4.589001283999999714e+02
4.701708115999999791e+02
4.811213004999999612e+02
4.918725754999999253e+02
5.027579140000000280e+02
5.141019886000000270e+02
5.248799910999999838e+02
5.360775473999999576e+02
5.474460322999999562e+02
5.584012620999999399e+02
5.696457667999999330e+02
5.809219755999999961e+02
5.920977609999999913e+02
6.033948481999999558e+02
6.144806466999999657e+02
6.253805846000000201e+02
6.366074925000000349e+02
6.477240027000000282e+02
6.592365935999999920e+02
6.704612673999999970e+02
6.816035182000000532e+02
6.927030356000000211e+02
7.039841925999999148e+02
7.152530741000000489e+02
7.262760356999999658e+02
7.375867651999999453e+02
7.489579588999999942e+02
7.599756454000000758e+02
7.710513286999998854e+02
7.825522911000000477e+02
7.937805679000000509e+02
8.049561816000000363e+02
8.156715217000000848e+02
8.268623605999998745e+02
8.383849551000000702e+02
8.495844210000000203e+02
