8.565276000001176726e+00
1.645527060000313213e+01
2.430455490000167629e+01
3.237385550000180956e+01
4.035795060000236845e+01
4.822348490000149468e+01
5.641436020000401186e+01
6.440363760000036564e+01
7.223066169999947306e+01
8.035270010000385810e+01
8.837732530000357656e+01
9.622942170000169426e+01
1.042393467000001692e+02
1.121659619000056409e+02
1.199541434999991907e+02
1.281211579000009806e+02
1.366076734000016586e+02
1.444436092000032659e+02
1.524827031000022544e+02
1.603798114000019268e+02
1.682301828999989084e+02
1.762329794000033871e+02
1.841224290000027395e+02
1.919855997000049683e+02
2.000177274000016041e+02
2.079265673000045354e+02
2.157906788000036613e+02
2.238456960000039544e+02
2.319115493999997852e+02
2.397864129000008688e+02
2.478383066000023973e+02
2.558455727000036859e+02
2.637522647000005236e+02
2.717476813000030234e+02
2.796972710000045481e+02
2.875778085000056308e+02
2.957383411000046181e+02
3.036751403000016580e+02
3.121207158000033814e+02
3.200996464000054402e+02
3.280612645000001066e+02
3.358616088999988278e+02
3.438527427000008174e+02
3.517153946000034921e+02
3.594830471000022953e+02
3.675080406000051880e+02
3.754103961000000709e+02
3.832537147000039113e+02
3.911131271000049310e+02
3.989237951000031899e+02
4.066495534999994561e+02
4.145788003000052413e+02
4.224077022999990731e+02
4.302456440000023576e+02
4.383072997000053874e+02
4.461504085000051418e+02
4.539739038000043365e+02
4.618925602000017534e+02
4.697387808999992558e+02
4.774851113000040641e+02
4.855254453000015928e+02
4.933403375000052620e+02
5.018323046000004979e+02
5.098555340000020806e+02
5.177414015000031213e+02
5.255559034000034444e+02
5.334574075000055018e+02
5.414827335000009043e+02
5.493574191000006977e+02
5.689534684000027482e+02
5.887187329000007594e+02
6.084485962000035215e+02
6.285681260000055772e+02
6.482769539000000805e+02
6.679637895000050776e+02
6.880728634000042803e+02
7.079006585000024643e+02
7.283573582000026363e+02
7.485478425000037532e+02
7.684123657000018284e+02
7.883583046000057948e+02
8.083070892000032472e+02
8.281583491000055801e+02
8.478847874999992200e+02
8.678529904000024544e+02
8.877823671000005561e+02
9.075893787000022712e+02
9.277604662000012468e+02
9.477198802999992040e+02
9.683259451000049012e+02
9.885463873000044259e+02
1.008390609599999152e+03
1.028347715100004280e+03
1.048543688400000974e+03
1.068427718800005096e+03
1.088287708900003054e+03
1.108217507400004251e+03
1.128028191400000651e+03
1.147975952500004496e+03
1.168055114400005550e+03
1.187881764800004021e+03
1.208523845900002925e+03
1.228801584600005299e+03
1.248728013200001442e+03
1.268802137099999527e+03
1.288838583800003107e+03
1.308790395100004389e+03
1.328787424500005727e+03
1.348791566600004444e+03
1.368617843500003801e+03
1.388606154500004777e+03
1.408603186700005608e+03
1.428568311800001538e+03
1.448998103000005358e+03
1.469218768900005671e+03
1.489136431999999331e+03
1.508891287400001602e+03
1.528942491300003894e+03
