4.718232527375221252e-02
4.631169512867927551e-02
2.100263722240924835e-02
5.090108141303062439e-03
2.436060225591063499e-03
1.891680294647812843e-03
1.489873859100043774e-03
1.227828208357095718e-03
1.295929658226668835e-03
1.215724274516105652e-03
1.136163948103785515e-03
1.061378046870231628e-03
1.184019725769758224e-03
8.738355245441198349e-04
9.800354018807411194e-04
8.418877841904759407e-04
1.061092712916433811e-03
7.707932963967323303e-04
8.994767558760941029e-04
6.944971391931176186e-04
8.000202942639589310e-04
6.946936482563614845e-04
6.682671373710036278e-04
6.993526476435363293e-04
6.325960857793688774e-04
7.203709101304411888e-04
6.758642266504466534e-04
5.683482158929109573e-04
5.696029402315616608e-04
5.651497049257159233e-04
6.503909826278686523e-04
4.415566567331552505e-03
2.947227330878376961e-03
2.520690206438302994e-03
2.285243244841694832e-03
2.188647398725152016e-03
2.030121628195047379e-03
1.928245183080434799e-03
1.862803008407354355e-03
1.775398734025657177e-03
1.741559710353612900e-03
1.669604214839637280e-03
1.650223857723176479e-03
1.598490518517792225e-03
1.589873339980840683e-03
1.505836378782987595e-03
1.442641369067132473e-03
1.450324198231101036e-03
1.426789094693958759e-03
1.401760964654386044e-03
1.422024681232869625e-03
1.379042165353894234e-03
1.404244452714920044e-03
1.343376352451741695e-03
1.311510684899985790e-03
1.354297390207648277e-03
1.373057602904736996e-03
