4.499263459999929182e+01
8.767802490000030957e+01
1.298820589999995718e+02
1.720061261000009836e+02
2.140695092999994813e+02
2.561061110000009649e+02
2.981174898999997822e+02
3.401374101000001247e+02
3.821259568000023137e+02
4.241317675999998755e+02
4.662378123000016785e+02
5.083318614000017988e+02
5.503661331000002974e+02
5.923444108000003325e+02
6.343523110000023735e+02
6.761714854999991076e+02
7.165688803000011831e+02
7.569556527000022470e+02
7.974150822000010521e+02
8.377898654000018723e+02
8.781223129999998491e+02
9.185004809000020032e+02
9.588358337999998184e+02
9.991988382000017737e+02
1.039605117400002200e+03
1.080018428800001857e+03
1.120429068000001280e+03
1.160845892699999240e+03
1.201248518200001854e+03
1.241658929600002011e+03
1.282090400000000955e+03
1.410119059600001492e+03
1.538147297400002572e+03
1.666081408500001999e+03
1.794097552300001553e+03
1.922238355400000728e+03
2.050139872899999318e+03
2.178073768199999904e+03
2.306105889099999331e+03
2.434049182500002644e+03
2.562131306400002359e+03
2.689998156600002403e+03
2.822888393600002019e+03
2.957968749100000423e+03
3.094676187299999583e+03
3.232301601200000732e+03
3.365050692500000878e+03
3.497337585699999181e+03
3.629390530299999227e+03
3.761343873600002553e+03
3.893325994500002707e+03
4.025489457600000605e+03
4.157588007800000923e+03
4.294190793500001746e+03
4.431338912800001708e+03
4.571060236799999984e+03
4.717479817100000218e+03
