1.106481328606605530e-01
5.482705682516098022e-02
4.370137304067611694e-02
4.773727431893348694e-02
4.763276129961013794e-02
4.123883321881294250e-02
3.081430867314338684e-02
2.507746592164039612e-02
2.774108387529850006e-02
2.555832825601100922e-02
2.277144789695739746e-02
2.584408223628997803e-02
2.179187163710594177e-02
2.445294335484504700e-02
2.370918169617652893e-02
2.520992234349250793e-02
2.345584705471992493e-02
2.427169866859912872e-02
2.224963158369064331e-02
2.621717378497123718e-02
3.115071915090084076e-02
3.112163022160530090e-02
3.050884418189525604e-02
2.956105768680572510e-02
3.092391416430473328e-02
2.901592664420604706e-02
2.791681699454784393e-02
2.582228183746337891e-02
2.536343969404697418e-02
2.405178733170032501e-02
2.230897732079029083e-02
2.154918573796749115e-02
1.756665296852588654e-02
1.398761291056871414e-02
1.185978855937719345e-02
1.053102407604455948e-02
1.070839259773492813e-02
9.217483922839164734e-03
8.679686114192008972e-03
8.919982239603996277e-03
8.346601389348506927e-03
7.385402917861938477e-03
7.213812787085771561e-03
7.649138569831848145e-03
7.094512693583965302e-03
6.496153306216001511e-03
6.016697734594345093e-03
6.066295783966779709e-03
5.556493997573852539e-03
5.776378791779279709e-03
5.385841708630323410e-03
4.337210673838853836e-03
4.480607341974973679e-03
4.255751613527536392e-03
3.850409761071205139e-03
4.031372722238302231e-03
3.740931628271937370e-03
4.119766410440206528e-03
3.372242907062172890e-03
3.530060406774282455e-03
3.361409995704889297e-03
3.209635615348815918e-03
3.622245509177446365e-03
3.427861724048852921e-03
3.139640670269727707e-03
2.812549704685807228e-03
2.750600455328822136e-03
2.998019335791468620e-03
2.614294644445180893e-03
2.589292125776410103e-03
2.687286119908094406e-03
2.958436263725161552e-03
2.577868755906820297e-03
2.630292670801281929e-03
2.575259888544678688e-03
2.352382754907011986e-03
2.528651151806116104e-03
2.321455394849181175e-03
2.423386089503765106e-03
2.729206345975399017e-03
2.693381858989596367e-03
