6.455208800000036717e+00
1.158040099999999484e+01
1.351399620000000823e+01
1.546486480000004349e+01
1.741106890000003204e+01
1.946254279999999426e+01
2.141467099999999846e+01
2.345473190000001296e+01
2.540051260000001321e+01
2.735909440000000359e+01
2.941568320000004633e+01
3.135559320000004391e+01
3.329696870000003628e+01
3.525345090000001846e+01
3.731793030000000044e+01
3.937376270000004297e+01
4.131365510000000540e+01
4.335998879999999644e+01
4.563430970000001707e+01
4.769361730000002808e+01
5.410320280000001958e+01
5.712658659999999600e+01
6.018465070000002015e+01
6.330312440000000151e+01
6.629176430000001119e+01
6.970411290000004101e+01
7.275950220000004265e+01
7.591147160000002714e+01
7.917688520000001517e+01
8.221290640000000849e+01
8.512706450000001723e+01
8.798537260000000515e+01
9.083404570000004696e+01
9.360000260000003891e+01
9.646159450000004654e+01
9.928010320000004185e+01
1.022065340000000333e+02
1.051041656000000444e+02
1.079769342000000165e+02
1.108619691000000103e+02
1.137270753000000241e+02
1.165291660999999976e+02
1.194135790000000270e+02
1.224420628000000306e+02
1.253575149000000124e+02
1.283222334000000160e+02
1.313453413000000296e+02
1.343197183999999993e+02
1.373345452000000364e+02
1.403583139000000415e+02
1.436324663999999984e+02
1.470201361000000020e+02
1.504356812000000332e+02
1.537920083000000204e+02
1.568406793000000334e+02
1.602670633000000180e+02
1.633214260000000309e+02
1.663946579000000270e+02
1.693898558000000207e+02
1.724118392999999969e+02
1.754189824000000044e+02
1.784436845000000176e+02
1.815828015000000164e+02
1.847062864000000104e+02
1.881501756000000114e+02
1.912300680000000170e+02
1.942091313000000241e+02
1.971477282000000173e+02
2.000649516999999946e+02
2.029786228000000392e+02
2.059512917000000130e+02
2.089722538999999983e+02
2.120061476000000198e+02
2.149871602000000053e+02
2.179523796000000289e+02
2.209141983999999752e+02
2.237918348999999694e+02
2.268202772999999866e+02
2.297286322000000496e+02
2.326631983000000332e+02
2.355576017999999863e+02
