5.577172186202369630e+01
7.413466657488606870e+01
9.636526714102365077e+01
1.183384493188932538e+02
1.405616232899483293e+02
1.590589624999556690e+02
1.812118637938983738e+02
1.997733281229157001e+02
2.223139803688973188e+02
2.443566656140610576e+02
2.666893397208768874e+02
2.888694218660239130e+02
3.109219385709147900e+02
3.329969725830014795e+02
3.515691960558760911e+02
3.702365192528814077e+02
3.888332984379958361e+02
4.112148246460128576e+02
4.335062344898469746e+02
4.521057042209431529e+02
4.743460848878603429e+02
4.966158789428882301e+02
5.189138020428363234e+02
5.374154138269368559e+02
5.596449878718703985e+02
6.128033539799507707e+02
6.361861558400560170e+02
6.595240337869618088e+02
6.828302655119914562e+02
7.064019617568701506e+02
7.300778276920318604e+02
7.534926502958405763e+02
7.730623689170461148e+02
7.926053162859752774e+02
8.159771837869193405e+02
8.395945977808441967e+02
8.628699819899629802e+02
8.865862972720060498e+02
9.098856301680207253e+02
9.295228384248912334e+02
9.528622611209284514e+02
9.724030224599409848e+02
9.917943231579847634e+02
1.015239767503924668e+03
1.038337590418057516e+03
1.061722885591909289e+03
1.085154966573929414e+03
1.108378856262890622e+03
1.127913242854876444e+03
1.151639163082931191e+03
1.174941292879870161e+03
1.194488884962862357e+03
1.217814236773876473e+03
1.237152204188983887e+03
1.256712033737916499e+03
1.276454805807908997e+03
1.300174014899879694e+03
1.315325314625864848e+03
1.330307898162864149e+03
1.375710150317056105e+03
1.391686324209906161e+03
1.407677452846895903e+03
1.423916778158862144e+03
1.440505226389039308e+03
1.456677378444932401e+03
1.472812592055881396e+03
1.489728163431864232e+03
1.506846138213993981e+03
1.522954124332871288e+03
1.539066863084910437e+03
1.555026305838022381e+03
1.572366032125893980e+03
1.588309769945917651e+03
1.605211017797933891e+03
1.621160850426880643e+03
1.637497322026873007e+03
1.654792706098873168e+03
1.671467241822974756e+03
1.688527153111994267e+03
1.704485584284877405e+03
1.720453678922029212e+03
1.737832410950912163e+03
1.754708000328857452e+03
1.770582306796917692e+03
1.786472388444934040e+03
1.802328965401975438e+03
1.818015674124006182e+03
1.835007135815918446e+03
1.851034238691907376e+03
1.867346250359900296e+03
1.884119335470953956e+03
1.900204495221842080e+03
1.916055176679044962e+03
1.932237527664983645e+03
1.949092020591022447e+03
1.965062590234912932e+03
1.981258343369932845e+03
1.997264638566877693e+03
2.013052461749874055e+03
2.028979533423902467e+03
2.044848768143914640e+03
2.060784712560940534e+03
2.077949423265876248e+03
2.093852475087856874e+03
2.111059254590887576e+03
2.127110657494049519e+03
2.143814565866952762e+03
2.160963298524031416e+03
2.177759308178909123e+03
2.194790796295041218e+03
2.210708481827052310e+03
2.227669464737875387e+03
2.243940634289989248e+03
2.259727520461892709e+03
2.275397142881061882e+03
2.292241139522055164e+03
2.309298907640855759e+03
2.324902794816996902e+03
2.340787239613011479e+03
2.357014396590879187e+03
2.373089270035037771e+03
2.389794202493038028e+03
2.405775816083885729e+03
2.421785338968969882e+03
2.438152350134914741e+03
2.454317462937906384e+03
2.470870011321036145e+03
2.487908806459046900e+03
2.504745312473038211e+03
2.521501388147938997e+03
2.538108775214990601e+03
2.555167521481867880e+03
2.570938391662901267e+03
2.586695871792966500e+03
2.603531538839917630e+03
2.620549536150880158e+03
2.636160135329002514e+03
2.653156199784949422e+03
2.669220242843963206e+03
2.685874267773004249e+03
2.701752869481919333e+03
2.718782619928941131e+03
2.734757744012866169e+03
2.751016519129974768e+03
2.767901386604877189e+03
2.784004624373978004e+03
2.800157559453044087e+03
2.816046532541047782e+03
2.831914732252946123e+03
2.848045175621053204e+03
2.864716145861893892e+03
2.880808042578864843e+03
2.898772249996894971e+03
2.914839369073975831e+03
2.930835255839861929e+03
2.946587772674858570e+03
2.962571033793035895e+03
