7.820835709571838379e-01
9.313272833824157715e-01
9.673498272895812988e-01
9.756563305854797363e-01
9.859008193016052246e-01
9.870216250419616699e-01
9.873329997062683105e-01
9.878591895103454590e-01
9.880831837654113770e-01
9.882596731185913086e-01
9.884606003761291504e-01
9.888289570808410645e-01
9.891168475151062012e-01
9.892455339431762695e-01
9.895180463790893555e-01
9.897770881652832031e-01
9.900801777839660645e-01
9.903258085250854492e-01
9.905474781990051270e-01
9.908270239830017090e-01
9.911423921585083008e-01
9.912672638893127441e-01
9.915896058082580566e-01
9.917771816253662109e-01
9.918137192726135254e-01
9.918864965438842773e-01
9.922225475311279297e-01
9.923993945121765137e-01
9.925529360771179199e-01
9.928036928176879883e-01
9.929012060165405273e-01
9.930003285408020020e-01
9.931548833847045898e-01
9.933403134346008301e-01
9.934394955635070801e-01
9.934967756271362305e-01
9.937878251075744629e-01
9.936620593070983887e-01
9.939765930175781250e-01
9.940123558044433594e-01
9.940389990806579590e-01
9.940694570541381836e-01
9.942660331726074219e-01
9.943315386772155762e-01
9.943463206291198730e-01
9.944138526916503906e-01
9.943901300430297852e-01
9.946703910827636719e-01
9.945464134216308594e-01
9.947248101234436035e-01
9.946885108947753906e-01
9.947640895843505859e-01
9.948493838310241699e-01
9.948195815086364746e-01
9.949043989181518555e-01
9.950264692306518555e-01
9.949460029602050781e-01
9.950202703475952148e-01
9.724177718162536621e-01
9.749202132225036621e-01
9.758793711662292480e-01
9.768266081809997559e-01
9.774094223976135254e-01
9.778227210044860840e-01
9.783840775489807129e-01
9.786655306816101074e-01
9.789956808090209961e-01
9.792616367340087891e-01
9.795314073562622070e-01
9.797703623771667480e-01
9.798940420150756836e-01
9.801254868507385254e-01
9.803997874259948730e-01
9.805061817169189453e-01
9.808029532432556152e-01
9.808230400085449219e-01
9.810273051261901855e-01
9.812411069869995117e-01
9.813042283058166504e-01
9.815001487731933594e-01
9.814234972000122070e-01
9.816657304763793945e-01
9.816625118255615234e-01
9.819701313972473145e-01
9.818552136421203613e-01
