5.289876461029052734e-01
6.312099099159240723e-01
6.354073882102966309e-01
5.241974592208862305e-01
5.472099184989929199e-01
6.992592811584472656e-01
7.642963528633117676e-01
7.844938635826110840e-01
8.055309057235717773e-01
8.226666450500488281e-01
8.432099819183349609e-01
8.493827581405639648e-01
8.586173653602600098e-01
8.647900819778442383e-01
8.706666827201843262e-01
8.753086924552917480e-01
8.778271079063415527e-01
8.898766040802001953e-01
8.934321403503417969e-01
8.977777957916259766e-01
9.015802145004272461e-01
9.005432128906250000e-01
9.086912870407104492e-01
9.104691743850708008e-01
9.153087139129638672e-01
9.184198379516601562e-01
9.228149056434631348e-01
9.244444370269775391e-01
9.289876222610473633e-01
9.265679121017456055e-01
9.316542744636535645e-01
9.354073405265808105e-01
9.384196996688842773e-01
9.370368719100952148e-01
9.417776465415954590e-01
9.415801763534545898e-01
9.422717094421386719e-01
9.427655339241027832e-01
9.419257640838623047e-01
9.512098431587219238e-01
9.107666611671447754e-01
9.239794611930847168e-01
9.262704253196716309e-01
9.331094026565551758e-01
9.357624053955078125e-01
9.412918686866760254e-01
9.431180953979492188e-01
9.453055262565612793e-01
9.479587674140930176e-01
9.513866901397705078e-01
9.193897247314453125e-01
9.321045279502868652e-01
9.365925788879394531e-01
9.407581686973571777e-01
9.454033374786376953e-01
9.490283131599426270e-01
9.521394968032836914e-01
9.297755956649780273e-01
9.382674098014831543e-01
9.445785284042358398e-01
9.488537311553955078e-01
9.518168568611145020e-01
