6.458654999732971191e-01
7.379757761955261230e-01
7.948817014694213867e-01
8.310184478759765625e-01
8.621399998664855957e-01
8.902392387390136719e-01
9.101402163505554199e-01
9.243828654289245605e-01
9.315522313117980957e-01
9.451518654823303223e-01
9.465343356132507324e-01
9.538321495056152344e-01
9.549254775047302246e-01
9.607767462730407715e-01
9.622234106063842773e-01
9.655671119689941406e-01
9.679784178733825684e-01
9.712577462196350098e-01
9.725115299224853516e-01
9.744727611541748047e-01
9.754051566123962402e-01
9.752122163772583008e-01
9.769483208656311035e-01
9.786843657493591309e-01
9.810957908630371094e-01
9.864647388458251953e-01
9.863682985305786133e-01
9.877506494522094727e-01
9.873328208923339844e-01
9.878150224685668945e-01
9.875899553298950195e-01
9.882652163505554199e-01
9.882650971412658691e-01
9.883615970611572266e-01
9.870755672454833984e-01
9.880402088165283203e-01
9.866576194763183594e-01
9.884902834892272949e-01
9.878150820732116699e-01
9.871720075607299805e-01
9.874936342239379883e-01
9.875578284263610840e-01
9.864003658294677734e-01
9.869792461395263672e-01
9.865611791610717773e-01
9.871719479560852051e-01
9.874615073204040527e-01
9.873007535934448242e-01
9.865934848785400391e-01
9.878793358802795410e-01
9.876864552497863770e-01
9.884258508682250977e-01
9.877186417579650879e-01
9.869148135185241699e-01
9.882652759552001953e-01
9.876220822334289551e-01
9.866898059844970703e-01
9.882652759552001953e-01
9.871719479560852051e-01
9.872683882713317871e-01
9.877508878707885742e-01
9.873971343040466309e-01
9.879115223884582520e-01
9.876865148544311523e-01
9.874935746192932129e-01
9.872043132781982422e-01
9.884580969810485840e-01
9.869468808174133301e-01
9.878472089767456055e-01
9.574953317642211914e-01
9.626434445381164551e-01
9.632323980331420898e-01
9.635416865348815918e-01
9.641699790954589844e-01
9.650184512138366699e-01
9.649384617805480957e-01
9.657168984413146973e-01
9.653477072715759277e-01
9.656168818473815918e-01
9.663252830505371094e-01
9.660259485244750977e-01
9.666845202445983887e-01
9.665548205375671387e-01
9.675627946853637695e-01
9.675129055976867676e-01
9.677322506904602051e-01
9.678223729133605957e-01
9.683207273483276367e-01
9.679818749427795410e-01
9.687001109123229980e-01
9.692786335945129395e-01
9.689099788665771484e-01
9.699472784996032715e-01
9.705458879470825195e-01
9.702367782592773438e-01
9.713141918182373047e-01
9.712243080139160156e-01
9.705160856246948242e-01
9.708850979804992676e-01
9.718231558799743652e-01
9.719528555870056152e-01
9.715735912322998047e-01
9.722319841384887695e-01
9.725714325904846191e-01
9.728608131408691406e-01
9.735395312309265137e-01
9.735891222953796387e-01
9.738385677337646484e-01
9.737488031387329102e-01
9.741180539131164551e-01
9.726910591125488281e-01
9.737688302993774414e-01
9.749761819839477539e-01
9.740982651710510254e-01
9.750857949256896973e-01
9.744170904159545898e-01
9.754151701927185059e-01
9.743674397468566895e-01
9.749461412429809570e-01
9.758244752883911133e-01
9.746567010879516602e-01
9.758343696594238281e-01
9.755049347877502441e-01
9.760537147521972656e-01
9.763427972793579102e-01
9.763927459716796875e-01
9.761633872985839844e-01
9.764529466629028320e-01
9.759339094161987305e-01
9.770315885543823242e-01
9.766523838043212891e-01
9.768518209457397461e-01
9.771110415458679199e-01
