8.733585000001767185e+00
1.672497310000107973e+01
2.483854860000064946e+01
3.298819460000231629e+01
4.099162940000314848e+01
4.913232650000281865e+01
5.722210080000149901e+01
6.513637350000135484e+01
7.327840790000118432e+01
8.127977290000126231e+01
8.925331100000039442e+01
9.741625930000009248e+01
1.054600817000027746e+02
1.134997210000001360e+02
1.220613572000002023e+02
1.301360701000012341e+02
1.380435491999996884e+02
1.461263813000005030e+02
1.541349667000031332e+02
1.619592378000015742e+02
1.699574874999998428e+02
1.780038668000015605e+02
1.859088229000008141e+02
1.939200827000022400e+02
2.019702874000031443e+02
2.099600456000007398e+02
2.180565334000020812e+02
2.260744296000011673e+02
2.339935014000002411e+02
2.420281204000020807e+02
2.500153411000028427e+02
2.580024604000027466e+02
2.660792244000003848e+02
2.740559352000018407e+02
2.819766048000019509e+02
2.901336514000031457e+02
2.981383478000025207e+02
3.060877058000005491e+02
3.146649358000031498e+02
3.226433213000018441e+02
3.306358006000009482e+02
3.386687219000014011e+02
3.466118555000030028e+02
3.544660065999996732e+02
3.624915171000029659e+02
3.704433062000025529e+02
3.783575439000014740e+02
3.864377609000002849e+02
3.944188532000007399e+02
4.023263493000013113e+02
4.102985955000003742e+02
4.183065104000015708e+02
4.262269954000003054e+02
4.343218183000026329e+02
4.423772313000008580e+02
4.502863657000016246e+02
4.582884733000028064e+02
4.662464418000017758e+02
4.740265447000019776e+02
4.820083193000027677e+02
4.905211716000012530e+02
4.983754865000009886e+02
5.063453887000032410e+02
5.142464141000018572e+02
5.220965576000016881e+02
5.301398532000021078e+02
5.380762592999999470e+02
5.459203392000017629e+02
5.539145382000024256e+02
5.734239765000020270e+02
5.933169732000023942e+02
6.133271802000017487e+02
6.330636720000002242e+02
6.528820254000020213e+02
6.727874717000013334e+02
6.927083232000004500e+02
7.130473953000000620e+02
7.330117553000018233e+02
7.529074122000019997e+02
7.726906366000039270e+02
7.927993617000029190e+02
8.125678110000008019e+02
8.323287802000049851e+02
8.523565306000018609e+02
8.720128955000036513e+02
8.917862596000049962e+02
9.116286116000046604e+02
9.313168900000018766e+02
9.514793949000013527e+02
9.714634808999981033e+02
9.912143494999982067e+02
1.010973185300004843e+03
1.030987017799998284e+03
1.050644766800003708e+03
1.070175365499999316e+03
1.090141515800001798e+03
1.109918732099999033e+03
1.129699444800004130e+03
1.149760101300002134e+03
1.169447378099997877e+03
1.189060570100002224e+03
1.209879889299998467e+03
1.229716442400000233e+03
1.249482780700003786e+03
1.269498408899999049e+03
1.289375927300003241e+03
1.309047928500003763e+03
1.328868383400003950e+03
1.348646559100001468e+03
1.368298567600002571e+03
1.388066115100002207e+03
1.407733142500001122e+03
1.427358796699998493e+03
1.447904461800004356e+03
1.467645220899998094e+03
1.487294079799998144e+03
1.507193612300005043e+03
1.527077979900001083e+03
1.546711119799998414e+03
1.566676641800004290e+03
1.586517071599999326e+03
1.606163708600004611e+03
1.626074562499998137e+03
1.645740721400004986e+03
1.665202846400003182e+03
1.685855660400004126e+03
1.705639858300004562e+03
1.725338985000002140e+03
1.745352101600001333e+03
1.765048698099999456e+03
1.784652338699997927e+03
1.804750656299998809e+03
1.824641546600003494e+03
