4.964644834399223328e-02
4.574872553348541260e-02
4.332559928297996521e-02
4.258910194039344788e-02
4.086962714791297913e-02
4.126082733273506165e-02
4.103714600205421448e-02
3.925999253988265991e-02
3.937005624175071716e-02
3.922589123249053955e-02
3.872672840952873230e-02
3.933509439229965210e-02
3.862465173006057739e-02
3.949846699833869934e-02
5.199283733963966370e-02
4.518500342965126038e-02
4.308400675654411316e-02
4.188942909240722656e-02
4.070179164409637451e-02
3.990950807929039001e-02
3.955701738595962524e-02
3.864375874400138855e-02
3.842243179678916931e-02
3.851192817091941833e-02
3.779828175902366638e-02
3.763186559081077576e-02
3.753118589520454407e-02
3.726571798324584961e-02
3.791921213269233704e-02
3.708744421601295471e-02
3.716947138309478760e-02
3.698830679059028625e-02
3.609429672360420227e-02
3.561934828758239746e-02
3.591254353523254395e-02
3.523819148540496826e-02
3.685413300991058350e-02
3.484628349542617798e-02
3.641178086400032043e-02
3.611853718757629395e-02
3.508533164858818054e-02
3.489672765135765076e-02
3.423228114843368530e-02
3.430286794900894165e-02
3.424678742885589600e-02
3.472246974706649780e-02
3.444850817322731018e-02
3.475408628582954407e-02
4.925974830985069275e-02
4.428596422076225281e-02
4.263793304562568665e-02
4.205980151891708374e-02
4.056789353489875793e-02
3.998646885156631470e-02
3.979907557368278503e-02
3.899448737502098083e-02
3.855461627244949341e-02
3.733858466148376465e-02
3.791497647762298584e-02
3.727934509515762329e-02
3.670692816376686096e-02
3.673662990331649780e-02
3.658651188015937805e-02
3.577300906181335449e-02
3.491701185703277588e-02
3.550632297992706299e-02
3.592871874570846558e-02
3.561711683869361877e-02
3.506384789943695068e-02
3.451775759458541870e-02
3.524397686123847961e-02
3.415298834443092346e-02
3.425396606326103210e-02
3.408225625753402710e-02
3.464809805154800415e-02
3.430277481675148010e-02
3.390029817819595337e-02
3.407052904367446899e-02
3.367707878351211548e-02
3.394785523414611816e-02
3.342510387301445007e-02
3.386886790394783020e-02
3.310596570372581482e-02
3.329034894704818726e-02
3.325459361076354980e-02
3.294518217444419861e-02
3.277188539505004883e-02
3.265597671270370483e-02
3.215096145868301392e-02
3.291381523013114929e-02
3.233394026756286621e-02
3.265777230262756348e-02
3.243048489093780518e-02
3.200539946556091309e-02
3.232359513640403748e-02
3.236570209264755249e-02
3.169660270214080811e-02
3.214259073138237000e-02
3.161754831671714783e-02
3.145906329154968262e-02
3.215491026639938354e-02
3.188988566398620605e-02
3.163948655128479004e-02
3.175897151231765747e-02
3.115950152277946472e-02
3.190626204013824463e-02
3.100103884935379028e-02
3.108125738799571991e-02
3.230179473757743835e-02
4.622974246740341187e-02
4.133773967623710632e-02
3.902400285005569458e-02
3.736026585102081299e-02
3.604577481746673584e-02
3.555166348814964294e-02
3.449843078851699829e-02
3.485744819045066833e-02
3.400058671832084656e-02
3.395508602261543274e-02
3.390612453222274780e-02
3.347501158714294434e-02
3.353919833898544312e-02
3.369968757033348083e-02
3.304077684879302979e-02
3.278743848204612732e-02
3.283350542187690735e-02
3.214005380868911743e-02
3.226681053638458252e-02
3.264391794800758362e-02
3.256468847393989563e-02
3.206850588321685791e-02
3.159534558653831482e-02
3.206787258386611938e-02
3.157461062073707581e-02
3.162525594234466553e-02
3.174051642417907715e-02
3.141952306032180786e-02
3.180070221424102783e-02
3.099069558084011078e-02
3.143374621868133545e-02
3.165928274393081665e-02
3.159118816256523132e-02
3.133790194988250732e-02
3.090235777199268341e-02
3.050957992672920227e-02
3.021870180964469910e-02
3.092242218554019928e-02
3.023380786180496216e-02
3.046778216958045959e-02
3.028001822531223297e-02
3.034106455743312836e-02
3.053373843431472778e-02
3.011272475123405457e-02
3.015850111842155457e-02
3.022347018122673035e-02
3.018118627369403839e-02
2.931980043649673462e-02
2.930463105440139771e-02
3.016291558742523193e-02
3.156585246324539185e-02
3.096153028309345245e-02
3.010824881494045258e-02
3.061018884181976318e-02
3.037865087389945984e-02
3.115993924438953400e-02
3.052980266511440277e-02
2.999909222126007080e-02
3.008191287517547607e-02
3.036195226013660431e-02
2.979891374707221985e-02
2.978982403874397278e-02
3.046058490872383118e-02
