7.498737573623657227e-01
7.843434214591979980e-01
8.107321858406066895e-01
8.215909004211425781e-01
8.261363506317138672e-01
8.348485231399536133e-01
8.420453667640686035e-01
8.473484516143798828e-01
8.537878990173339844e-01
8.535354137420654297e-01
8.651517629623413086e-01
8.619951009750366211e-01
8.720961809158325195e-01
8.775252699851989746e-01
8.820708394050598145e-01
8.800505995750427246e-01
8.852275013923645020e-01
8.858586549758911133e-01
8.915403485298156738e-01
8.926765918731689453e-01
8.965908288955688477e-01
8.955807089805603027e-01
8.974745869636535645e-01
9.069444537162780762e-01
9.029040336608886719e-01
9.051768183708190918e-01
9.078282713890075684e-01
9.080807566642761230e-01
9.130050539970397949e-01
9.140151143074035645e-01
9.130052328109741211e-01
9.167929887771606445e-01
9.136362671852111816e-01
9.156566262245178223e-01
9.152775406837463379e-01
9.157828092575073242e-01
9.203281998634338379e-01
9.164142012596130371e-01
9.208332896232604980e-01
9.208332896232604980e-01
9.193182587623596191e-01
9.214646816253662109e-01
9.228537082672119141e-01
9.185606241226196289e-01
9.208334088325500488e-01
9.213383197784423828e-01
9.255051612854003906e-01
9.239900112152099609e-01
9.229798913002014160e-01
9.248736500740051270e-01
9.242426753044128418e-01
9.244949817657470703e-01
9.263889789581298828e-01
9.212120771408081055e-01
9.237374067306518555e-01
9.223484992980957031e-01
9.251262545585632324e-01
9.276514649391174316e-01
9.261364340782165527e-01
9.280303120613098145e-01
9.229798913002014160e-01
9.246211051940917969e-01
9.237374067306518555e-01
9.238636493682861328e-01
9.233587384223937988e-01
9.252525568008422852e-01
9.217170476913452148e-01
9.251262545585632324e-01
9.234849214553833008e-01
9.257574081420898438e-01
9.237372875213623047e-01
9.228535890579223633e-01
9.236110448837280273e-01
9.255050420761108398e-01
9.223484992980957031e-01
9.258839488029479980e-01
9.244949221611022949e-01
9.224748015403747559e-01
9.244948625564575195e-01
9.251260757446289062e-01
9.234847426414489746e-01
9.247474074363708496e-01
9.250001311302185059e-01
9.265152215957641602e-01
9.232323169708251953e-01
9.265150427818298340e-01
9.213381409645080566e-01
9.238634705543518066e-01
9.247475266456604004e-01
9.243688583374023438e-01
9.286614060401916504e-01
9.238634109497070312e-01
9.275251030921936035e-01
9.232321977615356445e-01
9.296717047691345215e-01
9.236111044883728027e-01
9.268938899040222168e-01
9.252527356147766113e-01
9.266412258148193359e-01
9.263890385627746582e-01
9.252524375915527344e-01
9.246211051940917969e-01
9.261363148689270020e-01
9.270202517509460449e-01
9.222221970558166504e-01
9.270201325416564941e-01
9.238634705543518066e-01
9.281564354896545410e-01
9.268937706947326660e-01
9.281566739082336426e-01
9.266413450241088867e-01
8.515874147415161133e-01
8.490474820137023926e-01
8.548411130905151367e-01
8.550395965576171875e-01
8.588889837265014648e-01
8.574998378753662109e-01
8.589285612106323242e-01
8.605951070785522461e-01
8.605952858924865723e-01
8.596428632736206055e-01
8.584921956062316895e-01
8.599600791931152344e-01
8.636114597320556641e-01
8.625397682189941406e-01
8.623412251472473145e-01
8.642458915710449219e-01
8.630157709121704102e-01
8.635713458061218262e-01
8.646428585052490234e-01
8.613886237144470215e-01
8.616665005683898926e-01
8.642858266830444336e-01
8.660321235656738281e-01
8.635319471359252930e-01
8.641666173934936523e-01
8.649603128433227539e-01
8.638092875480651855e-01
8.666664958000183105e-01
8.660315871238708496e-01
8.671824336051940918e-01
8.661108613014221191e-01
8.672223687171936035e-01
8.655553460121154785e-01
8.680949807167053223e-01
8.675003647804260254e-01
8.652778267860412598e-01
8.682932853698730469e-01
8.689683079719543457e-01
8.698413372039794922e-01
8.708729147911071777e-01
8.706747293472290039e-01
8.682540655136108398e-01
8.693253993988037109e-01
8.700000047683715820e-01
8.673013448715209961e-01
8.688887357711791992e-01
8.692856431007385254e-01
8.702777028083801270e-01
8.686112761497497559e-01
8.691668510437011719e-01
8.710317611694335938e-01
8.695239424705505371e-01
8.736510276794433594e-01
8.703969717025756836e-01
8.707540631294250488e-01
8.723810911178588867e-01
8.721827268600463867e-01
8.700792789459228516e-01
8.737299442291259766e-01
8.732141852378845215e-01
8.723016977310180664e-01
8.743254542350769043e-01
8.722223043441772461e-01
8.726189136505126953e-01
8.741270899772644043e-01
8.725793361663818359e-01
8.742855191230773926e-01
8.750793337821960449e-01
8.719442486763000488e-01
8.752383589744567871e-01
8.748809695243835449e-01
8.749604225158691406e-01
8.752380609512329102e-01
8.732141852378845215e-01
8.748411536216735840e-01
8.733333945274353027e-01
8.750794529914855957e-01
9.122222065925598145e-01
9.139679670333862305e-01
9.154368638992309570e-01
9.125792384147644043e-01
9.126586318016052246e-01
9.121029973030090332e-01
9.146427512168884277e-01
9.148411154747009277e-01
9.127381443977355957e-01
9.129763245582580566e-01
9.143256545066833496e-01
9.138889908790588379e-01
9.149601459503173828e-01
9.139679670333862305e-01
9.146029949188232422e-01
9.160715341567993164e-01
9.146029353141784668e-01
9.146828055381774902e-01
9.115476608276367188e-01
9.119446873664855957e-01
9.125394225120544434e-01
9.146825075149536133e-01
9.164283871650695801e-01
9.145238399505615234e-01
9.155157208442687988e-01
9.168650507926940918e-01
9.155953526496887207e-01
9.138888716697692871e-01
