8.351659178733825684e-01
8.945794701576232910e-01
9.099794030189514160e-01
9.182101488113403320e-01
9.227752089500427246e-01
9.261831641197204590e-01
9.275655150413513184e-01
9.308770298957824707e-01
9.309414029121398926e-01
9.311020374298095703e-01
9.345421791076660156e-01
9.337384104728698730e-01
9.353138208389282227e-01
9.376607537269592285e-01
9.357960820198059082e-01
9.381428956985473633e-01
9.366641044616699219e-01
9.396219849586486816e-01
9.393646121025085449e-01
9.376606941223144531e-01
9.385610222816467285e-01
9.385929703712463379e-01
9.361817240715026855e-01
9.402005672454833984e-01
9.368571043014526367e-01
9.390754699707031250e-01
9.405220150947570801e-01
9.375000000000000000e-01
9.383037686347961426e-01
9.408115744590759277e-01
9.397183060646057129e-01
9.378858208656311035e-01
9.392681717872619629e-01
9.396541118621826172e-01
9.393324255943298340e-01
9.418080449104309082e-01
9.388180971145629883e-01
9.370498657226562500e-01
9.380145072937011719e-01
9.392039775848388672e-01
9.381750822067260742e-01
9.395253062248229980e-01
9.378215670585632324e-01
9.403935074806213379e-01
9.392681717872619629e-01
9.385608434677124023e-01
9.382072091102600098e-01
9.406185150146484375e-01
9.380143284797668457e-01
9.360854029655456543e-01
9.369534254074096680e-01
9.379822015762329102e-01
9.394932389259338379e-01
9.387539625167846680e-01
9.373713731765747070e-01
9.378215074539184570e-01
9.397826194763183594e-01
9.388824105262756348e-01
9.382717013359069824e-01
9.373070597648620605e-01
9.384323954582214355e-01
9.386252164840698242e-01
9.384002685546875000e-01
9.387859702110290527e-01
9.382393956184387207e-01
9.365676045417785645e-01
9.393326044082641602e-01
9.391716718673706055e-01
9.404578208923339844e-01
9.395576119422912598e-01
9.357640147209167480e-01
9.388180971145629883e-01
9.416795372962951660e-01
9.393969774246215820e-01
9.394611120223999023e-01
9.396540522575378418e-01
9.394611716270446777e-01
9.416152238845825195e-01
9.388503432273864746e-01
9.040449261665344238e-01
9.057109355926513672e-01
9.050626158714294434e-01
9.051026105880737305e-01
9.065492153167724609e-01
9.043841958045959473e-01
9.058110713958740234e-01
9.052823185920715332e-01
9.072678685188293457e-01
9.059308171272277832e-01
9.050328135490417480e-01
9.073971509933471680e-01
9.070681929588317871e-01
9.053220152854919434e-01
9.073773026466369629e-01
9.066492915153503418e-01
9.058209061622619629e-01
9.056913256645202637e-01
9.057211875915527344e-01
9.061104059219360352e-01
9.059308171272277832e-01
9.071781635284423828e-01
9.077865481376647949e-01
9.070783853530883789e-01
9.078264832496643066e-01
9.062899947166442871e-01
9.063898921012878418e-01
9.079263806343078613e-01
9.080957174301147461e-01
9.079260826110839844e-01
9.078467488288879395e-01
9.084950685501098633e-01
9.069983959197998047e-01
9.077265262603759766e-01
9.079461097717285156e-01
9.081259369850158691e-01
9.071180224418640137e-01
9.079661965370178223e-01
9.088538885116577148e-01
9.083352684974670410e-01
9.098617434501647949e-01
9.094727635383605957e-01
9.093431234359741211e-01
9.094027876853942871e-01
9.091832637786865234e-01
9.095821976661682129e-01
9.099913835525512695e-01
9.093434214591979980e-01
9.093628525733947754e-01
9.105503559112548828e-01
9.069186449050903320e-01
9.106501340866088867e-01
9.099218249320983887e-01
9.104902744293212891e-01
9.099415540695190430e-01
9.117676019668579102e-01
9.103007912635803223e-01
9.121668338775634766e-01
9.091731905937194824e-01
9.105204343795776367e-01
9.120074510574340820e-01
9.098320603370666504e-01
