7.945851683616638184e-01
9.377014636993408203e-01
9.417774081230163574e-01
9.430354237556457520e-01
9.406196475028991699e-01
9.428340792655944824e-01
9.411230683326721191e-01
9.443937540054321289e-01
9.462056756019592285e-01
9.473128318786621094e-01
9.492250680923461914e-01
9.484701752662658691e-01
9.473125934600830078e-01
9.505330920219421387e-01
9.499796032905578613e-01
9.144788980484008789e-01
9.204879999160766602e-01
9.214386940002441406e-01
9.233095645904541016e-01
9.197899699211120605e-01
9.227231740951538086e-01
9.226437211036682129e-01
9.239761233329772949e-01
9.235005378723144531e-01
9.260051846504211426e-01
9.265601634979248047e-01
9.292712211608886719e-01
9.302541613578796387e-01
9.267978668212890625e-01
9.286687970161437988e-01
9.278128743171691895e-01
9.236432909965515137e-01
