1.780330159999994066e+01
3.335711219999984678e+01
4.915650689999984024e+01
6.580391469999995024e+01
8.180069340000000011e+01
9.750644280000005892e+01
1.137691549999999552e+02
1.293433418999998139e+02
1.452986003999999411e+02
1.611533269999999902e+02
1.767893571999998130e+02
1.924750847000000249e+02
2.083294647999996414e+02
2.239037731999997050e+02
2.392273683999997047e+02
2.549680395000000317e+02
2.708347122999998646e+02
2.865173596999998153e+02
3.025999698000000535e+02
3.184932175999997526e+02
3.344530666999999085e+02
3.501907943999999588e+02
3.661674580999997488e+02
3.818677213999999367e+02
3.975659376999997221e+02
4.131246850999996241e+02
4.289171575000000303e+02
4.444319995999999264e+02
4.601959070999996584e+02
4.760115302999997766e+02
4.914192239999997582e+02
5.069977112999999918e+02
5.229759326999997029e+02
5.385514766999999665e+02
5.816551860999998098e+02
6.252166423999997278e+02
6.690086815999998180e+02
7.128184856999996555e+02
7.575108147999999346e+02
8.017031113999996705e+02
8.453565745999999308e+02
8.891247704999996131e+02
9.334584301999998388e+02
9.774066413999998986e+02
1.020562472699999944e+03
1.064278964999999971e+03
1.107884291899999880e+03
1.151908223499999622e+03
1.195616084099999625e+03
1.239465250400000059e+03
1.282852105599999959e+03
1.326507507899999837e+03
1.369975105099999837e+03
1.413415431599999920e+03
1.457914284899999984e+03
1.501102280499999779e+03
1.544662601999999879e+03
1.588382948199999646e+03
1.632267678400000023e+03
1.676427370200000041e+03
1.720862003199999890e+03
1.764850561999999627e+03
1.808528506399999969e+03
1.852705616899999768e+03
1.896718083199999455e+03
1.940895579299999554e+03
1.985515120199999728e+03
2.028745314900000267e+03
2.072922111899999436e+03
2.116963311100000283e+03
2.161875296999999591e+03
2.208356649899999866e+03
