5.572220683097839355e-01
5.761108398437500000e-01
7.188889384269714355e-01
7.050001025199890137e-01
5.155555605888366699e-01
7.350002527236938477e-01
5.905559062957763672e-01
4.311109483242034912e-01
5.505554080009460449e-01
5.211112499237060547e-01
5.749998092651367188e-01
6.305552124977111816e-01
6.894444823265075684e-01
6.805552840232849121e-01
6.711108684539794922e-01
5.455554723739624023e-01
7.238889932632446289e-01
7.888889312744140625e-01
7.994445562362670898e-01
7.138889431953430176e-01
7.133334279060363770e-01
7.405555844306945801e-01
7.866666316986083984e-01
7.405559420585632324e-01
6.116669774055480957e-01
5.461112856864929199e-01
6.333336830139160156e-01
7.272223830223083496e-01
7.416667342185974121e-01
6.972220540046691895e-01
6.177778840065002441e-01
7.199998497962951660e-01
6.427775025367736816e-01
7.394445538520812988e-01
7.005555629730224609e-01
5.516665577888488770e-01
6.911107897758483887e-01
7.488891482353210449e-01
7.472226619720458984e-01
7.527776956558227539e-01
7.705554962158203125e-01
7.155554294586181641e-01
6.766664385795593262e-01
6.522220373153686523e-01
7.922222018241882324e-01
7.594446539878845215e-01
7.588890194892883301e-01
8.011110424995422363e-01
7.677780389785766602e-01
7.099999785423278809e-01
6.877774000167846680e-01
6.938887238502502441e-01
7.816668748855590820e-01
7.055555582046508789e-01
8.605557084083557129e-01
7.522224187850952148e-01
7.461112141609191895e-01
7.844447493553161621e-01
7.772222757339477539e-01
6.955555081367492676e-01
7.144445180892944336e-01
7.944446802139282227e-01
7.738893032073974609e-01
7.449999451637268066e-01
6.938886046409606934e-01
7.866668105125427246e-01
7.316665649414062500e-01
7.288888692855834961e-01
7.172219157218933105e-01
6.966664195060729980e-01
