1.009570589999998447e+01
1.642041600000004564e+01
2.333536490000005870e+01
2.966132079999999860e+01
3.631568270000002485e+01
4.337526160000004438e+01
4.992603200000007746e+01
5.642375190000007024e+01
6.283516380000003210e+01
6.968409150000002228e+01
7.672623190000001614e+01
8.338100819999999658e+01
9.048105959999998049e+01
9.771347590000004857e+01
1.047944334000000026e+02
1.114449923000000808e+02
1.181664528000000018e+02
1.247150143000000071e+02
1.313907911000000013e+02
1.381976131999999780e+02
1.449971672000000353e+02
1.516202686999999969e+02
1.581285967000000028e+02
1.653211191999999983e+02
1.720964694000000463e+02
1.785493131000000631e+02
1.851943322000000762e+02
1.918735546999999997e+02
1.986680556000000024e+02
2.049997814000000744e+02
2.116647484999999733e+02
2.182509039999999914e+02
2.250087456000001112e+02
2.312960379000001012e+02
2.381045384000001377e+02
2.450382905999999821e+02
2.516084083999999166e+02
2.581576678000001266e+02
2.649598422000001392e+02
2.714410940000000210e+02
2.777758946000001288e+02
2.839187160000001313e+02
2.905585791000000881e+02
2.975694140000000516e+02
3.044035604000000603e+02
3.109409539000000677e+02
3.174820755000000645e+02
3.237961734000000433e+02
3.303522103000000243e+02
3.370288702000000285e+02
3.440463072000000011e+02
3.510154382000000624e+02
3.574613773000000947e+02
3.638056249000001117e+02
3.704387945999999374e+02
3.772372562000000471e+02
3.838622574999999415e+02
3.907084170000000540e+02
3.967896192999999130e+02
4.034927766999999221e+02
4.100569932000000790e+02
4.164399353999999676e+02
4.232184125999999651e+02
4.298614262999999482e+02
4.368174383000000489e+02
4.436256725999999162e+02
4.502244200000000092e+02
4.570248598000000584e+02
4.634754385000001093e+02
4.700332917000000634e+02
