6.148102879524230957e-01
6.582623720169067383e-01
6.629264354705810547e-01
6.658930778503417969e-01
6.677517890930175781e-01
6.691436171531677246e-01
6.692318320274353027e-01
6.701353788375854492e-01
6.698168516159057617e-01
6.706202030181884766e-01
6.709577441215515137e-01
6.716241240501403809e-01
6.714051365852355957e-01
6.705475449562072754e-01
6.714631319046020508e-01
6.714305281639099121e-01
6.721055507659912109e-01
6.715413331985473633e-01
6.728259921073913574e-01
6.732110381126403809e-01
6.732805371284484863e-01
6.730380058288574219e-01
6.733516454696655273e-01
6.750454902648925781e-01
6.741875410079956055e-01
6.732533574104309082e-01
