2.670647203922271729e-01
2.241062372922897339e-01
2.173176556825637817e-01
2.150786221027374268e-01
2.136625200510025024e-01
2.115057408809661865e-01
2.106787115335464478e-01
2.098107039928436279e-01
2.093846797943115234e-01
2.084493488073348999e-01
2.080718427896499634e-01
2.068028450012207031e-01
2.069167494773864746e-01
2.070565968751907349e-01
2.067942321300506592e-01
2.057151347398757935e-01
2.056149840354919434e-01
2.056225091218948364e-01
2.045257389545440674e-01
2.047332823276519775e-01
2.043222784996032715e-01
2.042378783226013184e-01
2.043821811676025391e-01
2.033183276653289795e-01
2.033442854881286621e-01
2.037887573242187500e-01
