5.329962522999994690e+02
1.059826909400000659e+03
1.589053198299998257e+03
2.118107172499998342e+03
2.645910228800001278e+03
3.177582132300000012e+03
3.702231418199999098e+03
4.229617304400000648e+03
4.760779532200000176e+03
5.291801948099999208e+03
5.821917958799998814e+03
6.353291904299998350e+03
6.884200974699999279e+03
7.414828350900001169e+03
7.944982609100001355e+03
8.474904342799998631e+03
9.004398035399999571e+03
9.533262322699998549e+03
1.006499672689999898e+04
1.059313587430000007e+04
1.112279369390000102e+04
1.165205260900000030e+04
1.217971648900000037e+04
1.270987690750000002e+04
1.324263600649999898e+04
1.377381047930000022e+04
