1.028332784771919250e-01
6.368365883827209473e-02
3.836511820554733276e-02
2.702798135578632355e-02
2.230047620832920074e-02
2.001493610441684723e-02
1.897735521197319031e-02
1.746327243745326996e-02
1.713929139077663422e-02
1.628210023045539856e-02
1.560633443295955658e-02
1.479580532759428024e-02
1.480777561664581299e-02
1.431587524712085724e-02
1.379025541245937347e-02
1.304425857961177826e-02
1.305964868515729904e-02
1.282290555536746979e-02
1.183368079364299774e-02
1.176953967660665512e-02
1.163561362773180008e-02
1.167869288474321365e-02
1.116368733346462250e-02
1.078769471496343613e-02
1.055081561207771301e-02
1.085474621504545212e-02
1.068606413900852203e-02
1.070803403854370117e-02
9.823223575949668884e-03
9.808415547013282776e-03
9.827919304370880127e-03
9.891663677990436554e-03
9.459665976464748383e-03
8.832520805299282074e-03
9.027198888361454010e-03
9.061724878847599030e-03
9.169802069664001465e-03
8.609025739133358002e-03
8.642750792205333710e-03
8.339975029230117798e-03
8.975491859018802643e-03
8.350198157131671906e-03
8.082551881670951843e-03
8.114296011626720428e-03
8.368290029466152191e-03
7.512102369219064713e-03
8.050033822655677795e-03
7.919372990727424622e-03
7.829380221664905548e-03
7.758710999041795731e-03
8.055624552071094513e-03
1.578943058848381042e-02
1.509787142276763916e-02
1.470576319843530655e-02
1.443092059344053268e-02
1.432968676090240479e-02
1.395089179277420044e-02
1.360908057540655136e-02
1.358886715024709702e-02
1.333327032625675201e-02
1.333823520690202713e-02
1.311139669269323349e-02
1.325795613229274750e-02
1.312032807618379593e-02
1.271509286016225815e-02
1.282662805169820786e-02
1.258428208529949188e-02
1.253309100866317749e-02
1.253504585474729538e-02
1.224176771938800812e-02
1.207278668880462646e-02
1.210406422615051270e-02
1.206920761615037918e-02
1.196565106511116028e-02
1.172337494790554047e-02
1.171372551470994949e-02
1.170303579419851303e-02
1.153229176998138428e-02
1.164083182811737061e-02
1.148153282701969147e-02
1.136316172778606415e-02
1.153374370187520981e-02
1.128938887268304825e-02
1.112349145114421844e-02
1.121095288544893265e-02
1.117333211004734039e-02
1.110110338777303696e-02
1.076941099017858505e-02
1.067424472421407700e-02
1.076913531869649887e-02
1.067564263939857483e-02
1.057470031082630157e-02
1.044231094419956207e-02
1.044235378503799438e-02
1.038365531712770462e-02
1.028785761445760727e-02
1.015563961118459702e-02
1.025167666375637054e-02
1.027583610266447067e-02
1.011993270367383957e-02
1.009049359709024429e-02
9.891727007925510406e-03
9.859585203230381012e-03
9.769499301910400391e-03
9.659899398684501648e-03
9.689370170235633850e-03
9.595488198101520538e-03
9.693118743598461151e-03
9.609054774045944214e-03
9.427832439541816711e-03
9.549392387270927429e-03
9.310080669820308685e-03
9.420328773558139801e-03
9.359027259051799774e-03
9.318777360022068024e-03
9.264620020985603333e-03
9.352071210741996765e-03
