8.617334300000948133e+00
1.666666760000225622e+01
2.459900449999986449e+01
3.250234940000154893e+01
4.058581540000159293e+01
4.855150780000258237e+01
5.640789700000095763e+01
6.453093470000021625e+01
7.244167200000083540e+01
8.030091390000234242e+01
8.828878000000258908e+01
9.631575250000241795e+01
1.041323702000008780e+02
1.121416014000024006e+02
1.200794488999999885e+02
1.283341340000006312e+02
1.363494009999994887e+02
1.442900977999997849e+02
1.520984008000014001e+02
1.601166702000009536e+02
1.680978766000007454e+02
1.760154757000018435e+02
1.841380225000029895e+02
1.920934976999997161e+02
2.000210843999993813e+02
2.080958003000014287e+02
2.160374778000004881e+02
2.238731881000021531e+02
2.318969318000017665e+02
2.398179783000014140e+02
2.477050158000020019e+02
2.557287936000029731e+02
2.636289064000011422e+02
2.714902423000021372e+02
2.795120483000027889e+02
2.875083061000004818e+02
2.953278456000007282e+02
3.032749180999999226e+02
3.112118598000015481e+02
3.196032440000017232e+02
3.276169074999997974e+02
3.355046532000014849e+02
3.433786550000004354e+02
3.513731297000013001e+02
3.593502673000002687e+02
3.672166579000004276e+02
3.751878114000028290e+02
3.831948040000024776e+02
3.909430860000029497e+02
3.989369060999997600e+02
4.068474877000007837e+02
4.146969296000024769e+02
4.227075036000023829e+02
4.306416480000007141e+02
4.384532006000008550e+02
4.465721856000018306e+02
4.544711535000024014e+02
4.623524538000019675e+02
4.703419210000029125e+02
4.782300573000029544e+02
4.861775483000019449e+02
4.948362693000017316e+02
5.028343891000004078e+02
5.107219672000028368e+02
5.188156438000005437e+02
5.268384404999997059e+02
5.346910889000027964e+02
5.427396988000000420e+02
5.506528123000025516e+02
5.584512442000013834e+02
5.664876791999995476e+02
5.744475941000018793e+02
5.938627545000017562e+02
6.138550572000021930e+02
6.337300178000004962e+02
6.535430286000009801e+02
6.737285658000000694e+02
6.936757698000001255e+02
7.143053360000012617e+02
7.342292215000015858e+02
7.542025097000005189e+02
7.740589495000021998e+02
7.940376114999999118e+02
8.138534221000008984e+02
8.338387633000020287e+02
8.537020626000012271e+02
8.735895653000006860e+02
8.933960312000017439e+02
9.134607456000012462e+02
9.339207616000021517e+02
9.535393265000020619e+02
9.736675452000017685e+02
9.934690780000019004e+02
1.013296429699999862e+03
1.033204228800001147e+03
1.053002683300001081e+03
1.072667822200000955e+03
1.092416001100002177e+03
1.112316703300002700e+03
1.132037243800001306e+03
1.151962827800001833e+03
1.172328277000000526e+03
1.192033044800002244e+03
1.212139198200002284e+03
1.231971284300001571e+03
1.251829710000001796e+03
1.271716947000000800e+03
1.291454382400002942e+03
1.311152474400001665e+03
1.331108350100003008e+03
1.350904966800000693e+03
1.370698666100000992e+03
1.391203721699999733e+03
1.410969743699999526e+03
1.430786062800001673e+03
1.450643401600002107e+03
1.470563696900000650e+03
1.490345281000001705e+03
1.510242663500001072e+03
1.530093965899999603e+03
1.549773346600002697e+03
1.569771936799999821e+03
1.589368609500001185e+03
1.609091664700001274e+03
1.629515672000001359e+03
1.649215944700001273e+03
1.668919961100000364e+03
1.688877291200002219e+03
1.708650965600001655e+03
1.728423861600000237e+03
1.748263127100002748e+03
1.768088244400001713e+03
1.787771702300000470e+03
1.807642514099999971e+03
1.827385107000001881e+03
1.847146831300000485e+03
