1.098915633830157140e-01
8.738084963776848735e-02
7.637816542251543717e-02
6.865358996120365931e-02
6.324254511432214620e-02
5.898163840174674988e-02
5.457923297177661587e-02
5.220325287770141015e-02
4.963390535928986075e-02
4.747134972025047334e-02
4.484873251481489437e-02
4.261258004063910032e-02
4.046102714809504675e-02
3.924511601640419400e-02
3.741018587554043040e-02
3.631927987391298657e-02
3.438269900666041795e-02
3.295585916123607018e-02
3.093335134061899958e-02
2.982787970792163609e-02
2.939984146505594115e-02
2.747133858501911094e-02
2.637932310727509472e-02
2.494674636559052888e-02
2.458570459857583115e-02
2.366115022450685640e-02
2.262170807543125925e-02
2.127699371935291850e-02
2.032933425666256372e-02
2.010000400583852528e-02
1.897433886981823165e-02
1.905189128592610359e-02
1.798271358182484611e-02
1.708078156648711737e-02
1.673150877044959559e-02
1.612304874949834627e-02
1.575595680200918280e-02
1.505551427941430667e-02
1.507165978916666718e-02
1.463230591775341490e-02
1.427593430165540085e-02
1.411685644310306346e-02
1.354382919486273387e-02
1.318983607925474678e-02
1.294732065024701076e-02
1.289204875091937499e-02
1.205156717280095324e-02
1.211294199932705200e-02
1.188895320943133410e-02
1.156213469803333248e-02
1.129764572886580824e-02
1.123894985172558918e-02
1.097338449379259805e-02
1.071699190969494300e-02
1.086128754964606376e-02
1.057670886035669972e-02
1.037258941849524344e-02
1.028065695427358116e-02
1.003382267345758957e-02
1.028164776296100827e-02
9.962131298909132626e-03
9.734977546825326900e-03
9.910058369860053409e-03
9.766440233215689312e-03
9.719062571159817893e-03
9.721493437378244187e-03
9.499710988761348590e-03
9.378331328149545898e-03
9.111281329850581465e-03
8.934196429750459328e-03
9.360696462152356262e-03
9.170624869875609528e-03
9.067217351614751883e-03
8.984541169113733836e-03
8.517339281653138819e-03
8.730394532904028893e-03
8.523084475150839029e-03
8.599275909364222786e-03
8.369277932003817491e-03
8.562479309991679471e-03
8.484498976560478356e-03
8.382291437804022249e-03
8.215640747750347500e-03
8.563153864815830490e-03
2.061248212653611286e-02
2.004767696506210700e-02
1.944143773854843313e-02
1.907444549325321495e-02
1.890219561755657196e-02
1.838112696539610791e-02
1.834696997223155684e-02
1.810167381939079001e-02
1.795306804124265770e-02
1.742770515515336058e-02
1.713581533503851645e-02
1.702326295165611236e-02
1.684698085433670306e-02
1.680667785395469072e-02
1.648951390824679800e-02
1.654187406479780062e-02
1.610450343361922651e-02
1.573472303072256592e-02
1.592586975744260044e-02
1.575865375476756189e-02
1.551567998182560790e-02
1.523365704209676819e-02
1.525103838981262290e-02
1.486563874674694946e-02
1.483940400981477274e-02
1.520114096613334707e-02
1.469190056236194773e-02
1.434404097098324928e-02
1.450432640500366743e-02
1.446103961938726042e-02
1.447266364869262412e-02
1.399377009964414970e-02
1.404078369428004604e-02
1.375702023572687553e-02
1.388128737253802210e-02
1.352944712221090286e-02
1.352001783304980845e-02
1.335756062130842928e-02
1.344015708459275066e-02
1.327892925191138419e-02
1.331669596556041973e-02
1.319215733158801349e-02
1.304940876550972524e-02
1.296525216927485805e-02
1.282391877645360639e-02
1.278782656416297021e-02
1.247913391728486254e-02
1.238238882140389567e-02
1.253807311744562294e-02
1.259673928742163947e-02
1.227717534040233954e-02
1.240243148790406286e-02
1.209480734342443034e-02
1.214125764090567827e-02
1.216386877964915902e-02
1.213851573544421324e-02
1.190473721894834760e-02
1.185807703794645486e-02
1.189494368021509416e-02
1.195628741955650706e-02
1.155935289537800281e-02
1.152423610045973795e-02
1.152980429852115338e-02
1.150014000944793273e-02
1.149411706187363109e-02
1.158111103012093510e-02
