2.563948035240173340e-01
2.145830392837524414e-01
1.735546737909317017e-01
1.314158588647842407e-01
9.394378960132598877e-02
6.610671430826187134e-02
4.941512644290924072e-02
3.803426772356033325e-02
3.252262249588966370e-02
2.856056019663810730e-02
2.616937831044197083e-02
2.413453534245491028e-02
2.285919524729251862e-02
2.150644548237323761e-02
2.051576599478721619e-02
1.961432769894599915e-02
1.907050609588623047e-02
1.854808069765567780e-02
1.826418191194534302e-02
1.784486882388591766e-02
1.733001694083213806e-02
1.706610061228275299e-02
1.680602692067623138e-02
1.620356738567352295e-02
1.580194756388664246e-02
1.563998311758041382e-02
1.516000647097826004e-02
1.507106237113475800e-02
1.488019712269306183e-02
1.469428092241287231e-02
1.436032541096210480e-02
1.375334151089191437e-02
1.383960526436567307e-02
1.380511559545993805e-02
1.360254455357789993e-02
1.347380504012107849e-02
1.351964008063077927e-02
1.321697328239679337e-02
1.304412167519330978e-02
1.286678761243820190e-02
1.281256042420864105e-02
1.268554292619228363e-02
1.294007524847984314e-02
1.244982238858938217e-02
1.249814871698617935e-02
1.245742943137884140e-02
1.253111660480499268e-02
1.233467087149620056e-02
1.226447336375713348e-02
1.194563601166009903e-02
1.174685638397932053e-02
1.168076228350400925e-02
1.148944161832332611e-02
1.179887820035219193e-02
1.122397743165493011e-02
1.133127231150865555e-02
1.144509389996528625e-02
1.129077840596437454e-02
1.110423635691404343e-02
1.100704632699489594e-02
1.115515083074569702e-02
1.084564626216888428e-02
1.081408932805061340e-02
1.068061683326959610e-02
1.064530480653047562e-02
1.054699905216693878e-02
1.043494231998920441e-02
1.028638426214456558e-02
1.027183700352907181e-02
1.025741733610630035e-02
1.035869400948286057e-02
1.014285348355770111e-02
1.010385248810052872e-02
9.959183633327484131e-03
9.910134598612785339e-03
1.024890784174203873e-02
1.003200467675924301e-02
9.954961016774177551e-03
9.817888028919696808e-03
9.410354308784008026e-03
9.242261759936809540e-03
9.627813473343849182e-03
9.489853866398334503e-03
9.619158692657947540e-03
9.430806152522563934e-03
9.705942124128341675e-03
1.620940305292606354e-02
1.507737580686807632e-02
1.477285753935575485e-02
1.457266882061958313e-02
1.410210132598876953e-02
1.376916840672492981e-02
1.338321436196565628e-02
1.336199138313531876e-02
1.299165561795234680e-02
1.270521059632301331e-02
1.264011580497026443e-02
1.248153671622276306e-02
1.228558830916881561e-02
1.217692438513040543e-02
1.203354727476835251e-02
1.174181327223777771e-02
1.154642272740602493e-02
1.158943958580493927e-02
1.137284282594919205e-02
1.131923869252204895e-02
1.127117313444614410e-02
1.105869095772504807e-02
1.099378801882266998e-02
1.084302645176649094e-02
1.068172417581081390e-02
1.059932447969913483e-02
1.055630482733249664e-02
1.046310830861330032e-02
1.044288743287324905e-02
1.018245238810777664e-02
1.022825948894023895e-02
1.000418048352003098e-02
1.001038961112499237e-02
9.923524223268032074e-03
9.777066297829151154e-03
9.745355695486068726e-03
9.673596359789371490e-03
9.695369750261306763e-03
9.586810134351253510e-03
9.531265124678611755e-03
9.504321031272411346e-03
9.458879008889198303e-03
9.402922354638576508e-03
9.185750037431716919e-03
9.134515188634395599e-03
9.021971374750137329e-03
9.027143940329551697e-03
8.911285549402236938e-03
8.890644647181034088e-03
8.801837451756000519e-03
8.700264617800712585e-03
8.841459639370441437e-03
8.721073158085346222e-03
8.609765209257602692e-03
8.607749827206134796e-03
8.573880419135093689e-03
8.505726233124732971e-03
8.466826751828193665e-03
8.369571529328823090e-03
8.292394690215587616e-03
8.253093808889389038e-03
8.250094018876552582e-03
8.218225091695785522e-03
8.250843733549118042e-03
8.144794963300228119e-03
8.063544519245624542e-03
8.095543831586837769e-03
7.990459911525249481e-03
7.884999737143516541e-03
7.894176989793777466e-03
7.817473262548446655e-03
7.740511093288660049e-03
7.708483841270208359e-03
7.750135846436023712e-03
7.687011733651161194e-03
7.673264481127262115e-03
7.778608240187168121e-03
