1.268227510000000002e+01
2.234199879999999894e+01
3.191949890000000067e+01
4.153292220000000157e+01
5.106753630000000044e+01
6.061241389999999996e+01
7.018629330000000266e+01
7.969813580000000286e+01
8.926001170000000684e+01
9.882948180000001059e+01
1.083425502000000051e+02
1.178836815000000087e+02
1.274323604000000074e+02
1.371301661999999908e+02
1.466462286999999947e+02
1.562389799000000039e+02
1.657772192999999845e+02
1.753222255999999959e+02
1.848737927999999897e+02
1.944087306999999782e+02
2.039446578999999815e+02
2.134939977999999883e+02
2.230352780000000052e+02
2.326232622999999933e+02
2.421558491999999774e+02
2.517160417999999709e+02
2.612817997999999875e+02
2.708354532000000177e+02
2.804253865000000019e+02
2.899620097000000101e+02
2.995365388000000166e+02
3.090799604999999701e+02
3.186917080999999712e+02
3.282142362999999818e+02
3.377605017999999859e+02
3.473305268999999953e+02
3.568763208999999961e+02
3.663957917999999836e+02
3.759707786000000169e+02
3.854833342999999672e+02
3.950326344999999719e+02
4.045847392999999670e+02
4.141485167999999817e+02
4.236749532999999701e+02
4.332916579999999840e+02
4.428416955999999800e+02
4.523700584000000049e+02
4.619672138999999902e+02
4.715141171999999870e+02
4.810615932999999700e+02
4.907838484999999764e+02
5.003207941000000005e+02
5.098676869999999894e+02
5.194330481000000646e+02
5.290001093000000765e+02
5.385446031000000175e+02
5.480946554000000788e+02
5.576442461000000321e+02
5.671920123000001013e+02
5.768143418000000793e+02
5.863945313000000397e+02
5.959723971000000802e+02
6.055893005000000358e+02
6.152159017000000176e+02
6.247201366000000462e+02
6.342204688000000488e+02
6.437130908000000318e+02
6.532751140000000305e+02
6.627974519000000555e+02
6.722927458999999999e+02
6.818347213000000693e+02
6.913264903000000459e+02
7.008233419000000595e+02
7.103374902000000475e+02
7.198135646000000634e+02
7.293079638000000386e+02
7.388475435000000289e+02
7.483266901000000644e+02
7.578143482000000404e+02
7.673143060000001014e+02
7.768376707000001034e+02
7.863140208000000939e+02
7.958598355999999967e+02
8.053387417000000141e+02
8.148423448000000917e+02
8.243467024000000265e+02
8.541452002000000903e+02
8.839419857000000320e+02
9.137894260000000486e+02
9.436292188000001033e+02
9.733674632000000884e+02
1.003199585400000046e+03
1.033029437099999996e+03
1.062906129399999827e+03
1.092923705400000017e+03
1.122713386899999932e+03
1.152510754499999848e+03
1.182366471699999920e+03
1.212423608099999910e+03
1.242443075299999919e+03
1.272261699099999987e+03
1.302015127399999983e+03
1.331745828200000005e+03
1.361539355499999829e+03
1.391373922300000004e+03
1.421161592700000028e+03
1.451041098899999952e+03
1.480843798299999889e+03
1.510631237299999839e+03
1.540498156499999823e+03
1.570312082499999860e+03
1.600110415200000034e+03
1.629940862700000025e+03
1.659737644999999929e+03
1.689569439299999885e+03
1.719372123500000043e+03
1.749191618099999914e+03
1.778992529299999887e+03
1.808804648899999847e+03
1.838594815899999958e+03
1.868364872500000047e+03
1.898203364399999828e+03
1.927950385899999901e+03
1.957825368300000036e+03
1.987569077499999821e+03
2.017342066599999953e+03
2.047122961199999736e+03
2.076884361399999761e+03
2.106622482799999943e+03
2.136430707299999995e+03
2.166191327900000033e+03
2.196012194200000067e+03
2.225826451500000076e+03
2.255867349900000136e+03
2.285783422299999984e+03
2.315801172500000121e+03
2.345819036500000038e+03
2.375774304300000040e+03
2.405809784999999920e+03
2.435807911999999760e+03
2.465760511800000131e+03
2.495713474199999837e+03
2.525711478400000033e+03
2.555680846400000064e+03
2.585647628100000020e+03
2.615830926799999816e+03
2.645865102599999773e+03
2.675816817500000070e+03
2.705826903600000151e+03
2.735792496199999732e+03
2.765743814800000109e+03
2.795730774600000132e+03
2.825668469799999912e+03
2.855602371800000128e+03
2.885615966999999728e+03
2.915641990699999951e+03
2.945599479699999847e+03
2.975654279699999734e+03
3.005650032699999883e+03
3.035437190799999826e+03
3.065291284200000064e+03
3.095098988599999757e+03
3.124883999300000141e+03
