4.397822916507720947e-02
4.033808782696723938e-02
3.853735327720642090e-02
3.746451437473297119e-02
3.632823377847671509e-02
3.624925762414932251e-02
3.628198429942131042e-02
3.551839292049407959e-02
3.470630198717117310e-02
3.572057187557220459e-02
3.503609448671340942e-02
3.475562483072280884e-02
3.468058258295059204e-02
3.473415970802307129e-02
3.457523137331008911e-02
3.476639091968536377e-02
3.403215110301971436e-02
3.432262316346168518e-02
3.502666950225830078e-02
4.660515859723091125e-02
3.988070785999298096e-02
3.795161843299865723e-02
3.660034015774726868e-02
3.546816483139991760e-02
3.450469300150871277e-02
3.470526635646820068e-02
3.416568040847778320e-02
3.334128856658935547e-02
3.357042744755744934e-02
3.318305313587188721e-02
3.284192457795143127e-02
3.244795277714729309e-02
3.247116506099700928e-02
3.205266967415809631e-02
3.155845776200294495e-02
3.163803368806838989e-02
3.196018561720848083e-02
3.158126771450042725e-02
3.149647638201713562e-02
3.172087669372558594e-02
3.104188852012157440e-02
3.087585605680942535e-02
3.110606223344802856e-02
3.040710650384426117e-02
3.071998804807662964e-02
3.108732029795646667e-02
4.403680935502052307e-02
3.875011205673217773e-02
3.641743585467338562e-02
3.606281057000160217e-02
3.493575379252433777e-02
3.488500416278839111e-02
3.397902846336364746e-02
3.348499163985252380e-02
3.295836597681045532e-02
3.296212106943130493e-02
3.284190595149993896e-02
3.189782053232192993e-02
3.192981332540512085e-02
3.149770945310592651e-02
3.144653141498565674e-02
3.105738572776317596e-02
3.151503950357437134e-02
3.096013143658638000e-02
3.061768785119056702e-02
3.017417900264263153e-02
3.073177859187126160e-02
3.011600300669670105e-02
3.037566132843494415e-02
3.007625788450241089e-02
2.993833832442760468e-02
2.952975779771804810e-02
2.980559132993221283e-02
2.929149195551872253e-02
2.961106225848197937e-02
2.956878952682018280e-02
2.955253608524799347e-02
2.895142324268817902e-02
2.915264666080474854e-02
2.914880216121673584e-02
2.872294932603836060e-02
2.957276627421379089e-02
4.084105417132377625e-02
3.545731306076049805e-02
3.376199305057525635e-02
3.409315645694732666e-02
3.235208988189697266e-02
3.133196756243705750e-02
3.167320042848587036e-02
3.082674928009510040e-02
3.091013990342617035e-02
3.033918887376785278e-02
2.985247597098350525e-02
2.959910593926906586e-02
2.941945567727088928e-02
2.925812453031539917e-02
2.943085879087448120e-02
2.901793643832206726e-02
2.824227325618267059e-02
2.844635210931301117e-02
2.820784971117973328e-02
2.800469659268856049e-02
2.818568982183933258e-02
2.787251956760883331e-02
2.796269208192825317e-02
2.734481729567050934e-02
2.772733382880687714e-02
2.726669609546661377e-02
2.736068516969680786e-02
2.730844169855117798e-02
2.762688323855400085e-02
2.686782367527484894e-02
2.714567445218563080e-02
2.685066685080528259e-02
2.704791724681854248e-02
2.679022587835788727e-02
2.656504698097705841e-02
2.691245824098587036e-02
2.688812278211116791e-02
2.621066756546497345e-02
2.675490640103816986e-02
2.679035253822803497e-02
2.641716226935386658e-02
2.647177502512931824e-02
2.623360790312290192e-02
2.629238553345203400e-02
2.622564136981964111e-02
2.627074718475341797e-02
2.624670788645744324e-02
2.596528828144073486e-02
2.576654963195323944e-02
2.565264888107776642e-02
2.554079703986644745e-02
2.620065025985240936e-02
2.713030017912387848e-02
2.671367861330509186e-02
2.679045684635639191e-02
2.630171552300453186e-02
2.625827863812446594e-02
2.656269818544387817e-02
2.589440159499645233e-02
2.615753188729286194e-02
2.595147304236888885e-02
2.618901990354061127e-02
2.561618760228157043e-02
2.617484889924526215e-02
