5.036141276359558105e-01
5.101484060287475586e-01
5.132082104682922363e-01
5.188300013542175293e-01
5.214552283287048340e-01
5.271195173263549805e-01
5.289225578308105469e-01
5.330618023872375488e-01
5.370448231697082520e-01
5.390282273292541504e-01
5.441824793815612793e-01
5.478315949440002441e-01
5.478541851043701172e-01
5.502792000770568848e-01
5.532863736152648926e-01
5.545435547828674316e-01
5.587673187255859375e-01
5.607548952102661133e-01
5.607445836067199707e-01
5.647144317626953125e-01
5.650395154953002930e-01
5.676528811454772949e-01
5.700218081474304199e-01
5.723670125007629395e-01
5.717660188674926758e-01
5.751114487648010254e-01
5.747869610786437988e-01
5.771118998527526855e-01
5.780836939811706543e-01
5.814219117164611816e-01
5.814930796623229980e-01
5.833297967910766602e-01
5.844937562942504883e-01
5.853547453880310059e-01
5.862131118774414062e-01
5.871255993843078613e-01
5.901477932929992676e-01
5.900782942771911621e-01
5.943760871887207031e-01
5.934026837348937988e-01
5.933887958526611328e-01
5.964116454124450684e-01
5.952486991882324219e-01
5.980025529861450195e-01
6.000172495841979980e-01
6.006938219070434570e-01
6.017622351646423340e-01
6.041168570518493652e-01
6.040160059928894043e-01
6.040689945220947266e-01
6.051164865493774414e-01
6.067172288894653320e-01
6.090272665023803711e-01
6.068330407142639160e-01
6.077592372894287109e-01
6.103131771087646484e-01
6.111975312232971191e-01
6.122690439224243164e-01
6.120724081993103027e-01
6.122823953628540039e-01
6.149978041648864746e-01
6.158676147460937500e-01
6.169719696044921875e-01
6.177213788032531738e-01
6.186772584915161133e-01
6.181748509407043457e-01
6.209907531738281250e-01
6.204905509948730469e-01
6.209499835968017578e-01
6.241559982299804688e-01
6.247747540473937988e-01
6.243178844451904297e-01
6.245733499526977539e-01
6.255153417587280273e-01
6.277737021446228027e-01
6.290819048881530762e-01
6.288570761680603027e-01
6.295240521430969238e-01
6.292299032211303711e-01
6.311309337615966797e-01
6.320250630378723145e-01
6.339644789695739746e-01
6.353294253349304199e-01
6.362782120704650879e-01
6.359788775444030762e-01
6.355268359184265137e-01
6.375501751899719238e-01
6.383633017539978027e-01
6.395056843757629395e-01
6.417006850242614746e-01
6.411344408988952637e-01
6.393245458602905273e-01
6.425581574440002441e-01
6.429706811904907227e-01
6.437651515007019043e-01
6.443790197372436523e-01
6.453211307525634766e-01
6.452358961105346680e-01
6.481797099113464355e-01
6.477754712104797363e-01
