4.390800469999976485e+01
4.860482789999969100e+01
5.331001670000023296e+01
5.803718819999994594e+01
6.273932280000008177e+01
6.745396079999954964e+01
7.219879469999978028e+01
7.691603729999951611e+01
8.163284430000021530e+01
8.636821239999972022e+01
9.107859749999988708e+01
9.581579020000026503e+01
1.005223668999997244e+02
1.052235676999998759e+02
1.099612706999996590e+02
1.146689975999997841e+02
1.193708794000003763e+02
1.241044136999998955e+02
1.288079410999998800e+02
1.335059800999997606e+02
1.382380999999995765e+02
1.429464778999999908e+02
1.476858222999999271e+02
1.523943239000000176e+02
1.570971301999998104e+02
1.618335571999996318e+02
1.665356970000002548e+02
1.712707748000002539e+02
1.759757174999995186e+02
1.806760113000000274e+02
1.854140568999991956e+02
1.901165087000008498e+02
1.948183241000006092e+02
1.995453089000002365e+02
2.042471117000004597e+02
2.089800656999996136e+02
2.136879054000000906e+02
2.183888833000000886e+02
2.231193958000003477e+02
2.278223044999995182e+02
2.325693568000006053e+02
2.397520948999990651e+02
2.563841544999995676e+02
2.619572153000008257e+02
2.667290425999999570e+02
2.715351993000003858e+02
2.762630162999994354e+02
2.811758222000007663e+02
2.859993245000005118e+02
2.907230913999992481e+02
2.954844642999996722e+02
3.002598655999991024e+02
3.049798183999992034e+02
3.097553896999997960e+02
3.144958055000006425e+02
3.196651996000000509e+02
3.244488161000008404e+02
3.291764402000007976e+02
3.339511199000007764e+02
3.386776155999996263e+02
3.434316978999995627e+02
3.482061310000008234e+02
3.529690085999991425e+02
3.583346337999992102e+02
3.630675735000004352e+02
3.678241550000002462e+02
3.726008970000002591e+02
3.773326787999994849e+02
3.820890163000003668e+02
3.873816934999995283e+02
3.921188282999992225e+02
3.968945545000005950e+02
4.016261090999996668e+02
4.063813362000000780e+02
4.111699255000003177e+02
4.159008670999992319e+02
4.208853992999993352e+02
4.256483327999994799e+02
4.304275667000001704e+02
4.353150588000007701e+02
4.400762374999994790e+02
4.448716853999994782e+02
4.496212713000004442e+02
4.548164627000005567e+02
4.596213704000001599e+02
4.643532795999999507e+02
4.691101952000008168e+02
4.738978767000007792e+02
4.786545671999992919e+02
4.834344939999991766e+02
4.882656681999997090e+02
4.930317218000000139e+02
4.978209456000004138e+02
5.025542103999996471e+02
5.073746164999993198e+02
5.143560108000001492e+02
5.190975297999993927e+02
5.238204256000008172e+02
5.285266033000007155e+02
5.332563568000005034e+02
