4.826360969999996087e+01
5.427629920000003949e+01
6.030672049999998308e+01
6.637425559999996949e+01
7.237385170000004564e+01
7.841920700000002853e+01
8.442210969999996450e+01
9.042079460000002200e+01
9.672711240000000998e+01
1.027498127999999724e+02
1.087582877999999482e+02
1.147381520000000137e+02
1.207347342000000481e+02
1.267732928000000356e+02
1.327664412000000311e+02
1.388023103000000447e+02
1.448008022999999866e+02
1.508383254999999963e+02
1.568332553999999845e+02
1.628286147999999685e+02
1.688674235999999382e+02
1.748602987000000439e+02
1.808973759000000427e+02
1.868994691999999986e+02
1.928974462999999560e+02
1.989266595000000279e+02
2.049257183999999370e+02
2.109650205000000369e+02
2.169579631000000290e+02
2.229535534000000325e+02
2.289862025999999560e+02
2.349912491000000045e+02
2.410311265000000276e+02
2.470309231999999611e+02
2.530882779999999457e+02
2.591013147999999546e+02
2.651791169000000536e+02
2.715442017000000305e+02
2.775927189999999882e+02
2.836887377000000470e+02
2.897081685000000562e+02
2.957793560000000070e+02
3.017926379999998971e+02
3.081686368999999104e+02
3.142562087999999676e+02
3.202650533999999425e+02
3.263352815000000646e+02
3.323572787000000517e+02
3.384550489999999172e+02
3.444962502000000768e+02
3.510875422999999955e+02
3.571840279999998984e+02
3.632110213000000840e+02
3.692856555000000753e+02
3.753108941999998933e+02
3.813866826999999375e+02
3.874092791999999008e+02
3.937781230000000505e+02
3.999288990000000013e+02
4.060046138000000155e+02
4.120531659999999192e+02
4.180418953999999303e+02
4.240657080999999380e+02
4.300596912999999404e+02
4.360669301000000360e+02
4.421161007999999129e+02
4.484751398000000790e+02
4.546175172999999177e+02
4.607092867999999726e+02
4.668403212999999141e+02
4.729357047999999395e+02
4.790328541999999743e+02
4.851544409999999061e+02
4.912481617999999344e+02
4.973830353000000741e+02
5.034984337999999298e+02
5.096233959999999570e+02
5.157153891999998905e+02
5.218056137000000945e+02
5.279340838999999050e+02
5.340248031999999512e+02
