4.347826179582625628e-04
1.739130471833050251e-03
7.391304243355989456e-03
1.956521719694137573e-02
4.652173817157745361e-02
8.782608807086944580e-02
1.347826123237609863e-01
2.139130383729934692e-01
2.813043594360351562e-01
3.686956465244293213e-01
4.369565248489379883e-01
4.995652139186859131e-01
5.578261017799377441e-01
6.213043332099914551e-01
6.656521558761596680e-01
6.873912811279296875e-01
7.234782576560974121e-01
7.526087164878845215e-01
7.843478322029113770e-01
8.017391562461853027e-01
8.152173757553100586e-01
8.221738934516906738e-01
8.586956262588500977e-01
8.486956357955932617e-01
8.434782624244689941e-01
8.395652174949645996e-01
8.621739149093627930e-01
8.739130496978759766e-01
8.791304230690002441e-01
8.565217256546020508e-01
8.682608604431152344e-01
8.773912787437438965e-01
8.873913288116455078e-01
8.817391395568847656e-01
8.865217566490173340e-01
8.747826218605041504e-01
8.847826123237609863e-01
8.895652294158935547e-01
8.817391395568847656e-01
8.865217566490173340e-01
8.804348111152648926e-01
8.734782338142395020e-01
8.669565320014953613e-01
8.656522035598754883e-01
8.708695769309997559e-01
8.647826313972473145e-01
8.682608604431152344e-01
8.426086902618408203e-01
8.604347705841064453e-01
8.634782433509826660e-01
