8.201069831848144531e-01
8.981373906135559082e-01
9.080654382705688477e-01
9.142203330993652344e-01
9.199180006980895996e-01
9.244945049285888672e-01
9.278410077095031738e-01
9.296719431877136230e-01
9.325441718101501465e-01
9.334907531738281250e-01
9.348644614219665527e-01
9.379420280456542969e-01
9.372633695602416992e-01
9.394409656524658203e-01
9.404042959213256836e-01
9.417299628257751465e-01
9.418407082557678223e-01
9.432603716850280762e-01
9.442867040634155273e-01
9.430558085441589355e-01
9.446019530296325684e-01
9.456126093864440918e-01
9.462434053421020508e-01
9.461966156959533691e-01
9.468904733657836914e-01
9.474273920059204102e-01
9.494321942329406738e-01
9.477595686912536621e-01
9.484061002731323242e-01
9.492269158363342285e-01
9.492738246917724609e-01
9.500790238380432129e-01
9.505369067192077637e-01
9.502837657928466797e-01
9.511051774024963379e-01
9.506946206092834473e-01
9.517360925674438477e-01
9.524778723716735840e-01
9.523045420646667480e-01
9.529668688774108887e-01
9.516410827636718750e-01
9.533152580261230469e-01
9.530462622642517090e-01
9.530774950981140137e-01
9.548614025115966797e-01
9.536927938461303711e-01
9.543719887733459473e-01
9.542925953865051270e-01
9.531723856925964355e-01
9.547664523124694824e-01
9.548132419586181641e-01
9.544197320938110352e-01
9.555715918540954590e-01
9.553349614143371582e-01
9.557448029518127441e-01
9.565500617027282715e-01
9.555872678756713867e-01
9.571182131767272949e-01
9.555712342262268066e-01
9.561238884925842285e-01
9.556814432144165039e-01
9.573225975036621094e-01
9.563606381416320801e-01
9.585702419281005859e-01
9.570710062980651855e-01
9.566133618354797363e-01
9.580495953559875488e-01
9.568183422088623047e-01
9.573702812194824219e-01
9.589649438858032227e-01
9.567705988883972168e-01
9.582548141479492188e-01
9.577811360359191895e-01
9.582070112228393555e-01
9.580648541450500488e-01
8.763102293014526367e-01
8.777189254760742188e-01
8.789842128753662109e-01
8.784431815147399902e-01
8.798223733901977539e-01
8.807906508445739746e-01
8.825758695602416992e-01
8.830469846725463867e-01
8.838256001472473145e-01
8.841978907585144043e-01
8.845497369766235352e-01
8.850359320640563965e-01
8.863061666488647461e-01
8.864344954490661621e-01
8.872925639152526855e-01
8.868165612220764160e-01
8.877241611480712891e-01
8.888847827911376953e-01
8.892617225646972656e-01
8.901687860488891602e-01
8.904422521591186523e-01
8.902152180671691895e-01
8.914198279380798340e-01
8.912016749382019043e-01
8.915289044380187988e-01
8.925404548645019531e-01
8.927946090698242188e-01
8.929226398468017578e-01
8.930664062500000000e-01
8.927097916603088379e-01
8.925654888153076172e-01
8.940147757530212402e-01
8.945003747940063477e-01
8.955669999122619629e-01
8.944948911666870117e-01
8.940883874893188477e-01
8.946988582611083984e-01
8.941275477409362793e-01
8.950557112693786621e-01
8.951947093009948730e-01
8.946039676666259766e-01
8.954414725303649902e-01
8.956407904624938965e-01
8.955023288726806641e-01
8.945497274398803711e-01
8.958595395088195801e-01
8.964543938636779785e-01
8.968366980552673340e-01
8.970252275466918945e-01
8.964493870735168457e-01
8.970296978950500488e-01
8.965483903884887695e-01
8.965979218482971191e-01
8.973220586776733398e-01
8.975903391838073730e-01
8.968511819839477539e-01
8.966920971870422363e-01
8.975010514259338379e-01
8.970253467559814453e-01
8.961422443389892578e-01
