8.196691100000000674e+00
1.287926730000000042e+01
1.754716919999999902e+01
2.219328379999999967e+01
2.685011510000000001e+01
3.147499619999999965e+01
3.607544910000000016e+01
4.069784510000000211e+01
4.528974759999999833e+01
4.988063420000000292e+01
5.450683500000000237e+01
5.909844840000000232e+01
6.371323049999999455e+01
6.831719669999999667e+01
7.293847909999999501e+01
7.744511719999999855e+01
8.214027799999999502e+01
8.676272679999999582e+01
9.152248020000000395e+01
9.625730969999999331e+01
1.010107162999999986e+02
1.057212082000000066e+02
1.104421386000000069e+02
1.151796039999999977e+02
1.198821614000000011e+02
1.246660281000000055e+02
1.292581845999999928e+02
1.339188353999999777e+02
1.384988349000000198e+02
1.431901890999999978e+02
1.478702215000000137e+02
1.524885125000000130e+02
1.571444299999999998e+02
1.618145253000000139e+02
1.664745985999999789e+02
1.711532910000000243e+02
1.758035868000000050e+02
1.805045218000000204e+02
1.851788622000000260e+02
1.897641383999999789e+02
1.943966034000000036e+02
1.988968884000000230e+02
2.036052657000000181e+02
2.081876182999999969e+02
2.127956654000000185e+02
2.173914877000000274e+02
2.220148990999999796e+02
2.265087882000000263e+02
2.312112278999999830e+02
2.357698834999999917e+02
2.403298489000000018e+02
2.449188874999999825e+02
2.494980378000000201e+02
2.540741653000000042e+02
2.585761158000000250e+02
2.632349082000000067e+02
2.679645443000000000e+02
2.725330903999999919e+02
2.771538049000000115e+02
2.817183698000000049e+02
2.863369840000000295e+02
2.909367319000000407e+02
2.955283650000000080e+02
3.000994681000000242e+02
3.046046360999999933e+02
3.092960817000000020e+02
3.139336173000000372e+02
3.185959994000000393e+02
3.232101456000000326e+02
3.278110693000000424e+02
3.324344199999999887e+02
3.371128726000000029e+02
3.418682729999999879e+02
3.465784638000000086e+02
3.513264580000000024e+02
3.681386969000000136e+02
3.849042812000000140e+02
4.016773641999999995e+02
4.184099151000000347e+02
4.352341407000000117e+02
4.521496607000000267e+02
4.689561259000000177e+02
4.857991137000000208e+02
5.025010890000000359e+02
5.194668858999999657e+02
5.361142917999999327e+02
5.528285366999999724e+02
5.699318187999999736e+02
5.874862028000000009e+02
6.051444341999999779e+02
6.222427339999999276e+02
6.390223421999999118e+02
6.557497105999999576e+02
6.725177218000000039e+02
6.895120681999999306e+02
7.064178193999999849e+02
7.233766590999999835e+02
7.400858447999999044e+02
7.568896542999999610e+02
7.737227568999999221e+02
7.904030697999999120e+02
8.072037197999999307e+02
8.241165992999999617e+02
8.408815724999999475e+02
8.575104143999999451e+02
8.743832425999999032e+02
8.911304130999999416e+02
9.078868023999999650e+02
9.248083245999999917e+02
9.414544396000000006e+02
9.584176877999999533e+02
9.751738389999999299e+02
9.920135740999999143e+02
1.009055035699999962e+03
1.025855571400000144e+03
1.042805034200000136e+03
1.059794282700000167e+03
1.077020092700000077e+03
1.093831596900000022e+03
1.110863373800000090e+03
1.127887560900000153e+03
1.144915234000000055e+03
1.161851466000000073e+03
1.178890592700000070e+03
1.195847794900000054e+03
1.212899646800000028e+03
1.229887367400000130e+03
1.246969624199999998e+03
1.264017243700000108e+03
1.280950394299999971e+03
1.297961533400000008e+03
1.315033555600000000e+03
1.331959156800000073e+03
1.349078372700000045e+03
1.366042562400000179e+03
