2.130151710000000165e+01
2.148554040000000143e+01
2.166752660000000219e+01
2.185183390000000259e+01
2.212740640000000170e+01
2.231069740000000223e+01
2.249731840000000105e+01
2.268028699999999986e+01
2.286547850000000182e+01
2.305126519999999957e+01
2.323380570000000134e+01
2.341577720000000085e+01
2.359644010000000236e+01
2.378063790000000211e+01
2.396359209999999962e+01
2.414576320000000109e+01
2.432938620000000185e+01
2.451151390000000063e+01
2.469375020000000021e+01
2.487616590000000016e+01
2.505614309999999989e+01
2.524062480000000264e+01
2.542364840000000115e+01
2.560354530000000040e+01
2.578664690000000093e+01
2.596780659999999941e+01
2.615451290000000029e+01
2.633773080000000277e+01
2.651829479999999961e+01
2.670096310000000273e+01
2.688217090000000198e+01
2.706608780000000181e+01
2.724889120000000275e+01
2.743062850000000097e+01
2.761639080000000135e+01
2.779901150000000243e+01
2.798116890000000012e+01
2.816607929999999982e+01
2.834957010000000110e+01
2.853290450000000078e+01
2.871466080000000076e+01
2.889586399999999955e+01
2.908127510000000271e+01
2.926280330000000163e+01
2.944827700000000092e+01
2.963038870000000102e+01
2.981160099999999957e+01
2.999338620000000333e+01
3.017540170000000188e+01
3.035882190000000236e+01
3.054135930000000343e+01
3.072211519999999751e+01
3.090509320000000315e+01
3.108798720000000060e+01
3.140594469999999916e+01
3.158819890000000186e+01
3.176908000000000243e+01
3.195319340000000352e+01
3.213596880000000056e+01
3.231624169999999907e+01
3.249728770000000111e+01
3.267536810000000003e+01
3.285855899999999963e+01
3.304247800000000268e+01
3.322411890000000056e+01
3.340768729999999920e+01
3.359093850000000003e+01
3.377580869999999891e+01
3.395966520000000344e+01
3.414251409999999964e+01
3.432640419999999892e+01
3.450867159999999956e+01
3.469353389999999848e+01
3.487619229999999959e+01
3.505812279999999959e+01
3.524208450000000425e+01
3.542682190000000020e+01
3.560717739999999765e+01
3.579113240000000218e+01
3.597428080000000250e+01
3.615594690000000355e+01
3.634231119999999748e+01
3.652449000000000012e+01
3.670913699999999835e+01
3.689128790000000180e+01
3.707698470000000412e+01
3.726023310000000066e+01
3.744332039999999751e+01
3.762893700000000052e+01
3.781038610000000233e+01
3.799525340000000284e+01
3.817983689999999797e+01
3.836141849999999920e+01
3.854609930000000162e+01
3.872983440000000144e+01
3.891222400000000192e+01
3.909670340000000266e+01
3.927682850000000059e+01
3.945912960000000425e+01
3.964573760000000391e+01
