8.700006008148193359e-01
8.351030945777893066e-01
7.734923362731933594e-01
6.828323602676391602e-01
5.944162607192993164e-01
5.336000323295593262e-01
4.921998977661132812e-01
4.622647762298583984e-01
4.391981065273284912e-01
4.176071584224700928e-01
3.954338729381561279e-01
3.752171993255615234e-01
3.629482984542846680e-01
3.456602096557617188e-01
3.322527408599853516e-01
3.220948278903961182e-01
3.086411654949188232e-01
2.965775132179260254e-01
2.867467701435089111e-01
2.768017053604125977e-01
2.678915560245513916e-01
2.594720423221588135e-01
2.506056427955627441e-01
2.438805103302001953e-01
2.350191920995712280e-01
2.291429042816162109e-01
2.227744758129119873e-01
2.159386724233627319e-01
2.098534107208251953e-01
2.046813070774078369e-01
1.989622414112091064e-01
1.925725936889648438e-01
1.899912357330322266e-01
1.845933794975280762e-01
1.802981793880462646e-01
1.748643070459365845e-01
1.714634746313095093e-01
1.672466248273849487e-01
1.635827124118804932e-01
1.588989049196243286e-01
1.561505645513534546e-01
1.515596657991409302e-01
1.483561098575592041e-01
1.454196274280548096e-01
2.262430340051651001e-01
2.085876613855361938e-01
1.954642683267593384e-01
1.845679879188537598e-01
1.773253828287124634e-01
1.693064719438552856e-01
1.614888608455657959e-01
1.555868238210678101e-01
1.496375352144241333e-01
1.442818790674209595e-01
1.393157541751861572e-01
1.341057717800140381e-01
1.301594674587249756e-01
1.273839771747589111e-01
1.223815456032752991e-01
1.197446957230567932e-01
1.172108277678489685e-01
1.126828640699386597e-01
1.098080351948738098e-01
1.072113439440727234e-01
1.031354740262031555e-01
1.009547039866447449e-01
9.875155985355377197e-02
