1.526786039999933564e+01
2.906213299999944866e+01
4.393027399999846239e+01
5.779451669999980368e+01
7.162235290000171517e+01
8.523884030000044731e+01
9.854794100000071921e+01
1.119279170000008889e+02
1.257344241999999213e+02
1.391077633999993850e+02
1.524560296000017843e+02
1.656781642999994801e+02
1.791356474999993225e+02
1.928595920000007027e+02
2.062111917000001995e+02
2.195503647000005003e+02
2.328880742000001192e+02
2.461331825999986904e+02
2.594852261999985785e+02
2.727519044000000576e+02
2.866305715000016789e+02
3.010617144999996526e+02
3.153437508999995771e+02
3.291836356999992859e+02
3.425032547000009799e+02
3.558631733000001987e+02
3.691571741000007023e+02
3.829515161999988777e+02
3.963063978999998653e+02
4.096935107999997854e+02
4.232151207999995677e+02
4.368675781999991159e+02
4.505386069999985921e+02
4.645492916000002879e+02
4.779744129999999132e+02
4.912289034999994328e+02
5.052295837999990908e+02
5.188811892999983684e+02
5.333431721000015386e+02
5.467184806000004755e+02
5.600969651999985217e+02
5.737805279999993218e+02
5.873831863000013982e+02
6.012819583999989845e+02
6.154786125999999058e+02
6.293309995999989042e+02
6.431750174000007974e+02
6.572943645999985165e+02
6.720729231000004802e+02
6.858400837000008323e+02
6.991587350000008882e+02
7.124496429999999236e+02
7.258053418999988935e+02
7.389901785000001837e+02
7.528894448999999440e+02
7.671156749000001582e+02
7.804171525999990990e+02
7.937059254999985569e+02
8.069342140000007930e+02
8.204164424000009603e+02
8.354898242999988724e+02
8.490568224000016926e+02
8.624560562000006030e+02
8.756712642999991658e+02
8.888697658000019146e+02
9.020481451999985438e+02
9.155423507999985304e+02
9.290488669000005757e+02
9.421544960999999603e+02
9.553362796000001254e+02
9.690584555999994336e+02
9.823062563999992562e+02
9.953878210000002582e+02
1.008540254799998365e+03
1.021667755599999509e+03
1.034779959600000439e+03
1.048046664699999383e+03
1.061252606499998365e+03
1.074941346300001896e+03
1.088165537000000768e+03
1.101638642999998410e+03
1.114960024700001668e+03
1.128261368899999070e+03
1.141411062999999558e+03
1.154618102899999940e+03
1.167780009599999175e+03
1.180884124100000918e+03
1.194000659299999825e+03
1.207558826500000578e+03
1.220656530100000964e+03
1.234111386500000663e+03
1.247194186000000627e+03
1.260338655300001847e+03
1.273488418900000397e+03
1.286563624099999288e+03
1.300763705000001210e+03
1.313838541500001156e+03
1.327098291300000710e+03
1.340248235399998521e+03
1.383187421999999060e+03
1.426007282900001883e+03
1.469315978999999061e+03
1.513437719699999434e+03
1.556793882199999643e+03
1.599930667699998594e+03
1.643504253200000676e+03
1.686401425600000948e+03
1.729374939900000754e+03
1.772009422399998584e+03
1.815242322599999170e+03
1.858288970099998551e+03
1.900827688500001386e+03
1.943361925299999712e+03
1.986516062899998360e+03
2.029131641299998591e+03
2.071683752199998708e+03
2.114211131399999431e+03
2.157490739699998812e+03
2.200504643399999622e+03
2.243318832699998893e+03
2.285771849600001588e+03
