5.308679342269897461e-01
5.371643304824829102e-01
5.395485162734985352e-01
5.388195514678955078e-01
5.409028530120849609e-01
5.414930582046508789e-01
5.386111140251159668e-01
5.441086888313293457e-01
5.424653291702270508e-01
5.409488677978515625e-01
5.371412038803100586e-01
5.359144210815429688e-01
5.378705263137817383e-01
5.384142994880676270e-01
5.397917628288269043e-01
5.417013764381408691e-01
5.398843884468078613e-01
5.386226177215576172e-01
5.392361879348754883e-01
5.420603156089782715e-01
5.426159501075744629e-01
5.433564186096191406e-01
5.441435575485229492e-01
5.414583683013916016e-01
5.419327616691589355e-01
5.442129969596862793e-01
5.397568941116333008e-01
5.433678627014160156e-01
5.437731146812438965e-01
5.406482219696044922e-01
5.429050922393798828e-01
5.413426756858825684e-01
5.405788421630859375e-01
5.427548289299011230e-01
5.354047417640686035e-01
5.342825055122375488e-01
5.350465178489685059e-01
5.320600867271423340e-01
5.389004945755004883e-01
5.400925874710083008e-01
5.363656878471374512e-01
5.346642136573791504e-01
5.394560098648071289e-01
5.353472828865051270e-01
5.263541340827941895e-01
5.467014312744140625e-01
5.599884390830993652e-01
5.624189972877502441e-01
5.684030652046203613e-01
5.716204047203063965e-01
5.693170428276062012e-01
5.733448863029479980e-01
5.711228251457214355e-01
5.725231170654296875e-01
5.732406377792358398e-01
5.760070085525512695e-01
5.789120197296142578e-01
5.772453546524047852e-01
5.790857672691345215e-01
5.808217525482177734e-01
5.817475914955139160e-01
5.826966762542724609e-01
5.791432261466979980e-01
5.847686529159545898e-01
5.846528410911560059e-01
5.890740752220153809e-01
5.850462317466735840e-01
5.920833349227905273e-01
5.839583873748779297e-01
5.881017446517944336e-01
5.895720720291137695e-01
5.894908308982849121e-01
5.887268781661987305e-01
5.888078212738037109e-01
5.923611521720886230e-01
5.933101773262023926e-01
5.915046930313110352e-01
5.915046930313110352e-01
5.899188518524169922e-01
5.901156663894653320e-01
5.947453379631042480e-01
5.963541865348815918e-01
5.938542485237121582e-01
5.945370197296142578e-01
5.886690020561218262e-01
5.770253539085388184e-01
5.886457562446594238e-01
5.987151861190795898e-01
6.030439138412475586e-01
6.086458563804626465e-01
6.174190044403076172e-01
6.183563470840454102e-01
6.226388812065124512e-01
6.253818869590759277e-01
6.259027123451232910e-01
6.301620602607727051e-01
6.288080811500549316e-01
6.321528553962707520e-01
6.333333253860473633e-01
6.355325579643249512e-01
6.323957443237304688e-01
6.387385725975036621e-01
6.389930248260498047e-01
6.387036442756652832e-01
6.377546191215515137e-01
6.370486021041870117e-01
6.365160346031188965e-01
6.478934884071350098e-01
6.581135392189025879e-01
6.708679795265197754e-01
6.707522869110107422e-01
6.709143519401550293e-01
6.706250905990600586e-01
6.703359484672546387e-01
6.674073338508605957e-01
6.674768924713134766e-01
6.681943535804748535e-01
6.682987213134765625e-01
6.653355360031127930e-01
6.635649800300598145e-01
6.535879373550415039e-01
6.411808133125305176e-01
6.536804437637329102e-01
6.705555915832519531e-01
6.789353489875793457e-01
6.833563446998596191e-01
6.884374022483825684e-01
6.922799944877624512e-01
6.945833563804626465e-01
6.982061266899108887e-01
7.027660608291625977e-01
7.037845849990844727e-01
7.017938494682312012e-01
7.078009843826293945e-01
7.095487713813781738e-01
7.093634009361267090e-01
7.068864703178405762e-01
7.077894210815429688e-01
7.119443416595458984e-01
7.060070037841796875e-01
7.095487713813781738e-01
7.088658809661865234e-01
7.153704166412353516e-01
7.091435194015502930e-01
7.128703594207763672e-01
7.130324244499206543e-01
7.124075293540954590e-01
7.122338414192199707e-01
7.157291769981384277e-01
7.126621007919311523e-01
7.144561409950256348e-01
7.179163694381713867e-01
7.116088867187500000e-01
7.129167914390563965e-01
7.148032784461975098e-01
7.106829881668090820e-01
7.171182036399841309e-01
7.169326543807983398e-01
7.155097126960754395e-01
7.177082300186157227e-01
7.178009748458862305e-01
7.167824506759643555e-01
7.170600891113281250e-01
7.148032188415527344e-01
7.186804413795471191e-01
7.143751382827758789e-01
7.149304747581481934e-01
7.189700007438659668e-01
7.203819751739501953e-01
7.167709469795227051e-01
7.186689972877502441e-01
7.158448696136474609e-01
