1.470962464809417725e-01
1.476258933544158936e-01
1.479908972978591919e-01
1.469417512416839600e-01
1.471320092678070068e-01
1.470403522253036499e-01
1.468713581562042236e-01
1.470760703086853027e-01
1.470851451158523560e-01
1.378793269395828247e-01
1.381074488162994385e-01
1.382640302181243896e-01
1.377327889204025269e-01
1.372936815023422241e-01
1.375421732664108276e-01
1.370842009782791138e-01
1.370707452297210693e-01
1.371733397245407104e-01
1.373550146818161011e-01
1.365206539630889893e-01
1.362285763025283813e-01
1.366914510726928711e-01
1.369094252586364746e-01
1.363761872053146362e-01
1.362061053514480591e-01
1.361079812049865723e-01
1.355195790529251099e-01
1.356466263532638550e-01
1.356310397386550903e-01
1.359013468027114868e-01
1.352058202028274536e-01
1.345699131488800049e-01
1.347837001085281372e-01
1.349172741174697876e-01
1.351125836372375488e-01
1.348210275173187256e-01
1.346126496791839600e-01
1.349498331546783447e-01
1.347255855798721313e-01
1.338974386453628540e-01
1.343001276254653931e-01
1.339307576417922974e-01
1.342814564704895020e-01
1.339053958654403687e-01
1.332714408636093140e-01
1.332674026489257812e-01
1.333327889442443848e-01
1.332218199968338013e-01
1.332624554634094238e-01
1.330131441354751587e-01
1.330801099538803101e-01
1.332412362098693848e-01
1.327878832817077637e-01
1.328405588865280151e-01
1.322997808456420898e-01
1.327531039714813232e-01
1.320929080247879028e-01
1.318684816360473633e-01
1.321225017309188843e-01
1.318267434835433960e-01
1.319347023963928223e-01
1.314379721879959106e-01
1.316141188144683838e-01
1.316708773374557495e-01
1.317515969276428223e-01
1.311653405427932739e-01
1.308427304029464722e-01
1.307329088449478149e-01
1.309704780578613281e-01
1.306368559598922729e-01
1.306115686893463135e-01
1.307796984910964966e-01
1.304703652858734131e-01
1.302817910909652710e-01
1.305023580789566040e-01
1.300141513347625732e-01
1.305431127548217773e-01
1.303474605083465576e-01
1.299964189529418945e-01
1.294942051172256470e-01
1.295301169157028198e-01
1.292991042137145996e-01
1.296472847461700439e-01
1.291871219873428345e-01
1.294248402118682861e-01
1.290447115898132324e-01
1.294590234756469727e-01
1.292103081941604614e-01
1.288960874080657959e-01
1.292239427566528320e-01
1.286233663558959961e-01
1.287700533866882324e-01
1.284546703100204468e-01
1.285438835620880127e-01
1.286073774099349976e-01
1.281284242868423462e-01
1.281094402074813843e-01
1.281853169202804565e-01
1.277228593826293945e-01
1.278463304042816162e-01
1.280484497547149658e-01
1.279535442590713501e-01
1.275547593832015991e-01
1.281618922948837280e-01
