8.794975199998589233e+00
1.713891159999911906e+01
2.527369339999859221e+01
3.331830099999933736e+01
4.152733729999818024e+01
4.968985539999994216e+01
5.767363430000114022e+01
6.590072330000111833e+01
7.403179040000031819e+01
8.222508469999957015e+01
9.045948549999957322e+01
9.850835899999947287e+01
1.064814283000014257e+02
1.146953074999983073e+02
1.234149512000003597e+02
1.314419310000012047e+02
1.396186071999982232e+02
1.477339840999993612e+02
1.557250172999993083e+02
1.638420670000014070e+02
1.718814267999987351e+02
1.798489805999997770e+02
1.881018914999986009e+02
1.962090707999996084e+02
2.042313018999993801e+02
2.124985771999999997e+02
2.206205410000002303e+02
2.286105093000005581e+02
2.368035917999986850e+02
2.448225730000012845e+02
2.529045402000010654e+02
2.611791030999993382e+02
2.693179208000001381e+02
2.773495184999992489e+02
2.855325883000004978e+02
2.935695543000001635e+02
3.016680465999997978e+02
3.104175162999999884e+02
3.185564678000009735e+02
3.265698257000003650e+02
3.347773280000001250e+02
3.428917548999997962e+02
3.509846853999988525e+02
3.591185780000014347e+02
3.671993896999993012e+02
3.752981221999980335e+02
3.835708550999988802e+02
3.916957436999982747e+02
3.996319125000009080e+02
4.077477785999981279e+02
4.158339931000009528e+02
4.238711831000000529e+02
4.320139230999993742e+02
4.400743051999997988e+02
4.480180752999985998e+02
4.561859723999987182e+02
4.642362194999986968e+02
4.721484130999997433e+02
4.803280606000007538e+02
4.890019455000001471e+02
4.970195510000012291e+02
5.050832891999998537e+02
5.131278486999981396e+02
5.211152284999989206e+02
5.292234496999990370e+02
5.371940666999980749e+02
5.451599064000001817e+02
5.532424682999990182e+02
5.612917134999988775e+02
5.693002167000013287e+02
5.774309087000001455e+02
5.856253714999984368e+02
5.936115442999980587e+02
6.017122784999992291e+02
6.096931017999995674e+02
6.176471897000010358e+02
6.259120537999988301e+02
6.339698661000002176e+02
6.420866859999987355e+02
6.619655442000002949e+02
6.821474708999994618e+02
7.027743282999981602e+02
7.229835788999989745e+02
7.430473075999980210e+02
7.631492227999988245e+02
7.833563490999986243e+02
8.034469957000001159e+02
8.236223218999984965e+02
8.439564809000003152e+02
8.641151962000003550e+02
8.844704614000002039e+02
9.045889591000013752e+02
9.248145148000003246e+02
9.453858627999979944e+02
9.656907995000001392e+02
9.858022810000002210e+02
1.005940745500000048e+03
1.026338114599999244e+03
1.046423233199999231e+03
1.066644711400000233e+03
1.086994629100001475e+03
1.107270453900000575e+03
1.127285753399999521e+03
1.147827109800000471e+03
1.168512935200000356e+03
1.188816090600001189e+03
1.209195058699999208e+03
1.229446782099999837e+03
1.249654523599998356e+03
