8.196560599999429542e+00
1.443213850000029197e+01
2.076067250000050990e+01
2.703457370000069204e+01
3.333960219999971741e+01
3.964431220000005851e+01
4.595157830000061949e+01
5.226040210000064690e+01
5.853899060000003374e+01
6.482510100000035891e+01
7.111308430000099179e+01
7.744369329999972251e+01
8.369731890000002750e+01
8.995978950000062468e+01
9.623318250000011176e+01
1.025119584999993094e+02
1.092901701000009780e+02
1.156130229999998846e+02
1.218925127000002249e+02
1.281756196999995154e+02
1.344366012999998929e+02
1.407606365000010555e+02
1.470229070000004867e+02
1.533327946999997948e+02
1.596099279999998544e+02
1.659194810999997571e+02
1.722140990000007150e+02
1.784958289999995031e+02
1.847374042000010377e+02
1.910277624999998807e+02
1.972792673999992985e+02
2.035555937000008271e+02
2.098317036999997072e+02
2.160902869000001374e+02
2.223487887999999657e+02
2.285920654000001377e+02
2.348479157000001578e+02
2.410886690999996063e+02
2.474288799999994808e+02
2.536941821000000346e+02
2.599429006999998819e+02
2.661994427999998152e+02
2.724913446000009571e+02
2.787759666000001744e+02
2.850429048000005423e+02
2.913078667999998288e+02
2.975770711999994091e+02
3.038581971000003250e+02
3.101326408999993873e+02
3.163476269000002503e+02
3.226811914999998407e+02
3.289371950000004290e+02
3.352253772999993089e+02
3.414984103999995568e+02
3.477958493999994971e+02
3.540595128000004479e+02
3.603550785999996151e+02
3.665677684000002046e+02
3.728768529999997554e+02
3.791745074999998906e+02
3.854373636000000261e+02
3.917290260999998281e+02
3.979860903999997390e+02
4.043078693000006751e+02
4.105629122000009374e+02
4.168499553000001470e+02
4.231140716000008979e+02
4.293913389999997889e+02
4.356917362000003777e+02
4.419407695999998396e+02
4.482470955999997386e+02
4.545283543999994436e+02
4.608051431999992928e+02
4.670523284999999305e+02
4.733285090000008495e+02
4.795901627000002918e+02
4.990231057000000874e+02
5.186187224000004790e+02
5.381767345999996905e+02
5.577470907000006264e+02
5.773008458999993309e+02
5.968225719000001845e+02
6.164748431000007258e+02
6.360230095999995683e+02
6.555762594999996509e+02
6.751053702999997768e+02
6.946764383000008820e+02
7.142125737000005756e+02
7.337389999000006355e+02
7.532737670999995316e+02
7.729217681000009179e+02
7.926419970000006288e+02
8.125347497000002477e+02
8.323681562000001577e+02
8.519404766000006930e+02
8.715248162999996566e+02
8.911177853999997751e+02
9.106793569000001298e+02
9.302041908999999578e+02
9.497299616000000242e+02
9.692950144000005821e+02
9.888056818000004569e+02
1.008406751099999383e+03
1.027891045599999416e+03
1.047492937900000470e+03
1.066987019399999554e+03
1.086658618499999648e+03
1.106202360999999655e+03
