8.837593197822570801e-01
8.862845897674560547e-01
8.714013695716857910e-01
8.782827258110046387e-01
8.686868548393249512e-01
8.782354593276977539e-01
8.747949004173278809e-01
8.733427524566650391e-01
8.745738863945007324e-01
8.702334761619567871e-01
8.750789165496826172e-01
8.580652475357055664e-01
8.524259924888610840e-01
8.533535599708557129e-01
8.541765213012695312e-01
8.493306040763854980e-01
8.535964488983154297e-01
8.546082377433776855e-01
8.523017168045043945e-01
8.531944155693054199e-01
8.525644540786743164e-01
8.596377372741699219e-01
8.772718310356140137e-01
8.868108987808227539e-01
8.880557417869567871e-01
8.899900317192077637e-01
8.916172385215759277e-01
8.931003212928771973e-01
8.945834040641784668e-01
8.966763615608215332e-01
8.977183103561401367e-01
8.987351059913635254e-01
8.997918963432312012e-01
9.025151133537292480e-01
9.034622907638549805e-01
9.056944847106933594e-01
9.074703454971313477e-01
9.108928442001342773e-01
9.122373461723327637e-01
9.122818708419799805e-01
9.140378236770629883e-01
9.149208068847656250e-01
9.168649911880493164e-01
9.171676039695739746e-01
9.183135032653808594e-01
9.182986617088317871e-01
9.200494289398193359e-01
9.202826619148254395e-01
9.207888245582580566e-01
9.210863113403320312e-01
9.216966629028320312e-01
9.228422045707702637e-01
9.222369194030761719e-01
9.239929914474487305e-01
9.237399697303771973e-01
9.241915345191955566e-01
9.246574044227600098e-01
9.248461723327636719e-01
9.263690114021301270e-01
9.252283573150634766e-01
9.265081882476806641e-01
9.274654984474182129e-01
9.276387095451354980e-01
9.286612272262573242e-01
9.274505376815795898e-01
9.284030795097351074e-01
9.287550449371337891e-01
9.283733367919921875e-01
9.290475845336914062e-01
9.300493597984313965e-01
9.304562211036682129e-01
9.312403202056884766e-01
9.308233857154846191e-01
9.314084053039550781e-01
9.306990504264831543e-01
9.317408800125122070e-01
9.321876764297485352e-01
9.321230649948120117e-01
9.317659139633178711e-01
9.331949353218078613e-01
9.327133893966674805e-01
9.324551820755004883e-01
9.334920644760131836e-01
9.327282905578613281e-01
9.331252574920654297e-01
9.340969324111938477e-01
9.334573149681091309e-01
9.335612058639526367e-01
9.339336156845092773e-01
9.346427917480468750e-01
9.333731532096862793e-01
9.342409968376159668e-01
9.341913461685180664e-01
9.343256354331970215e-01
9.349406361579895020e-01
9.360164999961853027e-01
9.351887702941894531e-01
9.360112547874450684e-01
9.362151026725769043e-01
9.353970885276794434e-01
9.357985258102416992e-01
9.360567927360534668e-01
9.373415708541870117e-01
9.357241392135620117e-01
9.365079998970031738e-01
9.370538592338562012e-01
9.370337128639221191e-01
9.368897080421447754e-01
9.371135830879211426e-01
9.373807311058044434e-01
9.369595050811767578e-01
9.373214244842529297e-01
9.371080398559570312e-01
9.375097751617431641e-01
9.375994801521301270e-01
9.378027319908142090e-01
9.381400942802429199e-01
9.382239580154418945e-01
9.379909038543701172e-01
9.379563927650451660e-01
9.382593035697937012e-01
9.382836818695068359e-01
9.388636946678161621e-01
9.383382797241210938e-01
9.387649297714233398e-01
9.387698173522949219e-01
9.391519427299499512e-01
