1.112843826413154602e-01
7.979457825422286987e-02
4.666254296898841858e-02
4.623408243060112000e-02
4.613095894455909729e-02
4.618186503648757935e-02
4.613542929291725159e-02
4.614373296499252319e-02
4.611944779753684998e-02
4.610403999686241150e-02
4.615411907434463501e-02
4.393440112471580505e-02
4.391569271683692932e-02
4.390597343444824219e-02
4.388860240578651428e-02
4.393103346228599548e-02
4.384338855743408203e-02
4.379219561815261841e-02
4.381973668932914734e-02
4.362649098038673401e-02
4.294461756944656372e-02
3.768434375524520874e-02
2.987006865441799164e-02
2.682034671306610107e-02
2.540614269673824310e-02
2.456068061292171478e-02
2.373721078038215637e-02
2.299633063375949860e-02
2.214907668530941010e-02
2.110920101404190063e-02
2.050913125276565552e-02
1.957280747592449188e-02
1.872809231281280518e-02
1.758494600653648376e-02
1.672703772783279419e-02
1.572014577686786652e-02
1.491564325988292694e-02
1.395628415048122406e-02
1.342520304024219513e-02
1.310294121503829956e-02
1.238093525171279907e-02
1.201295200735330582e-02
1.155922934412956238e-02
1.120232138782739639e-02
1.081479061394929886e-02
1.053890492767095566e-02
1.030638348311185837e-02
1.020750682801008224e-02
9.962238371372222900e-03
9.684036485850811005e-03
9.434120729565620422e-03
9.198145009577274323e-03
9.250470437109470367e-03
8.845843374729156494e-03
8.804938755929470062e-03
8.706324733793735504e-03
8.607990108430385590e-03
8.272879756987094879e-03
8.087467402219772339e-03
8.109349757432937622e-03
7.999021559953689575e-03
7.764284964650869370e-03
7.733640726655721664e-03
7.412206847220659256e-03
7.451752200722694397e-03
7.253122515976428986e-03
7.128113880753517151e-03
7.223377004265785217e-03
7.094266824424266815e-03
6.751375738531351089e-03
6.731521803885698318e-03
6.761812604963779449e-03
6.599657237529754639e-03
6.420061457902193069e-03
6.446682848036289215e-03
6.288672797381877899e-03
6.249729078263044357e-03
6.172031629830598831e-03
6.106051616370677948e-03
5.938908550888299942e-03
5.883418489247560501e-03
5.928547121584415436e-03
5.839791148900985718e-03
5.795799661427736282e-03
5.672350060194730759e-03
5.501609761267900467e-03
5.478903185576200485e-03
5.494041834026575089e-03
5.509085487574338913e-03
5.348247010260820389e-03
5.336102098226547241e-03
5.288083571940660477e-03
5.304187536239624023e-03
5.208357237279415131e-03
5.093773826956748962e-03
4.914459306746721268e-03
4.953552968800067902e-03
4.950109869241714478e-03
4.801761824637651443e-03
4.866217728704214096e-03
4.699934273958206177e-03
4.745046608150005341e-03
4.611989017575979233e-03
4.666131455451250076e-03
4.614670295268297195e-03
4.467857070267200470e-03
4.481843672692775726e-03
4.429442342370748520e-03
4.400656092911958694e-03
4.365098662674427032e-03
4.399480298161506653e-03
4.392975475639104843e-03
4.262857604771852493e-03
4.186722915619611740e-03
4.267413169145584106e-03
4.133373033255338669e-03
4.132335539907217026e-03
4.078944679349660873e-03
4.055758472532033920e-03
4.055232275277376175e-03
3.990814555436372757e-03
3.932109102606773376e-03
3.860146738588809967e-03
3.902006195858120918e-03
3.936690744012594223e-03
3.870785003527998924e-03
3.860349766910076141e-03
