7.634844100000009348e+00
1.445014670000000478e+01
2.114949649999994108e+01
2.802347180000003846e+01
3.468948749999992742e+01
4.157230449999997290e+01
4.858944899999994504e+01
5.530560789999992721e+01
6.188827609999998458e+01
6.898764329999994516e+01
7.563776099999995495e+01
9.473936149999997269e+01
1.141555155999999442e+02
1.335809639999999945e+02
1.530991827999999941e+02
1.721843924999999444e+02
1.913967046999999866e+02
2.102436108000000559e+02
2.297599105999998983e+02
2.490222010999999611e+02
2.680133345999998937e+02
2.876420127000000093e+02
3.068351189999999633e+02
3.257395473000000266e+02
3.448468991999999389e+02
3.642408059999999068e+02
3.835516509999998789e+02
4.026846503999998959e+02
4.221718325000000505e+02
4.410915444999999409e+02
4.605123715999999376e+02
4.797751927000000478e+02
4.986683979999999110e+02
5.177689563000000135e+02
5.367845358999999235e+02
5.557489613999999847e+02
5.751109533000000056e+02
5.937824065999999448e+02
6.128847196000000395e+02
6.319223120000000335e+02
6.507121098999999731e+02
6.699331707000000051e+02
6.891585444000000962e+02
7.082244359000000031e+02
7.267114663999999493e+02
7.457933174999999437e+02
7.647968554000000267e+02
7.838863075000000435e+02
8.029752216999999064e+02
8.221205100999999331e+02
8.407483197999998765e+02
8.598468965999999227e+02
8.787297723000000360e+02
8.982550084999999171e+02
9.172331020000000308e+02
9.361966016000000081e+02
9.549648303000000169e+02
9.737731373999998823e+02
9.927216027999999142e+02
1.011941388699999948e+03
1.031053665800000090e+03
1.049911741699999766e+03
1.068798977699999796e+03
1.087816642299999785e+03
1.106801844499999788e+03
1.125640278400000170e+03
1.144960343700000067e+03
1.163551583599999958e+03
1.182847257800000079e+03
1.201892969700000322e+03
1.220819645900000069e+03
1.239928880700000263e+03
1.258944712500000151e+03
1.277779021600000306e+03
1.296572856799999954e+03
1.315441713000000163e+03
1.334460614699999951e+03
1.353580328399999871e+03
1.372590470099999948e+03
1.391583873800000219e+03
1.410138738500000272e+03
1.429053209400000014e+03
1.448066652200000135e+03
1.466819974699999875e+03
1.486118331900000157e+03
1.504997918500000196e+03
1.523840566500000023e+03
1.542884548200000154e+03
1.561811809300000277e+03
1.580439310600000226e+03
1.599098059100000228e+03
1.618072054900000239e+03
1.637003186800000094e+03
1.655589304399999946e+03
1.674503793599999881e+03
1.693186540900000182e+03
1.712219205299999885e+03
1.731451667199999974e+03
1.750513599200000044e+03
1.769252332099999876e+03
1.788028362999999899e+03
1.807055327399999896e+03
1.826061720500000320e+03
1.844865445100000215e+03
1.863897596700000122e+03
1.883012994900000194e+03
1.901561932500000239e+03
1.920267046599999958e+03
1.939240715599999930e+03
1.958213329200000317e+03
1.976935734099999991e+03
1.996247471700000006e+03
2.014938370100000157e+03
2.033751602400000138e+03
2.052866439200000059e+03
2.071424637999999959e+03
2.090232089699999960e+03
2.108710976000000301e+03
2.128108839600000010e+03
2.146978054400000019e+03
2.166019561099999919e+03
2.184916717999999946e+03
2.203664192700000058e+03
2.222260933800000203e+03
2.241138777200000277e+03
2.260174563800000215e+03
2.279314351299999998e+03
