1.099050860000000007e+01
1.746409560000000027e+01
2.458383189999999985e+01
3.136526950000000014e+01
3.819681950000000370e+01
4.503329599999999999e+01
5.165535690000000102e+01
5.843830410000000342e+01
6.527012020000000803e+01
7.180475549999999885e+01
7.885286229999999819e+01
8.539181870000000174e+01
9.215298900000000515e+01
9.914980640000000278e+01
1.060356097000000091e+02
1.127565921000000060e+02
1.195876436000000069e+02
1.263989880999999968e+02
1.328814571000000058e+02
1.396322302000000093e+02
1.464429278000000068e+02
1.530334278999999924e+02
1.600920246000000020e+02
1.665643281000000115e+02
1.733726176000000123e+02
1.800437517999999955e+02
1.867235870000000091e+02
1.932376466000000050e+02
2.002591212000000098e+02
2.069410700999999904e+02
2.136821860999999956e+02
2.204270164000000136e+02
2.270497402000000022e+02
2.338105089000000021e+02
2.403297425000000089e+02
2.471413913000000093e+02
2.538625429000000224e+02
2.605258051999999793e+02
2.671570145999999681e+02
2.739658324999999763e+02
2.807516609999999559e+02
2.990059807999999748e+02
3.180419720999999527e+02
3.375369814000000019e+02
3.562419404999999983e+02
3.749312003999999661e+02
3.938533587999999668e+02
4.126011477999999784e+02
4.313949236999999926e+02
4.500695221999999944e+02
4.686291653999999767e+02
4.873513815999999679e+02
5.055584191999999462e+02
5.241531183000000738e+02
5.428263886000000866e+02
5.614878280000000359e+02
5.800942753000000494e+02
5.985534681999999975e+02
6.174276131999999961e+02
