2.141852949999999822e+01
3.881672520000000048e+01
5.728594340000000074e+01
7.554249910000000057e+01
9.326290360000000135e+01
1.118852957999999944e+02
1.295978045999999893e+02
1.471641071999999895e+02
1.655322563999999943e+02
1.835578734000000054e+02
2.010610038000000088e+02
2.195348894999999914e+02
2.374405513000000099e+02
2.551748252000000150e+02
2.737507727000000273e+02
2.917603577000000428e+02
3.093285033000000226e+02
3.279960706000000528e+02
3.459396867000000384e+02
3.634522778000000471e+02
3.820027234000000362e+02
3.999790789000000473e+02
4.176898518000000422e+02
4.365461927000000060e+02
4.543592483000000470e+02
4.719300819000000047e+02
4.900743113000000335e+02
5.075825016000000005e+02
5.244706979000000047e+02
5.427953840999999784e+02
5.600334856999999147e+02
5.770183074999999917e+02
5.949648083999999244e+02
6.125065012000000024e+02
6.293675971999999774e+02
6.476113319999999476e+02
6.651840306999999939e+02
6.820011657999999670e+02
7.001842312999999649e+02
7.176035984000000099e+02
7.347739885999999387e+02
7.529564065999999229e+02
7.704705971999999292e+02
7.874211123999999700e+02
8.054797254000000066e+02
8.228221014999999170e+02
8.399036446000000069e+02
8.580318879999999808e+02
8.755111216000000240e+02
8.927546745999999303e+02
9.107348554999999806e+02
9.280962769999999864e+02
9.449214455999999700e+02
9.629035358999999517e+02
9.803589545999999473e+02
9.971631943999999521e+02
1.015545373499999982e+03
1.032878923500000155e+03
1.049980053800000178e+03
1.068269648400000051e+03
1.085783770200000163e+03
1.102836688999999978e+03
1.120959850200000119e+03
1.138552880299999970e+03
1.155410839200000055e+03
1.173464938400000165e+03
1.190812752499999988e+03
1.207730452600000035e+03
1.225585553099999970e+03
1.243140411100000165e+03
1.260000007800000049e+03
1.277893252300000086e+03
1.295296916500000179e+03
1.312504072899999983e+03
1.330475254100000029e+03
1.348084048500000108e+03
1.365210921999999982e+03
1.383235423600000104e+03
1.400657379200000150e+03
1.417858011000000033e+03
1.435939025800000081e+03
1.453421160400000190e+03
1.470334516200000053e+03
1.488270920000000160e+03
1.505763848000000053e+03
1.522700471600000128e+03
1.540687801900000068e+03
1.558194403200000124e+03
1.575309790500000190e+03
1.593604050700000016e+03
1.610986265400000093e+03
1.628156619800000044e+03
1.646331774800000176e+03
1.663854035700000168e+03
1.680721073300000171e+03
1.698734204200000022e+03
1.716145527900000161e+03
1.733307084799999984e+03
1.751457632699999976e+03
1.768962845600000037e+03
1.785930798800000048e+03
1.804258565300000100e+03
1.821704655600000024e+03
1.838594519100000070e+03
1.856937239100000170e+03
1.874391511000000037e+03
1.891294337499999983e+03
1.909361006300000099e+03
1.926940241100000094e+03
1.943803232600000001e+03
1.961959764899999982e+03
1.979483041500000127e+03
1.996381049900000107e+03
2.015026165600000013e+03
2.032708180100000163e+03
2.049795877999999902e+03
2.067893422200000259e+03
2.085376860899999883e+03
2.102345784500000264e+03
2.120256377700000030e+03
2.137818949900000007e+03
2.154772946900000079e+03
2.172789026100000228e+03
2.190511513299999933e+03
2.207874197099999947e+03
2.225888334600000235e+03
2.243593644699999913e+03
2.260637364300000172e+03
2.278804806800000279e+03
2.296504326799999944e+03
2.313617510600000060e+03
2.331995942900000045e+03
2.349630267300000014e+03
2.366836803900000177e+03
2.384929653200000303e+03
2.402575451199999861e+03
2.419712039399999867e+03
2.437767224199999873e+03
2.455408585000000130e+03
2.472602259000000231e+03
2.490558260100000098e+03
2.508180971300000238e+03
2.525344175100000029e+03
2.543620090899999923e+03
2.561277399200000218e+03
2.578528621700000258e+03
2.596776530099999945e+03
2.614377373300000272e+03
2.631589881400000195e+03
2.650059849199999917e+03
2.667743225000000166e+03
2.685081463999999869e+03
2.703603350400000181e+03
2.721320525300000099e+03
2.738800071399999979e+03
2.757250601300000199e+03
2.774990287000000080e+03
2.792251945900000010e+03
2.810838080300000001e+03
2.828463962499999980e+03
2.845934556400000019e+03
2.864310781099999986e+03
2.882199313000000075e+03
2.899805265200000122e+03
2.918387464899999941e+03
