4.702847823500633240e-02
4.207468032836914062e-02
1.386866718530654907e-02
7.552532944828271866e-03
4.322855267673730850e-03
3.270384389907121658e-03
2.978172618895769119e-03
2.502681221812963486e-03
2.169535961002111435e-03
2.011473290622234344e-03
2.016815822571516037e-03
1.576108508743345737e-03
1.743694418109953403e-03
1.514486386440694332e-03
1.621906412765383720e-03
1.377194072119891644e-03
1.565347076393663883e-03
1.306947087869048119e-03
1.293689245358109474e-03
1.182745560072362423e-03
1.111870165914297104e-03
1.136480714194476604e-03
1.085781957954168320e-03
1.051604514941573143e-03
1.078941160812973976e-03
8.847463759593665600e-04
9.474185644648969173e-04
1.011319691315293312e-03
8.710766560398042202e-04
9.350850596092641354e-04
1.067475066520273685e-03
5.313756410032510757e-03
3.770884126424789429e-03
3.288705367594957352e-03
3.063504351302981377e-03
2.835411112755537033e-03
2.726777223870158195e-03
2.551541896536946297e-03
2.393919043242931366e-03
2.388679189607501030e-03
2.283945446833968163e-03
2.215954475104808807e-03
2.217470668256282806e-03
2.062782412394881248e-03
2.092376584187150002e-03
2.064898377284407616e-03
2.047525485977530479e-03
1.949402736499905586e-03
1.888073049485683441e-03
1.893554930575191975e-03
1.858897856436669827e-03
1.760323182679712772e-03
1.811526017263531685e-03
1.771592418663203716e-03
1.742406515404582024e-03
1.744471839629113674e-03
1.698386040516197681e-03
1.662336755543947220e-03
1.823125407099723816e-03
1.646047690883278847e-03
1.714994898065924644e-03
1.589573919773101807e-03
1.601166673935949802e-03
1.643464434891939163e-03
1.486784545704722404e-03
1.623961958102881908e-03
1.544471946544945240e-03
1.529182540252804756e-03
1.511052483692765236e-03
1.463645719923079014e-03
1.584432786330580711e-03
