7.242107630000100471e+01
1.420937243000007584e+02
2.116079853000010189e+02
2.811368390000025101e+02
3.506217615000023216e+02
4.201230708000002778e+02
4.896242053000023589e+02
5.591560510000017530e+02
6.286410317000008945e+02
6.981597151000023587e+02
7.676549607000015385e+02
8.371296002000017324e+02
9.066571242000027269e+02
9.761575641000017640e+02
1.045668175400001928e+03
1.115187110700000630e+03
1.184672664600002463e+03
1.254216190300001472e+03
1.323720858399999997e+03
1.393243055800001457e+03
1.462746477299999242e+03
1.532254422800000611e+03
1.601774483200002578e+03
1.671316851100000349e+03
1.740844314100002521e+03
1.810389892999999574e+03
1.879919704399999318e+03
1.949395022700002301e+03
2.018884587500000634e+03
2.088362004300000990e+03
2.157883387199999561e+03
2.379046556100001908e+03
2.599938085800000408e+03
2.820963691600001766e+03
3.042021720000000641e+03
3.263059895000002143e+03
3.484052172300001985e+03
3.705153597200001968e+03
3.926251268800002435e+03
4.147300348100001429e+03
4.368306039800001599e+03
4.589386245100002270e+03
4.810455822899999475e+03
5.031540777900001558e+03
5.252558840500001679e+03
5.473661178900001687e+03
5.694710280999999668e+03
5.915757367599999270e+03
6.136775273499999457e+03
6.357820851700002095e+03
6.578863938300000882e+03
6.799846618100000342e+03
7.020832688599999528e+03
7.241960916700001690e+03
7.463033998000002612e+03
7.684116809200000716e+03
7.905417592000001605e+03
8.126438730699999724e+03
8.347453267500000948e+03
8.568486120699999447e+03
8.789504152699999395e+03
9.010599437100001524e+03
9.231606884700002411e+03
9.452656261200001609e+03
9.673682919400001992e+03
9.894742640800002846e+03
1.011576502230000187e+04
1.033680091370000082e+04
1.055790452630000073e+04
1.077890428800000154e+04
1.099993075450000106e+04
