4.731492698192596436e-02
4.385958984494209290e-02
4.316459596157073975e-02
4.210976511240005493e-02
4.179315268993377686e-02
4.146416112780570984e-02
4.230305552482604980e-02
4.194325953722000122e-02
4.186175391077995300e-02
4.132726043462753296e-02
4.031959921121597290e-02
4.088723286986351013e-02
4.083233699202537537e-02
4.073339328169822693e-02
4.022203758358955383e-02
4.051478952169418335e-02
3.941268101334571838e-02
4.015091434121131897e-02
3.985330462455749512e-02
4.003339260816574097e-02
3.893435373902320862e-02
3.945772349834442139e-02
4.019936919212341309e-02
5.587822943925857544e-02
4.774933680891990662e-02
4.665290191769599915e-02
4.475635662674903870e-02
4.425945132970809937e-02
4.439180716872215271e-02
4.286106675863265991e-02
4.305013269186019897e-02
4.249886050820350647e-02
4.147502407431602478e-02
4.057167470455169678e-02
4.048540070652961731e-02
4.131041839718818665e-02
4.062695428729057312e-02
3.987142071127891541e-02
3.986696153879165649e-02
3.945696726441383362e-02
3.950570523738861084e-02
3.904484212398529053e-02
3.912210837006568909e-02
3.895966336131095886e-02
3.869786113500595093e-02
3.912225365638732910e-02
3.956227377057075500e-02
5.648478865623474121e-02
5.354298278689384460e-02
5.223070457577705383e-02
5.072876065969467163e-02
5.033151805400848389e-02
4.968753457069396973e-02
4.910136759281158447e-02
4.849552735686302185e-02
4.764858633279800415e-02
4.748974740505218506e-02
4.626577720046043396e-02
4.521675407886505127e-02
4.542919993400573730e-02
4.547948390245437622e-02
4.523639753460884094e-02
4.453337565064430237e-02
4.449958726763725281e-02
4.416990280151367188e-02
4.422949627041816711e-02
4.323395714163780212e-02
4.276345297694206238e-02
4.322900250554084778e-02
4.301960393786430359e-02
4.234612360596656799e-02
4.209317266941070557e-02
4.142431914806365967e-02
4.137078300118446350e-02
4.132473841309547424e-02
4.179757460951805115e-02
4.173438623547554016e-02
4.081256687641143799e-02
4.140514880418777466e-02
4.054819047451019287e-02
4.029020667076110840e-02
4.026823863387107849e-02
4.020585492253303528e-02
4.027100652456283569e-02
4.056669399142265320e-02
5.851868540048599243e-02
5.582851916551589966e-02
5.407191440463066101e-02
5.306628718972206116e-02
5.196874588727951050e-02
5.121318250894546509e-02
5.036141350865364075e-02
5.007292330265045166e-02
4.938376322388648987e-02
4.906996712088584900e-02
4.789466783404350281e-02
4.814413189888000488e-02
4.607525467872619629e-02
4.639540612697601318e-02
4.544754326343536377e-02
4.596136137843132019e-02
4.499415308237075806e-02
4.477848112583160400e-02
4.453789070248603821e-02
4.388269782066345215e-02
4.384924098849296570e-02
4.360759258270263672e-02
4.282141104340553284e-02
4.293597117066383362e-02
4.318295419216156006e-02
4.261067509651184082e-02
4.182152822613716125e-02
4.230533540248870850e-02
4.117725044488906860e-02
4.076661542057991028e-02
4.123711585998535156e-02
4.077862203121185303e-02
4.055697843432426453e-02
4.011921584606170654e-02
4.079777747392654419e-02
4.014373943209648132e-02
3.997597843408584595e-02
4.019478708505630493e-02
4.020703956484794617e-02
3.977045789361000061e-02
3.969119116663932800e-02
3.880845382809638977e-02
3.899522125720977783e-02
3.981788828969001770e-02
3.854351118206977844e-02
3.832213580608367920e-02
3.874406591057777405e-02
3.863452747464179993e-02
3.876397013664245605e-02
3.856149315834045410e-02
3.835953772068023682e-02
3.860389813780784607e-02
3.963018953800201416e-02
3.955625370144844055e-02
3.929676115512847900e-02
3.873833268880844116e-02
3.928643092513084412e-02
3.881277889013290405e-02
3.935388475656509399e-02
3.928082808852195740e-02
3.883865475654602051e-02
3.846993669867515564e-02
3.847260400652885437e-02
3.817369043827056885e-02
3.820931538939476013e-02
3.830551728606224060e-02
3.860864788293838501e-02
