5.846590399742126465e-01
6.261995434761047363e-01
6.523359417915344238e-01
6.718118786811828613e-01
6.847537755966186523e-01
7.019255161285400391e-01
7.140467762947082520e-01
7.252840995788574219e-01
7.396464347839355469e-01
7.452334761619567871e-01
7.581753730773925781e-01
7.739266753196716309e-01
7.797347307205200195e-01
7.897411584854125977e-01
8.011681437492370605e-01
8.128157258033752441e-01
8.232007622718811035e-01
8.318181633949279785e-01
8.443498611450195312e-01
8.522410988807678223e-01
8.616162538528442383e-01
8.729797601699829102e-01
8.838699460029602051e-01
8.963699340820312500e-01
9.028724431991577148e-01
9.111425876617431641e-01
9.197603464126586914e-01
9.281880259513854980e-01
9.338699579238891602e-01
9.399304389953613281e-01
9.453600049018859863e-01
9.525569081306457520e-01
9.567235112190246582e-01
9.610164761543273926e-01
9.634785652160644531e-01
9.690024852752685547e-01
9.707071185111999512e-01
9.742739796638488770e-01
9.761047363281250000e-01
9.790089130401611328e-01
9.797350168228149414e-01
9.821022748947143555e-01
9.829231500625610352e-01
9.839015007019042969e-01
9.855428338050842285e-01
9.870263934135437012e-01
9.863950610160827637e-01
9.858899712562561035e-01
9.865213036537170410e-01
9.877523779869079590e-01
9.890782237052917480e-01
9.881942272186279297e-01
9.877525568008422852e-01
9.887941479682922363e-01
9.895198941230773926e-01
9.885731339454650879e-01
9.887626171112060547e-01
9.891728758811950684e-01
9.893307685852050781e-01
9.892044067382812500e-01
9.899303913116455078e-01
9.905618429183959961e-01
9.893937706947326660e-01
9.894571304321289062e-01
9.895201325416564941e-01
9.898988008499145508e-01
9.897726178169250488e-01
9.888888001441955566e-01
9.890466928482055664e-01
9.884783625602722168e-01
9.889835119247436523e-01
9.886994361877441406e-01
9.893308281898498535e-01
9.891411662101745605e-01
9.889518618583679199e-01
9.892362356185913086e-01
9.896147847175598145e-01
9.892044067382812500e-01
9.880048036575317383e-01
9.878155589103698730e-01
9.891412258148193359e-01
9.881313443183898926e-01
9.879100322723388672e-01
9.893621206283569336e-01
9.884468317031860352e-01
9.887940883636474609e-01
9.889518022537231445e-01
9.873420596122741699e-01
9.879732728004455566e-01
9.875314831733703613e-01
9.876261353492736816e-01
9.880049824714660645e-01
9.875629544258117676e-01
9.888255000114440918e-01
9.877840876579284668e-01
9.881944656372070312e-01
9.886047244071960449e-01
9.871212244033813477e-01
9.874998331069946289e-01
9.881944060325622559e-01
9.589582085609436035e-01
9.620931744575500488e-01
9.615181088447570801e-01
9.630360603332519531e-01
9.617657661437988281e-01
9.624500274658203125e-01
9.627879261970520020e-01
9.623609185218811035e-01
9.622618556022644043e-01
9.627184271812438965e-01
9.626781940460205078e-01
9.622022509574890137e-01
9.625198841094970703e-01
9.626982808113098145e-01
9.632739424705505371e-01
9.632935523986816406e-01
9.632538557052612305e-01
9.626883268356323242e-01
9.622519612312316895e-01
9.629859328269958496e-01
9.629268050193786621e-01
9.625893831253051758e-01
9.632242918014526367e-01
9.634822010993957520e-01
9.629758000373840332e-01
9.636009931564331055e-01
9.640078544616699219e-01
9.638689160346984863e-01
9.638195633888244629e-01
9.641671180725097656e-01
9.638785123825073242e-01
9.635716080665588379e-01
9.643551111221313477e-01
9.640875458717346191e-01
9.637099504470825195e-01
9.644544124603271484e-01
9.642457962036132812e-01
9.650000929832458496e-01
9.641469120979309082e-01
9.648808836936950684e-01
9.639881253242492676e-01
9.642360210418701172e-01
9.660714864730834961e-01
9.650593996047973633e-01
9.646625518798828125e-01
9.643650650978088379e-01
9.653275012969970703e-01
9.655060768127441406e-01
9.651883244514465332e-01
9.652478098869323730e-01
9.641568660736083984e-01
9.653966426849365234e-01
9.664679169654846191e-01
9.655457139015197754e-01
9.658236503601074219e-01
9.662005901336669922e-01
9.659719467163085938e-01
9.663295149803161621e-01
9.660810828208923340e-01
