1.104704737663269043e-01
5.785634368658065796e-02
3.540071472525596619e-02
2.893548831343650818e-02
2.591226063668727875e-02
2.515021339058876038e-02
2.383236214518547058e-02
2.348020672798156738e-02
2.343814447522163391e-02
2.452955208718776703e-02
2.405508607625961304e-02
2.469351328909397125e-02
2.493255212903022766e-02
2.423478476703166962e-02
2.321323752403259277e-02
2.365964092314243317e-02
2.536606416106224060e-02
3.100948967039585114e-02
3.025363758206367493e-02
2.999348938465118408e-02
2.919095754623413086e-02
2.613832987844944000e-02
2.335730381309986115e-02
1.982705667614936829e-02
1.471815258264541626e-02
1.098948437720537186e-02
9.624573402106761932e-03
8.590535260736942291e-03
7.417096290737390518e-03
6.567659787833690643e-03
6.054690573364496231e-03
5.234355106949806213e-03
4.477454815059900284e-03
4.193437751382589340e-03
3.819362726062536240e-03
3.488293383270502090e-03
3.349037375301122665e-03
3.102911869063973427e-03
3.006762359291315079e-03
2.502112183719873428e-03
2.430511172860860825e-03
2.457573311403393745e-03
2.400099998340010643e-03
2.318948507308959961e-03
2.289926633238792419e-03
2.052470576018095016e-03
1.979127759113907814e-03
1.934086321853101254e-03
1.825350103899836540e-03
1.888822298496961594e-03
1.898560207337141037e-03
1.921450486406683922e-03
1.637811190448701382e-03
1.694184495136141777e-03
1.521597267128527164e-03
1.628843019716441631e-03
1.643032534047961235e-03
1.584606943652033806e-03
1.434627454727888107e-03
1.473535550758242607e-03
1.406457158736884594e-03
1.520974910818040371e-03
1.432327437214553356e-03
1.428271876648068428e-03
1.319372211582958698e-03
1.421119086444377899e-03
1.511606620624661446e-03
