1.825714899999994145e+00
2.446102599999996130e+00
3.053798600000000363e+00
3.675142199999996251e+00
4.296966999999995096e+00
4.806391099999999028e+00
5.427194899999996380e+00
6.048185799999998835e+00
6.670354899999992426e+00
7.405662800000001766e+00
8.165362200000004123e+00
8.926750599999991209e+00
9.691327499999999873e+00
1.059393709999999089e+01
1.148848989999999048e+01
1.212511039999999696e+01
1.274455580000000054e+01
1.336584019999999384e+01
1.398632630000000177e+01
1.459286790000000167e+01
1.621037699999999404e+01
1.793994440000000168e+01
1.973956019999999967e+01
2.144153469999999118e+01
2.320837649999999996e+01
2.496798869999999226e+01
2.665594869999999617e+01
2.850699960000000033e+01
3.023835119999999677e+01
3.217471159999999486e+01
3.393637040000000127e+01
3.567769880000000171e+01
3.743872050000000229e+01
3.927278540000000362e+01
4.091082339999999817e+01
4.270710599999999602e+01
4.452022759999999835e+01
4.629049679999999967e+01
4.795922879999999111e+01
4.967632949999999425e+01
5.140641979999999478e+01
5.339386240000000328e+01
5.513059040000000266e+01
5.683609280000000297e+01
5.848800880000000291e+01
6.029476859999999760e+01
6.201236589999999183e+01
6.379350769999999216e+01
6.559000480000000266e+01
6.745556109999999705e+01
6.931709649999999101e+01
7.123199730000000329e+01
7.316979919999998572e+01
7.494956069999999215e+01
7.675866449999999475e+01
7.869449640000000556e+01
8.049189479999999719e+01
8.226836509999999691e+01
8.405087079999999844e+01
8.574993450000000905e+01
8.759886780000000783e+01
8.939735359999998821e+01
9.114400919999998507e+01
9.357837669999999264e+01
9.744117859999998643e+01
1.023292402999999950e+02
1.069079018000000048e+02
1.119564926999999983e+02
1.170896068999999926e+02
1.197225380000000001e+02
1.222797052000000093e+02
1.250707264999999921e+02
1.277780035999999910e+02
1.303554834999999912e+02
1.329456068999999729e+02
1.361793352000000255e+02
1.393724990000000048e+02
1.423968140000000062e+02
1.456839244999999892e+02
1.490884057999999754e+02
1.516046478999999749e+02
1.548143780999999990e+02
1.581782036999999832e+02
1.610693363999999974e+02
1.641315670000000182e+02
1.670448757999999998e+02
1.781198296000000028e+02
1.881000528000000145e+02
1.916988756000000080e+02
1.938433818999999971e+02
1.960191421000000105e+02
1.981690729000000033e+02
2.001694638999999825e+02
2.020034789999999703e+02
2.041179180999999971e+02
2.059017600999999900e+02
2.077727790999999797e+02
2.097074117999999885e+02
2.114443723999999634e+02
2.134511233000000061e+02
2.153236683000000085e+02
2.170553426999999829e+02
2.187200703999999973e+02
2.205220583999999917e+02
2.223063083999999776e+02
2.240588177999999857e+02
2.257533570999999597e+02
2.274907195999999772e+02
2.293743564000000106e+02
2.311704414999999813e+02
2.330708645999999931e+02
2.348180570000000102e+02
2.365546342000000095e+02
2.382559562999999798e+02
2.400231888999999796e+02
