9.170512855052947998e-02
3.647847473621368408e-02
3.367377445101737976e-02
3.132700547575950623e-02
3.131383284926414490e-02
2.965730056166648865e-02
2.866543829441070557e-02
2.745897695422172546e-02
2.681546658277511597e-02
2.646869421005249023e-02
2.634883485734462738e-02
2.572525292634963989e-02
2.571498230099678040e-02
2.578137442469596863e-02
3.915839642286300659e-02
3.715488687157630920e-02
3.582722693681716919e-02
3.520302474498748779e-02
3.445318713784217834e-02
3.396441414952278137e-02
3.350278735160827637e-02
3.308190777897834778e-02
3.282961249351501465e-02
3.252208232879638672e-02
3.236041963100433350e-02
3.203832730650901794e-02
3.181882202625274658e-02
3.170925378799438477e-02
3.140743821859359741e-02
3.144118189811706543e-02
3.123601153492927551e-02
3.084310516715049744e-02
3.053227812051773071e-02
