2.141183614730834961e-01
1.767744570970535278e-01
1.622917801141738892e-01
1.521116197109222412e-01
1.425882428884506226e-01
1.359831392765045166e-01
1.289418190717697144e-01
1.215522736310958862e-01
1.157535091042518616e-01
1.098863109946250916e-01
1.042423397302627563e-01
9.850680828094482422e-02
9.422317892313003540e-02
8.960697799921035767e-02
8.578026294708251953e-02
8.134458959102630615e-02
7.756309211254119873e-02
7.296715676784515381e-02
6.902735680341720581e-02
6.556139141321182251e-02
6.291782855987548828e-02
5.953175947070121765e-02
5.643392726778984070e-02
5.358713492751121521e-02
5.138266831636428833e-02
4.785779491066932678e-02
4.663440212607383728e-02
4.342072084546089172e-02
4.231281578540802002e-02
4.118438065052032471e-02
3.924043104052543640e-02
3.807488083839416504e-02
3.781560808420181274e-02
3.612452372908592224e-02
3.466922417283058167e-02
3.463539853692054749e-02
3.378436341881752014e-02
3.297604247927665710e-02
3.200065717101097107e-02
3.140935301780700684e-02
3.142430633306503296e-02
3.109856508672237396e-02
3.000835888087749481e-02
2.940183132886886597e-02
2.942857891321182251e-02
2.848949655890464783e-02
2.814875170588493347e-02
2.787873893976211548e-02
2.864926680922508240e-02
2.691347151994705200e-02
2.760259434580802917e-02
2.754459157586097717e-02
2.740441448986530304e-02
2.624016068875789642e-02
2.685095369815826416e-02
2.692318335175514221e-02
2.574982680380344391e-02
2.607175707817077637e-02
2.658129297196865082e-02
2.551118843257427216e-02
2.628752030432224274e-02
2.521788142621517181e-02
2.604502253234386444e-02
2.590758353471755981e-02
2.587817423045635223e-02
2.551759406924247742e-02
2.545257285237312317e-02
2.553835697472095490e-02
2.517842128872871399e-02
2.572302892804145813e-02
2.550729922950267792e-02
2.525881119072437286e-02
2.550042048096656799e-02
2.504634298384189606e-02
2.506453171372413635e-02
2.445869147777557373e-02
2.489587478339672089e-02
2.543367445468902588e-02
2.512643486261367798e-02
2.499345503747463226e-02
2.500180155038833618e-02
2.459801360964775085e-02
2.495164237916469574e-02
2.426147460937500000e-02
2.494932524859905243e-02
2.576490119099617004e-02
3.875468298792839050e-02
3.847122564911842346e-02
3.746551647782325745e-02
3.725020959973335266e-02
3.695424273610115051e-02
3.639578446745872498e-02
3.642123565077781677e-02
3.592439740896224976e-02
3.597978129982948303e-02
3.536115214228630066e-02
3.557930886745452881e-02
3.514368459582328796e-02
3.484437242150306702e-02
3.467581793665885925e-02
3.449191525578498840e-02
3.442768752574920654e-02
3.406172618269920349e-02
3.428522497415542603e-02
3.398101404309272766e-02
3.410163521766662598e-02
3.393918275833129883e-02
3.338218852877616882e-02
3.353984653949737549e-02
3.320946171879768372e-02
3.329761326313018799e-02
3.311748430132865906e-02
3.279075399041175842e-02
3.326059877872467041e-02
3.261065855622291565e-02
3.279243409633636475e-02
3.234957158565521240e-02
3.220852836966514587e-02
3.243154659867286682e-02
3.223206475377082825e-02
3.186677023768424988e-02
3.194067627191543579e-02
3.216057270765304565e-02
3.189272806048393250e-02
3.177145123481750488e-02
3.176279366016387939e-02
3.145275637507438660e-02
3.154826909303665161e-02
3.151698410511016846e-02
3.164253383874893188e-02
3.109940141439437866e-02
3.127362206578254700e-02
3.125045076012611389e-02
3.144054859876632690e-02
3.110830672085285187e-02
3.043432720005512238e-02
3.086804039776325226e-02
3.063572943210601807e-02
3.048877231776714325e-02
3.032307699322700500e-02
3.098002821207046509e-02
