4.218383729457855225e-01
4.369494915008544922e-01
4.595757722854614258e-01
4.984849095344543457e-01
5.421414971351623535e-01
5.784242153167724609e-01
6.033536195755004883e-01
6.247071027755737305e-01
6.519595980644226074e-01
6.701818704605102539e-01
6.835757493972778320e-01
6.961211562156677246e-01
7.121616005897521973e-01
7.217373847961425781e-01
7.325252294540405273e-01
7.441212534904479980e-01
7.486262321472167969e-01
7.555150985717773438e-01
7.643838524818420410e-01
7.702625989913940430e-01
7.776162028312683105e-01
7.813332080841064453e-01
7.852121591567993164e-01
7.890504002571105957e-01
7.927272915840148926e-01
7.948282957077026367e-01
7.962625026702880859e-01
8.007473349571228027e-01
8.022422790527343750e-01
8.046061992645263672e-01
8.066061735153198242e-01
8.079797625541687012e-01
8.092122077941894531e-01
8.110305666923522949e-01
8.103837966918945312e-01
8.126667141914367676e-01
8.131514787673950195e-01
8.143637180328369141e-01
8.146666288375854492e-01
8.151919245719909668e-01
8.158989548683166504e-01
8.168890476226806641e-01
8.170909285545349121e-01
8.171716332435607910e-01
8.178788423538208008e-01
8.176565766334533691e-01
8.182222247123718262e-01
8.187272548675537109e-01
8.190302848815917969e-01
8.189495801925659180e-01
7.156317234039306641e-01
7.164129614830017090e-01
7.174223661422729492e-01
7.177206873893737793e-01
7.179747819900512695e-01
7.182731032371520996e-01
7.185904383659362793e-01
7.189205288887023926e-01
7.190541028976440430e-01
7.191109657287597656e-01
7.193778157234191895e-01
7.192888259887695312e-01
7.194982767105102539e-01
7.195047140121459961e-01
7.196763753890991211e-01
7.196379899978637695e-01
7.196888923645019531e-01
7.198603153228759766e-01
7.198857069015502930e-01
7.198984622955322266e-01
7.199428081512451172e-01
7.200059890747070312e-01
7.200887203216552734e-01
7.200253605842590332e-01
7.200890183448791504e-01
7.201332449913024902e-01
7.201712131500244141e-01
7.201458811759948730e-01
7.201334834098815918e-01
7.201396226882934570e-01
7.202540636062622070e-01
7.202984094619750977e-01
7.203111052513122559e-01
7.202858328819274902e-01
7.203809618949890137e-01
7.202730774879455566e-01
7.203553915023803711e-01
7.203302979469299316e-01
7.202922701835632324e-01
7.203047275543212891e-01
7.203238010406494141e-01
7.203746438026428223e-01
7.203618288040161133e-01
7.203111648559570312e-01
7.202795147895812988e-01
7.203873395919799805e-01
7.204253077507019043e-01
7.204062938690185547e-01
7.203299403190612793e-01
7.204126119613647461e-01
