5.151953101158142090e-01
5.380663871765136719e-01
5.488867163658142090e-01
5.594335794448852539e-01
5.702734589576721191e-01
5.801855921745300293e-01
5.888282060623168945e-01
5.976758003234863281e-01
6.037206649780273438e-01
6.101171970367431641e-01
6.199414134025573730e-01
6.265820264816284180e-01
6.345897912979125977e-01
6.424413919448852539e-01
6.489550471305847168e-01
6.581933498382568359e-01
6.650000810623168945e-01
6.716308593750000000e-01
6.772363185882568359e-01
6.857129335403442383e-01
6.908007860183715820e-01
6.996679306030273438e-01
7.066503763198852539e-01
7.131250500679016113e-01
7.247558236122131348e-01
7.288280725479125977e-01
7.349511384963989258e-01
7.422655820846557617e-01
7.522949576377868652e-01
7.549120783805847168e-01
7.628124952316284180e-01
7.712305188179016113e-01
7.758593559265136719e-01
7.829394936561584473e-01
7.896386981010437012e-01
7.961914539337158203e-01
8.007324337959289551e-01
8.062890768051147461e-01
8.144336342811584473e-01
8.185936808586120605e-01
8.239160776138305664e-01
8.312206864356994629e-01
8.349902629852294922e-01
8.374414443969726562e-01
8.463476896286010742e-01
8.494628071784973145e-01
8.522168397903442383e-01
8.588379025459289551e-01
8.616601228713989258e-01
8.650683760643005371e-01
8.697754144668579102e-01
8.737499713897705078e-01
8.770800828933715820e-01
8.790332078933715820e-01
8.832129240036010742e-01
8.875488638877868652e-01
8.888769745826721191e-01
8.913378715515136719e-01
8.951758146286010742e-01
8.948045969009399414e-01
8.990039825439453125e-01
9.026561975479125977e-01
9.040429592132568359e-01
9.046484827995300293e-01
9.062695503234863281e-01
9.097753167152404785e-01
9.090039134025573730e-01
9.125391244888305664e-01
9.117285013198852539e-01
9.140429496765136719e-01
9.180566668510437012e-01
9.160937666893005371e-01
9.194042682647705078e-01
9.180664420127868652e-01
9.219043254852294922e-01
9.217578768730163574e-01
9.238964915275573730e-01
9.226269721984863281e-01
9.250097274780273438e-01
9.248535633087158203e-01
9.275879263877868652e-01
9.256151914596557617e-01
9.294922351837158203e-01
9.291991591453552246e-01
9.304980039596557617e-01
9.306347370147705078e-01
9.306151866912841797e-01
9.319335818290710449e-01
9.318164587020874023e-01
9.318262338638305664e-01
9.327831268310546875e-01
9.320703148841857910e-01
9.341309070587158203e-01
9.325487613677978516e-01
9.337109327316284180e-01
9.331250190734863281e-01
9.341797232627868652e-01
9.325878620147705078e-01
9.345312118530273438e-01
9.339648485183715820e-01
9.217782616615295410e-01
9.312725067138671875e-01
9.311412572860717773e-01
9.361115694046020508e-01
9.385274648666381836e-01
9.391751885414123535e-01
9.398140311241149902e-01
9.411036968231201172e-01
9.418532252311706543e-01
9.428796768188476562e-01
9.435207247734069824e-01
9.413964152336120605e-01
9.435720443725585938e-01
9.446775317192077637e-01
9.455717206001281738e-01
9.452975392341613770e-01
9.465051889419555664e-01
9.460029006004333496e-01
9.462054967880249023e-01
9.460810422897338867e-01
9.480805993080139160e-01
9.485629200935363770e-01
9.484214186668395996e-01
9.483051300048828125e-01
9.499377608299255371e-01
9.479597210884094238e-01
9.492080211639404297e-01
9.509078264236450195e-01
9.504439234733581543e-01
9.507158398628234863e-01
9.513044953346252441e-01
9.518048167228698730e-01
9.522073268890380859e-01
9.514467120170593262e-01
9.511045813560485840e-01
9.531129002571105957e-01
9.525345563888549805e-01
9.526986479759216309e-01
9.531961083412170410e-01
9.542245864868164062e-01
9.540181159973144531e-01
9.543532133102416992e-01
9.541504979133605957e-01
9.540023803710937500e-01
9.540526270866394043e-01
9.551362395286560059e-01
9.558426141738891602e-01
9.554093480110168457e-01
9.561164975166320801e-01
9.561728239059448242e-01
9.567098617553710938e-01
9.570105671882629395e-01
9.574200510978698730e-01
9.572299718856811523e-01
9.579876065254211426e-01
9.577085375785827637e-01
9.574544429779052734e-01
9.585193395614624023e-01
9.585916996002197266e-01
9.594321846961975098e-01
9.590811133384704590e-01
9.592929482460021973e-01
9.594264030456542969e-01
9.598013162612915039e-01
9.607357382774353027e-01
9.626634120941162109e-01
9.601929187774658203e-01
9.616634249687194824e-01
9.596322774887084961e-01
9.618947505950927734e-01
9.619758725166320801e-01
9.621835947036743164e-01
9.648200869560241699e-01
9.627788662910461426e-01
9.644398689270019531e-01
9.658356904983520508e-01
9.661272168159484863e-01
9.687137007713317871e-01
9.670283794403076172e-01
9.696587920188903809e-01
9.713421463966369629e-01
9.713181853294372559e-01
9.699941873550415039e-01
9.701729416847229004e-01
9.724941849708557129e-01
9.740258455276489258e-01
9.742442965507507324e-01
9.742000102996826172e-01
9.739756584167480469e-01
9.740586280822753906e-01
9.738549590110778809e-01
9.739102721214294434e-01
9.739980697631835938e-01
9.741919636726379395e-01
9.739785790443420410e-01
9.741799831390380859e-01
9.741594195365905762e-01
9.742255806922912598e-01
9.742366671562194824e-01
9.744599461555480957e-01
9.705312848091125488e-01
9.708015918731689453e-01
9.711364507675170898e-01
9.714232683181762695e-01
9.716243743896484375e-01
9.719498157501220703e-01
9.720443487167358398e-01
9.720695018768310547e-01
9.722449779510498047e-01
9.723859429359436035e-01
9.724918007850646973e-01
9.725747704505920410e-01
9.726439118385314941e-01
9.727116823196411133e-01
9.727689623832702637e-01
9.728177785873413086e-01
9.727925062179565430e-01
9.729329943656921387e-01
9.729797244071960449e-01
9.729934334754943848e-01
9.731093645095825195e-01
9.731001257896423340e-01
9.731389284133911133e-01
9.732117652893066406e-01
9.732007384300231934e-01
9.732744693756103516e-01
9.732947945594787598e-01
9.734115004539489746e-01
9.733858704566955566e-01
9.735344648361206055e-01
9.735409617424011230e-01
9.736217856407165527e-01
9.736023545265197754e-01
9.736340641975402832e-01
9.737251996994018555e-01
9.737733006477355957e-01
9.737916588783264160e-01
9.739141464233398438e-01
9.739458560943603516e-01
9.739718437194824219e-01
9.739604592323303223e-01
9.741021990776062012e-01
9.739772081375122070e-01
9.740417599678039551e-01
9.742017984390258789e-01
9.740617275238037109e-01
9.742149710655212402e-01
9.742760062217712402e-01
9.743002653121948242e-01
9.743509888648986816e-01
9.743508696556091309e-01
9.744243621826171875e-01
9.744513630867004395e-01
9.745091199874877930e-01
9.745203256607055664e-01
9.745246171951293945e-01
9.745414853096008301e-01
9.746305346488952637e-01
9.746295213699340820e-01
9.745665788650512695e-01
9.746590852737426758e-01
9.747260212898254395e-01
9.748671054840087891e-01
9.747348427772521973e-01
9.748359918594360352e-01
9.747717976570129395e-01
9.749085903167724609e-01
9.748778939247131348e-01
9.748894572257995605e-01
9.750118851661682129e-01
9.751213788986206055e-01
9.750986695289611816e-01
9.751517176628112793e-01
9.752123355865478516e-01
9.751057624816894531e-01
9.751511812210083008e-01
9.751875996589660645e-01
9.751985669136047363e-01
9.753277301788330078e-01
9.753713607788085938e-01
9.753890037536621094e-01
9.753387570381164551e-01
9.753441810607910156e-01
9.755548238754272461e-01
9.755102992057800293e-01
9.755684137344360352e-01
9.755396246910095215e-01
9.759588837623596191e-01
9.760186672210693359e-01
9.760727286338806152e-01
9.760773777961730957e-01
9.760970473289489746e-01
9.761801958084106445e-01
9.760343432426452637e-01
9.762894511222839355e-01
9.762715697288513184e-01
9.762147068977355957e-01
9.731205701828002930e-01
9.731619954109191895e-01
9.732357859611511230e-01
9.732924103736877441e-01
9.733763337135314941e-01
9.734225273132324219e-01
9.734818935394287109e-01
9.735460877418518066e-01
9.736225008964538574e-01
9.736896157264709473e-01
9.737551808357238770e-01
9.738302230834960938e-01
9.739403724670410156e-01
9.740064740180969238e-01
9.740810394287109375e-01
9.741070866584777832e-01
9.742131233215332031e-01
9.742416143417358398e-01
9.743568897247314453e-01
9.743849039077758789e-01
9.744339585304260254e-01
9.745194315910339355e-01
9.745428562164306641e-01
9.745723009109497070e-01
9.746450185775756836e-01
9.747210741043090820e-01
9.747062325477600098e-01
9.748142957687377930e-01
9.748561382293701172e-01
9.748875498771667480e-01
9.748818278312683105e-01
9.749587178230285645e-01
9.749641418457031250e-01
9.750380516052246094e-01
9.750645756721496582e-01
9.750838279724121094e-01
9.750746488571166992e-01
9.751383066177368164e-01
9.751600027084350586e-01
