7.790316939353942871e-01
8.265818357467651367e-01
8.522698283195495605e-01
8.686985969543457031e-01
8.788259029388427734e-01
8.907858729362487793e-01
8.959941267967224121e-01
8.994984030723571777e-01
9.032599925994873047e-01
9.076966643333435059e-01
9.107832312583923340e-01
9.113618135452270508e-01
9.145447611808776855e-01
9.148018956184387207e-01
9.192386865615844727e-01
9.202674031257629395e-01
9.192386269569396973e-01
9.198817610740661621e-01
9.207497239112854004e-01
9.233859777450561523e-01
9.240291118621826172e-01
9.240291714668273926e-01
9.256044030189514160e-01
9.264724850654602051e-01
9.259580969810485840e-01
9.284657835960388184e-01
9.313914775848388672e-01
9.308128952980041504e-01
9.297518730163574219e-01
9.313914775848388672e-01
9.342206120491027832e-01
9.335777163505554199e-01
9.333205223083496094e-01
9.360210299491882324e-01
9.362140297889709473e-01
9.372107386589050293e-01
9.372105598449707031e-01
9.370177984237670898e-01
9.375964999198913574e-01
9.387217760086059570e-01
9.384002089500427246e-01
9.375000000000000000e-01
9.388182163238525391e-01
9.405222535133361816e-01
9.401040673255920410e-01
9.411330223083496094e-01
9.400719404220581055e-01
9.395254850387573242e-01
9.429333806037902832e-01
9.413902759552001953e-01
9.424510598182678223e-01
9.418723583221435547e-01
9.421617984771728516e-01
9.430941939353942871e-01
9.414544701576232910e-01
9.406828880310058594e-01
9.435764551162719727e-01
9.423546195030212402e-01
9.419688582420349121e-01
9.424831867218017578e-01
9.420009851455688477e-01
9.432548284530639648e-01
9.427727460861206055e-01
9.428369998931884766e-01
9.427082538604736328e-01
9.427404999732971191e-01
9.428691267967224121e-01
9.428691267967224121e-01
9.428690671920776367e-01
9.431263208389282227e-01
9.428689479827880859e-01
9.410365223884582520e-01
9.426761269569396973e-01
9.431907534599304199e-01
9.429013133049011230e-01
9.426119327545166016e-01
9.428047537803649902e-01
9.431906342506408691e-01
9.413259029388427734e-01
9.425476789474487305e-01
9.445729851722717285e-01
9.443157911300659180e-01
9.428046941757202148e-01
9.444125294685363770e-01
9.427404999732971191e-01
9.441228508949279785e-01
9.431584477424621582e-01
9.447982311248779297e-01
9.402970075607299805e-01
9.423869252204895020e-01
9.431585669517517090e-01
9.422904253005981445e-01
9.433513879776000977e-01
9.437049031257629395e-01
9.435764551162719727e-01
9.446372389793395996e-01
9.421938657760620117e-01
9.447659254074096680e-01
9.432227611541748047e-01
9.419689774513244629e-01
8.949652314186096191e-01
8.956038355827331543e-01
8.978788256645202637e-01
8.980284929275512695e-01
8.978884220123291016e-01
8.992358446121215820e-01
8.980085849761962891e-01
8.979685902595520020e-01
8.971105217933654785e-01
8.986271619796752930e-01
8.980582952499389648e-01
8.972201347351074219e-01
8.975793123245239258e-01
8.974695205688476562e-01
8.978288173675537109e-01
8.962023258209228516e-01
8.994653820991516113e-01
8.960427641868591309e-01
8.971502184867858887e-01
8.966913223266601562e-01
8.965818285942077637e-01
8.978189826011657715e-01
8.965417146682739258e-01
8.966415524482727051e-01
8.979486227035522461e-01
8.983874917030334473e-01
8.989163041114807129e-01
8.980982303619384766e-01
8.978088498115539551e-01
8.974295258522033691e-01
8.974596858024597168e-01
8.982377052307128906e-01
8.977890014648437500e-01
8.969906568527221680e-01
8.981881737709045410e-01
8.976989984512329102e-01
8.985770940780639648e-01
8.987269997596740723e-01
8.973996639251708984e-01
8.978087306022644043e-01
8.972002863883972168e-01
8.968709111213684082e-01
8.980783820152282715e-01
8.971205353736877441e-01
8.990260958671569824e-01
8.992355465888977051e-01
8.978587985038757324e-01
8.973102569580078125e-01
8.981181979179382324e-01
8.976094722747802734e-01
8.972401022911071777e-01
8.988165855407714844e-01
8.970009684562683105e-01
8.992056250572204590e-01
8.974596261978149414e-01
8.976991772651672363e-01
8.993755578994750977e-01
8.989362120628356934e-01
8.985473513603210449e-01
8.989362120628356934e-01
8.982878923416137695e-01
8.988665938377380371e-01
8.984573483467102051e-01
8.991459012031555176e-01
8.993154764175415039e-01
8.989661931991577148e-01
8.998042941093444824e-01
8.985971212387084961e-01
8.990364670753479004e-01
8.990162611007690430e-01
8.998245000839233398e-01
8.988563418388366699e-01
9.003732800483703613e-01
9.004929661750793457e-01
8.984475135803222656e-01
8.991957306861877441e-01
8.990361690521240234e-01
8.991858959197998047e-01
9.005228877067565918e-01
9.011513590812683105e-01
8.997042179107666016e-01
9.008319973945617676e-01
9.003333449363708496e-01
9.010915756225585938e-01
9.020694494247436523e-01
9.001835584640502930e-01
9.013210535049438477e-01
9.007423520088195801e-01
8.996645808219909668e-01
9.009119868278503418e-01
9.020391702651977539e-01
9.001140594482421875e-01
9.009718894958496094e-01
9.006723761558532715e-01
9.016898870468139648e-01
9.001836776733398438e-01
9.012512564659118652e-01
9.010215997695922852e-01
9.008920788764953613e-01
9.010417461395263672e-01
