1.811825186014175415e-01
1.275591701269149780e-01
1.031552478671073914e-01
8.518212288618087769e-02
7.155933231115341187e-02
6.115340068936347961e-02
5.287908762693405151e-02
4.695589467883110046e-02
4.238290712237358093e-02
3.847039118409156799e-02
3.581520915031433105e-02
3.382460027933120728e-02
3.192247077822685242e-02
3.115066140890121460e-02
3.044522367417812347e-02
2.883791737258434296e-02
2.854306623339653015e-02
2.789536118507385254e-02
2.753229811787605286e-02
2.701583690941333771e-02
2.661579102277755737e-02
2.615437097847461700e-02
2.561417222023010254e-02
2.524968795478343964e-02
2.469572611153125763e-02
2.447262220084667206e-02
2.407743968069553375e-02
2.408648468554019928e-02
2.391686849296092987e-02
2.372092567384243011e-02
2.319784462451934814e-02
2.342697605490684509e-02
2.299919910728931427e-02
2.264514751732349396e-02
2.294373884797096252e-02
2.290186658501625061e-02
2.251544222235679626e-02
2.218102850019931793e-02
2.216574177145957947e-02
2.211086079478263855e-02
2.245359867811203003e-02
2.200531028211116791e-02
2.190655097365379333e-02
2.167971618473529816e-02
2.150259353220462799e-02
2.161797508597373962e-02
2.163317799568176270e-02
2.136726677417755127e-02
2.135436795651912689e-02
2.133078686892986298e-02
2.119084075093269348e-02
2.112790942192077637e-02
2.113060280680656433e-02
2.100517787039279938e-02
2.084519900381565094e-02
2.101655676960945129e-02
2.076230570673942566e-02
2.089199423789978027e-02
2.046694420278072357e-02
2.043819427490234375e-02
2.053651772439479828e-02
2.037709020078182220e-02
2.054377831518650055e-02
2.051312103867530823e-02
3.740653395652770996e-02
3.523850068449974060e-02
3.422380238771438599e-02
3.330261632800102234e-02
3.263560310006141663e-02
3.203195333480834961e-02
3.159416839480400085e-02
3.116976283490657806e-02
3.089871257543563843e-02
3.055916540324687958e-02
3.006083145737648010e-02
2.991278283298015594e-02
2.934076264500617981e-02
2.901020459830760956e-02
2.885001525282859802e-02
2.854851447045803070e-02
2.856747806072235107e-02
2.804023772478103638e-02
2.777053415775299072e-02
2.762989327311515808e-02
2.749246545135974884e-02
2.720571868121623993e-02
2.681216225028038025e-02
2.657996676862239838e-02
2.647971734404563904e-02
2.625495195388793945e-02
2.605975233018398285e-02
2.557598799467086792e-02
2.558612264692783356e-02
2.543959952890872955e-02
2.499750629067420959e-02
2.499189041554927826e-02
2.454306744039058685e-02
2.433457039296627045e-02
2.411593869328498840e-02
2.405494451522827148e-02
2.371834963560104370e-02
2.365298196673393250e-02
2.349602431058883667e-02
2.316157706081867218e-02
2.282981388270854950e-02
2.305257692933082581e-02
2.259629406034946442e-02
2.246779948472976685e-02
2.215843461453914642e-02
2.181603945791721344e-02
2.175869978964328766e-02
2.174056507647037506e-02
2.153737843036651611e-02
2.128507010638713837e-02
2.115749195218086243e-02
2.097310870885848999e-02
2.080683782696723938e-02
2.080008387565612793e-02
2.030852623283863068e-02
2.017582580447196960e-02
1.989747583866119385e-02
1.986745372414588928e-02
1.974071189761161804e-02
1.953077316284179688e-02
1.931472495198249817e-02
1.942557096481323242e-02
1.923635974526405334e-02
1.887574978172779083e-02
1.893120445311069489e-02
1.866928301751613617e-02
1.864172704517841339e-02
1.836820878088474274e-02
1.820278353989124298e-02
1.802550069987773895e-02
1.810436882078647614e-02
1.791669800877571106e-02
1.796544902026653290e-02
1.772103086113929749e-02
1.776436530053615570e-02
1.770261488854885101e-02
1.742599904537200928e-02
1.726458780467510223e-02
1.728980056941509247e-02
1.719819568097591400e-02
1.694260537624359131e-02
1.697012409567832947e-02
1.683586090803146362e-02
1.683600805699825287e-02
1.672609336674213409e-02
1.658135652542114258e-02
1.664444617927074432e-02
1.642392762005329132e-02
1.644050143659114838e-02
1.628517732024192810e-02
1.628043688833713531e-02
1.616673544049263000e-02
1.617687381803989410e-02
1.604066044092178345e-02
1.601410098373889923e-02
1.598656550049781799e-02
1.583220064640045166e-02
1.580092497169971466e-02
1.576993800699710846e-02
1.575620844960212708e-02
