8.512250781059265137e-01
8.534820675849914551e-01
8.606467247009277344e-01
9.230947494506835938e-01
9.365503787994384766e-01
9.401512145996093750e-01
9.425047039985656738e-01
9.443231225013732910e-01
9.462154507637023926e-01
9.467087388038635254e-01
9.467183947563171387e-01
9.476410150527954102e-01
9.483286142349243164e-01
9.486129283905029297e-01
9.491443634033203125e-01
9.501582384109497070e-01
9.502951502799987793e-01
9.509523510932922363e-01
9.507956504821777344e-01
9.515230655670166016e-01
9.510075449943542480e-01
9.508633017539978027e-01
9.522202014923095703e-01
9.515405893325805664e-01
9.521847963333129883e-01
9.520930051803588867e-01
9.529243111610412598e-01
9.520860910415649414e-01
9.530613422393798828e-01
9.528128504753112793e-01
9.532414674758911133e-01
9.529018998146057129e-01
9.526171088218688965e-01
9.534428119659423828e-01
9.529907107353210449e-01
9.526938199996948242e-01
9.538564682006835938e-01
9.534568786621093750e-01
9.534301161766052246e-01
9.542666077613830566e-01
9.543421864509582520e-01
9.538316726684570312e-01
9.536015987396240234e-01
9.544890522956848145e-01
9.536390900611877441e-01
9.539802670478820801e-01
9.540154933929443359e-01
9.536156058311462402e-01
9.538221955299377441e-01
9.543600082397460938e-01
9.544270634651184082e-01
9.538809657096862793e-01
