4.567457363009452820e-02
4.405975714325904846e-02
3.963183239102363586e-02
9.959558025002479553e-03
4.593913443386554718e-03
3.280686214566230774e-03
2.716253511607646942e-03
2.390406560152769089e-03
2.111017936840653419e-03
1.988710137084126472e-03
1.923903706483542919e-03
1.834852388128638268e-03
1.727394177578389645e-03
1.713306526653468609e-03
1.587490667589008808e-03
1.507138484157621861e-03
1.548923202790319920e-03
1.411258708685636520e-03
1.409351360052824020e-03
1.401803456246852875e-03
1.418998697772622108e-03
1.378991059027612209e-03
1.262429985217750072e-03
1.293819746933877468e-03
1.254050759598612785e-03
1.255210256204009056e-03
1.202001003548502922e-03
1.251893583685159683e-03
1.158801373094320297e-03
1.142542576417326927e-03
1.137490035034716129e-03
1.167108886875212193e-03
1.144131412729620934e-03
1.112281112000346184e-03
1.136956736445426941e-03
1.175094861537218094e-03
1.088339602574706078e-03
1.066696015186607838e-03
1.131964265368878841e-03
1.026298268698155880e-03
1.015669899061322212e-03
1.036944449879229069e-03
1.071649836376309395e-03
1.013068016618490219e-03
1.041520503349602222e-03
1.027860678732395172e-03
9.617825271561741829e-04
1.018185983411967754e-03
1.025436213240027428e-03
9.688729769550263882e-04
9.957902366295456886e-04
9.717312059365212917e-04
