9.175947449999999606e+01
1.408224297999999806e+02
1.890322352999999964e+02
2.382516872999999862e+02
2.836125953000000095e+02
3.296721529000000146e+02
3.755657445999999595e+02
4.206729187999999908e+02
4.664678690999999731e+02
5.118069435999999541e+02
5.575490187999999989e+02
6.030267618999999968e+02
6.483335360999999466e+02
6.939002715000000308e+02
7.390797182000000021e+02
7.858266297000000122e+02
8.314023627000000261e+02
8.768555176999999503e+02
9.312321084999999812e+02
1.031768852100000004e+03
1.078600099300000011e+03
1.126556294900000012e+03
1.164673931000000039e+03
1.202443972600000052e+03
1.238364172399999916e+03
1.275563606700000037e+03
1.312666677799999889e+03
1.348797800300000063e+03
1.387734731699999884e+03
1.426067369999999983e+03
1.464581455199999937e+03
1.502191485999999941e+03
1.538212461399999938e+03
1.574787786800000049e+03
1.613420651299999918e+03
1.651861822999999958e+03
1.690162304799999902e+03
1.728433672800000068e+03
1.766663174900000058e+03
1.803088464400000021e+03
1.838601618700000017e+03
1.874373949199999970e+03
1.910511584699999958e+03
1.946458403500000031e+03
1.982430849300000091e+03
2.018445786300000009e+03
2.107032105100000081e+03
2.201808965100000023e+03
2.305433259100000214e+03
2.406341147800000272e+03
2.507014287899999999e+03
2.607607852900000125e+03
