1.253603100776672363e-01
4.740600660443305969e-02
4.566239565610885620e-02
4.567198827862739563e-02
4.558027535676956177e-02
4.559941217303276062e-02
4.568028077483177185e-02
4.581681638956069946e-02
4.146217554807662964e-02
4.155894741415977478e-02
4.138560593128204346e-02
4.140954837203025818e-02
4.154888540506362915e-02
4.146183654665946960e-02
4.151194170117378235e-02
4.144340381026268005e-02
4.141127318143844604e-02
4.140405729413032532e-02
4.137823730707168579e-02
4.143445566296577454e-02
4.145167022943496704e-02
