1.217881143093109131e-01
1.030273362994194031e-01
9.068953245878219604e-02
8.102861791849136353e-02
7.363369315862655640e-02
6.686498969793319702e-02
6.245324760675430298e-02
5.882114171981811523e-02
5.486343055963516235e-02
5.184321478009223938e-02
4.898797720670700073e-02
4.596092924475669861e-02
4.369713738560676575e-02
4.151550680398941040e-02
3.959836810827255249e-02
3.815466538071632385e-02
3.714536875486373901e-02
3.517769277095794678e-02
3.364028409123420715e-02
3.222888708114624023e-02
3.120452724397182465e-02
2.988328970968723297e-02
2.859523892402648926e-02
2.815399132668972015e-02
2.704948373138904572e-02
2.561696246266365051e-02
2.512542903423309326e-02
2.374462224543094635e-02
2.285150997340679169e-02
2.130202576518058777e-02
2.028199285268783569e-02
1.993183046579360962e-02
1.910394057631492615e-02
1.815336383879184723e-02
1.790699921548366547e-02
1.680385880172252655e-02
1.639323122799396515e-02
1.562066841870546341e-02
1.528450008481740952e-02
1.482239831238985062e-02
1.453833654522895813e-02
1.385448500514030457e-02
1.370009966194629669e-02
1.290533412247896194e-02
1.255416404455900192e-02
1.244419347494840622e-02
1.197364088147878647e-02
1.156215649098157883e-02
1.101513206958770752e-02
1.115271914750337601e-02
1.054509915411472321e-02
1.051866449415683746e-02
1.001848373562097549e-02
9.901477023959159851e-03
9.792475029826164246e-03
9.494348429143428802e-03
9.103547781705856323e-03
8.977556601166725159e-03
8.686574175953865051e-03
8.664181455969810486e-03
8.520658127963542938e-03
8.319597691297531128e-03
8.241949602961540222e-03
8.054742589592933655e-03
7.861312478780746460e-03
7.803138811141252518e-03
7.787213660776615143e-03
7.438275031745433807e-03
7.435660809278488159e-03
7.303406484425067902e-03
7.433025632053613663e-03
6.927040405571460724e-03
6.959914229810237885e-03
6.961544509977102280e-03
6.855724845081567764e-03
6.550331600010395050e-03
6.805604789406061172e-03
6.545080337673425674e-03
6.654146593064069748e-03
6.453307811170816422e-03
6.152413785457611084e-03
6.260463502258062363e-03
6.346514914184808731e-03
6.058834958821535110e-03
6.114186253398656845e-03
6.099256221204996109e-03
5.949872080236673355e-03
5.995613988488912582e-03
5.755719728767871857e-03
5.799613893032073975e-03
5.780844483524560928e-03
5.692251026630401611e-03
5.786989815533161163e-03
5.638931877911090851e-03
5.519438534975051880e-03
5.556727759540081024e-03
5.486696027219295502e-03
5.478235427290201187e-03
5.468390882015228271e-03
5.412382073700428009e-03
1.386884413659572601e-02
1.352919265627861023e-02
1.323752012103796005e-02
1.295923069119453430e-02
1.273916475474834442e-02
1.259741000831127167e-02
1.232075318694114685e-02
1.233221776783466339e-02
1.226106751710176468e-02
1.202665735036134720e-02
1.181687228381633759e-02
1.176136732101440430e-02
1.166679244488477707e-02
1.160677894949913025e-02
1.158609148114919662e-02
1.131036877632141113e-02
1.107146218419075012e-02
1.111861132085323334e-02
1.094459369778633118e-02
1.096099335700273514e-02
1.094491593539714813e-02
1.066441182047128677e-02
1.050422806292772293e-02
1.043848507106304169e-02
1.034266036003828049e-02
1.044149603694677353e-02
1.026376709342002869e-02
1.028217561542987823e-02
1.000932417809963226e-02
1.004458684474229813e-02
9.849173948168754578e-03
9.910968132317066193e-03
9.777765721082687378e-03
9.698600508272647858e-03
9.701201692223548889e-03
9.565712884068489075e-03
9.488172829151153564e-03
9.474960155785083771e-03
9.342202916741371155e-03
9.301561862230300903e-03
9.327121078968048096e-03
9.194349870085716248e-03
9.240438230335712433e-03
9.125140495598316193e-03
9.028436616063117981e-03
8.966401219367980957e-03
8.874816820025444031e-03
8.892241865396499634e-03
8.860420435667037964e-03
8.776758797466754913e-03
8.781163021922111511e-03
8.682209067046642303e-03
8.597097359597682953e-03
8.511891588568687439e-03
8.544051088392734528e-03
8.410988375544548035e-03
8.475099690258502960e-03
8.364588022232055664e-03
8.316197432577610016e-03
8.205735124647617340e-03
8.234853856265544891e-03
8.141678757965564728e-03
8.131816983222961426e-03
8.120583370327949524e-03
8.054506033658981323e-03
7.995216175913810730e-03
7.933454588055610657e-03
7.874793373048305511e-03
7.874380797147750854e-03
7.853342220187187195e-03
7.798124104738235474e-03
7.728766184300184250e-03
7.634237874299287796e-03
7.652600761502981186e-03
7.631497457623481750e-03
7.578296121209859848e-03
7.535550743341445923e-03
7.465609349310398102e-03
7.474989164620637894e-03
7.507384754717350006e-03
7.489067502319812775e-03
7.328510284423828125e-03
7.357605732977390289e-03
7.334279827773571014e-03
7.304213941097259521e-03
7.305991835892200470e-03
7.218037266284227371e-03
7.246502675116062164e-03
7.128649391233921051e-03
7.149587385356426239e-03
7.079287897795438766e-03
7.133923936635255814e-03
7.045294158160686493e-03
7.013756316155195236e-03
6.967422552406787872e-03
6.977637298405170441e-03
6.937705446034669876e-03
6.859062239527702332e-03
6.841836497187614441e-03
6.803964730352163315e-03
